"date","Tair","SW","year","month","day","hour"
2013-01-01 00:30:00,31.72892,-4.706778,2013,1,1,0
2013-01-01 00:59:59,31.13135,-4.975303,2013,1,1,0
2013-01-01 01:30:00,30.57782,-4.821807,2013,1,1,1
2013-01-01 02:00:00,29.24901,-4.44912,2013,1,1,2
2013-01-01 02:29:59,28.88196,-3.586011,2013,1,1,2
2013-01-01 03:00:00,30.05483,-3.214032,2013,1,1,3
2013-01-01 03:30:00,30.37074,-4.366329,2013,1,1,3
2013-01-01 03:59:59,30.27145,-4.253304,2013,1,1,3
2013-01-01 04:30:00,29.9359,-4.501334,2013,1,1,4
2013-01-01 05:00:00,29.29255,-3.269186,2013,1,1,5
2013-01-01 05:29:59,28.23744,14.53008,2013,1,1,5
2013-01-01 06:00:00,28.33368,94.90881,2013,1,1,6
2013-01-01 06:30:00,28.83869,141.0012,2013,1,1,6
2013-01-01 06:59:59,29.6217,266.7039,2013,1,1,6
2013-01-01 07:30:00,31.86894,428.7424,2013,1,1,7
2013-01-01 08:00:00,33.76124,255.5168,2013,1,1,8
2013-01-01 08:29:59,35.08503,654.268,2013,1,1,8
2013-01-01 09:00:00,36.15298,755.8549,2013,1,1,9
2013-01-01 09:30:00,37.00393,782.3503,2013,1,1,9
2013-01-01 09:59:59,37.58529,917.1018,2013,1,1,9
2013-01-01 10:30:00,37.95507,977.3286,2013,1,1,10
2013-01-01 11:00:00,38.60151,1028.143,2013,1,1,11
2013-01-01 11:29:59,38.85596,1070.377,2013,1,1,11
2013-01-01 12:00:00,39.18069,1075.935,2013,1,1,12
2013-01-01 12:30:00,39.62183,1158.947,2013,1,1,12
2013-01-01 12:59:59,39.75984,851.2939,2013,1,1,12
2013-01-01 13:30:00,39.9931,810.5636,2013,1,1,13
2013-01-01 14:00:00,39.82288,543.1674,2013,1,1,14
2013-01-01 14:29:59,40.26369,537.7396,2013,1,1,14
2013-01-01 15:00:00,39.99526,270.1027,2013,1,1,15
2013-01-01 15:30:00,40.43002,603.5221,2013,1,1,15
2013-01-01 15:59:59,40.84294,668.3388,2013,1,1,15
2013-01-01 16:30:00,40.6866,340.2675,2013,1,1,16
2013-01-01 17:00:00,40.76426,309.4373,2013,1,1,17
2013-01-01 17:29:59,41.24932,370.239,2013,1,1,17
2013-01-01 18:00:00,40.70895,235.6634,2013,1,1,18
2013-01-01 18:30:00,40.55798,65.14778,2013,1,1,18
2013-01-01 18:59:59,40.24665,12.95697,2013,1,1,18
2013-01-01 19:30:00,39.79419,-4.516119,2013,1,1,19
2013-01-01 20:00:00,39.54697,-4.378789,2013,1,1,20
2013-01-01 20:29:59,39.05241,-4.592994,2013,1,1,20
2013-01-01 21:00:00,38.54477,-3.731837,2013,1,1,21
2013-01-01 21:30:00,38.50582,-4.527923,2013,1,1,21
2013-01-01 21:59:59,36.82053,-5.023809,2013,1,1,21
2013-01-01 22:30:00,37.33978,-5.079928,2013,1,1,22
2013-01-01 23:00:00,36.30759,-4.677776,2013,1,1,23
2013-01-01 23:29:59,33.73856,-4.032261,2013,1,1,23
2013-01-02 00:00:00,32.81579,-3.392238,2013,1,2,0
2013-01-02 00:30:00,32.30018,-3.649811,2013,1,2,0
2013-01-02 00:59:59,31.56964,-4.315191,2013,1,2,0
2013-01-02 01:30:00,30.94543,-4.417037,2013,1,2,1
2013-01-02 02:00:00,30.49854,-4.345991,2013,1,2,2
2013-01-02 02:29:59,30.16085,-3.757046,2013,1,2,2
2013-01-02 03:00:00,30.07916,-3.337759,2013,1,2,3
2013-01-02 03:30:00,29.68923,-3.54619,2013,1,2,3
2013-01-02 03:59:59,29.0158,-4.261004,2013,1,2,3
2013-01-02 04:30:00,28.21126,-4.442716,2013,1,2,4
2013-01-02 05:00:00,27.79885,-3.078475,2013,1,2,5
2013-01-02 05:29:59,27.65876,9.53883,2013,1,2,5
2013-01-02 06:00:00,27.4544,42.94259,2013,1,2,6
2013-01-02 06:30:00,28.62375,133.6322,2013,1,2,6
2013-01-02 06:59:59,30.73707,264.8668,2013,1,2,6
2013-01-02 07:30:00,32.08464,426.3565,2013,1,2,7
2013-01-02 08:00:00,33.52014,258.3026,2013,1,2,8
2013-01-02 08:29:59,34.03889,645.4552,2013,1,2,8
2013-01-02 09:00:00,34.69576,746.458,2013,1,2,9
2013-01-02 09:30:00,35.12476,777.7883,2013,1,2,9
2013-01-02 09:59:59,35.86757,906.0485,2013,1,2,9
2013-01-02 10:30:00,37.32325,962.0604,2013,1,2,10
2013-01-02 11:00:00,38.13759,1007.825,2013,1,2,11
2013-01-02 11:29:59,39.05705,1041.106,2013,1,2,11
2013-01-02 12:00:00,39.59329,1034.095,2013,1,2,12
2013-01-02 12:30:00,40.13815,1034.892,2013,1,2,12
2013-01-02 12:59:59,40.57424,1069.794,2013,1,2,12
2013-01-02 13:30:00,40.64219,451.9911,2013,1,2,13
2013-01-02 14:00:00,40.72512,446.0726,2013,1,2,14
2013-01-02 14:29:59,40.69615,578.7136,2013,1,2,14
2013-01-02 15:00:00,41.12249,819.8063,2013,1,2,15
2013-01-02 15:30:00,41.38997,712.2274,2013,1,2,15
2013-01-02 15:59:59,41.4025,291.1289,2013,1,2,15
2013-01-02 16:30:00,41.15332,253.2226,2013,1,2,16
2013-01-02 17:00:00,41.45351,307.6154,2013,1,2,17
2013-01-02 17:29:59,41.04719,108.3931,2013,1,2,17
2013-01-02 18:00:00,40.853,41.05305,2013,1,2,18
2013-01-02 18:30:00,36.17087,12.59413,2013,1,2,18
2013-01-02 18:59:59,35.10636,13.00159,2013,1,2,18
2013-01-02 19:30:00,34.70006,-3.063883,2013,1,2,19
2013-01-02 20:00:00,34.34872,-4.164558,2013,1,2,20
2013-01-02 20:29:59,34.0949,-4.1396,2013,1,2,20
2013-01-02 21:00:00,33.70649,-3.748576,2013,1,2,21
2013-01-02 21:30:00,33.68646,-3.744116,2013,1,2,21
2013-01-02 21:59:59,33.38792,-4.133218,2013,1,2,21
2013-01-02 22:30:00,32.70984,-4.505795,2013,1,2,22
2013-01-02 23:00:00,31.99404,-4.400511,2013,1,2,23
2013-01-02 23:29:59,31.54043,-4.493998,2013,1,2,23
2013-01-03 00:00:00,31.00207,-4.545737,2013,1,3,0
2013-01-03 00:30:00,30.61012,-4.227648,2013,1,3,0
2013-01-03 00:59:59,30.44508,-3.591021,2013,1,3,0
2013-01-03 01:30:00,30.39146,-3.169205,2013,1,3,1
2013-01-03 02:00:00,30.35648,-3.487899,2013,1,3,2
2013-01-03 02:29:59,30.26473,-3.596825,2013,1,3,2
2013-01-03 03:00:00,30.09088,-3.626017,2013,1,3,3
2013-01-03 03:30:00,29.82091,-3.895643,2013,1,3,3
2013-01-03 03:59:59,29.03864,-3.813874,2013,1,3,3
2013-01-03 04:30:00,28.41953,-3.521636,2013,1,3,4
2013-01-03 05:00:00,28.06578,-2.290589,2013,1,3,5
2013-01-03 05:29:59,27.68369,6.364865,2013,1,3,5
2013-01-03 06:00:00,27.4122,32.67917,2013,1,3,6
2013-01-03 06:30:00,28.64584,132.2379,2013,1,3,6
2013-01-03 06:59:59,30.09708,252.2134,2013,1,3,6
2013-01-03 07:30:00,30.68141,422.1151,2013,1,3,7
2013-01-03 08:00:00,30.86933,266.4225,2013,1,3,8
2013-01-03 08:29:59,31.5145,650.1029,2013,1,3,8
2013-01-03 09:00:00,32.30604,748.2283,2013,1,3,9
2013-01-03 09:30:00,32.72838,780.1151,2013,1,3,9
2013-01-03 09:59:59,33.50897,923.8328,2013,1,3,9
2013-01-03 10:30:00,34.22538,992.4111,2013,1,3,10
2013-01-03 11:00:00,34.84348,1018.966,2013,1,3,11
2013-01-03 11:29:59,35.58649,1060.458,2013,1,3,11
2013-01-03 12:00:00,36.29674,1059.363,2013,1,3,12
2013-01-03 12:30:00,37.01035,978.44,2013,1,3,12
2013-01-03 12:59:59,37.75664,1030.887,2013,1,3,12
2013-01-03 13:30:00,38.17684,1039.668,2013,1,3,13
2013-01-03 14:00:00,38.26234,985.7075,2013,1,3,14
2013-01-03 14:29:59,38.58134,952.0941,2013,1,3,14
2013-01-03 15:00:00,38.62833,792.4033,2013,1,3,15
2013-01-03 15:30:00,38.39112,349.9478,2013,1,3,15
2013-01-03 15:59:59,38.58667,556.0555,2013,1,3,15
2013-01-03 16:30:00,38.15447,335.8419,2013,1,3,16
2013-01-03 17:00:00,38.03821,438.9338,2013,1,3,17
2013-01-03 17:29:59,37.55931,247.6105,2013,1,3,17
2013-01-03 18:00:00,37.02961,156.0798,2013,1,3,18
2013-01-03 18:30:00,36.56862,127.9488,2013,1,3,18
2013-01-03 18:59:59,35.44342,34.26795,2013,1,3,18
2013-01-03 19:30:00,34.53278,-2.967285,2013,1,3,19
2013-01-03 20:00:00,33.94883,-5.407282,2013,1,3,20
2013-01-03 20:29:59,33.42059,-5.354627,2013,1,3,20
2013-01-03 21:00:00,32.57125,-5.253041,2013,1,3,21
2013-01-03 21:30:00,31.74254,-4.915298,2013,1,3,21
2013-01-03 21:59:59,31.14868,-3.403641,2013,1,3,21
2013-01-03 22:30:00,30.5989,-2.964365,2013,1,3,22
2013-01-03 23:00:00,30.07166,-2.970553,2013,1,3,23
2013-01-03 23:29:59,29.60291,-3.331823,2013,1,3,23
2013-01-04 00:00:00,28.88649,-3.121622,2013,1,4,0
2013-01-04 00:30:00,28.23917,-4.30003,2013,1,4,0
2013-01-04 00:59:59,27.27231,-4.319685,2013,1,4,0
2013-01-04 01:30:00,26.25664,-4.036963,2013,1,4,1
2013-01-04 02:00:00,25.32518,-4.046906,2013,1,4,2
2013-01-04 02:29:59,24.2475,-3.949679,2013,1,4,2
2013-01-04 03:00:00,23.26715,-3.72863,2013,1,4,3
2013-01-04 03:30:00,22.18566,-3.453061,2013,1,4,3
2013-01-04 03:59:59,21.29597,-3.616963,2013,1,4,3
2013-01-04 04:30:00,20.52832,-3.565622,2013,1,4,4
2013-01-04 05:00:00,19.99352,-2.926647,2013,1,4,5
2013-01-04 05:29:59,19.50192,13.29792,2013,1,4,5
2013-01-04 06:00:00,19.37557,85.20574,2013,1,4,6
2013-01-04 06:30:00,19.52579,141.9493,2013,1,4,6
2013-01-04 06:59:59,19.67811,252.7025,2013,1,4,6
2013-01-04 07:30:00,19.83294,428.4336,2013,1,4,7
2013-01-04 08:00:00,20.18594,268.569,2013,1,4,8
2013-01-04 08:29:59,20.85762,659.0702,2013,1,4,8
2013-01-04 09:00:00,20.99288,760.6778,2013,1,4,9
2013-01-04 09:30:00,21.6942,794.8364,2013,1,4,9
2013-01-04 09:59:59,22.24877,934.2847,2013,1,4,9
2013-01-04 10:30:00,23.32958,999.2634,2013,1,4,10
2013-01-04 11:00:00,24.23951,1049.951,2013,1,4,11
2013-01-04 11:29:59,24.97366,1076.556,2013,1,4,11
2013-01-04 12:00:00,26.15624,1097.179,2013,1,4,12
2013-01-04 12:30:00,27.05922,1107.147,2013,1,4,12
2013-01-04 12:59:59,27.84673,1093.701,2013,1,4,12
2013-01-04 13:30:00,28.65855,1067.148,2013,1,4,13
2013-01-04 14:00:00,29.41316,1021.307,2013,1,4,14
2013-01-04 14:29:59,30.04855,964.8358,2013,1,4,14
2013-01-04 15:00:00,30.57611,894.6489,2013,1,4,15
2013-01-04 15:30:00,30.73594,810.9418,2013,1,4,15
2013-01-04 15:59:59,31.18715,715.2888,2013,1,4,15
2013-01-04 16:30:00,31.14005,609.1985,2013,1,4,16
2013-01-04 17:00:00,31.24287,493.3279,2013,1,4,17
2013-01-04 17:29:59,31.41386,370.1721,2013,1,4,17
2013-01-04 18:00:00,31.41974,249.9711,2013,1,4,18
2013-01-04 18:30:00,31.19381,136.5044,2013,1,4,18
2013-01-04 18:59:59,30.65746,39.06308,2013,1,4,18
2013-01-04 19:30:00,29.78958,-4.575546,2013,1,4,19
2013-01-04 20:00:00,28.99568,-6.800406,2013,1,4,20
2013-01-04 20:29:59,28.17947,-6.563265,2013,1,4,20
2013-01-04 21:00:00,27.48324,-6.400233,2013,1,4,21
2013-01-04 21:30:00,26.75647,-6.078844,2013,1,4,21
2013-01-04 21:59:59,26.79297,-5.59814,2013,1,4,21
2013-01-04 22:30:00,26.27351,-5.979163,2013,1,4,22
2013-01-04 23:00:00,25.77495,-5.633474,2013,1,4,23
2013-01-04 23:29:59,25.39689,-5.516184,2013,1,4,23
2013-01-05 00:00:00,24.98818,-5.154122,2013,1,5,0
2013-01-05 00:30:00,24.71288,-4.873063,2013,1,5,0
2013-01-05 00:59:59,24.40162,-4.62755,2013,1,5,0
2013-01-05 01:30:00,24.14303,-4.378346,2013,1,5,1
2013-01-05 02:00:00,23.83146,-4.091001,2013,1,5,2
2013-01-05 02:29:59,23.30848,-3.928138,2013,1,5,2
2013-01-05 03:00:00,22.30064,-3.72806,2013,1,5,3
2013-01-05 03:30:00,21.47307,-3.438797,2013,1,5,3
2013-01-05 03:59:59,21.01666,-3.305382,2013,1,5,3
2013-01-05 04:30:00,20.51923,-3.448986,2013,1,5,4
2013-01-05 05:00:00,19.98479,-2.454187,2013,1,5,5
2013-01-05 05:29:59,19.63199,13.37328,2013,1,5,5
2013-01-05 06:00:00,19.54292,80.83968,2013,1,5,6
2013-01-05 06:30:00,19.66648,137.2176,2013,1,5,6
2013-01-05 06:59:59,19.82001,241.5244,2013,1,5,6
2013-01-05 07:30:00,20.37594,415.7136,2013,1,5,7
2013-01-05 08:00:00,20.91361,268.8818,2013,1,5,8
2013-01-05 08:29:59,21.77123,648.3259,2013,1,5,8
2013-01-05 09:00:00,22.59412,750.8956,2013,1,5,9
2013-01-05 09:30:00,23.40049,782.8305,2013,1,5,9
2013-01-05 09:59:59,24.60426,916.2563,2013,1,5,9
2013-01-05 10:30:00,25.7084,978.4037,2013,1,5,10
2013-01-05 11:00:00,26.93924,1026.645,2013,1,5,11
2013-01-05 11:29:59,27.84363,1057.554,2013,1,5,11
2013-01-05 12:00:00,28.56804,1074.695,2013,1,5,12
2013-01-05 12:30:00,29.96317,1075.465,2013,1,5,12
2013-01-05 12:59:59,30.80057,1061.723,2013,1,5,12
2013-01-05 13:30:00,31.81404,1032.027,2013,1,5,13
2013-01-05 14:00:00,32.74404,988.5063,2013,1,5,14
2013-01-05 14:29:59,33.22937,932.3469,2013,1,5,14
2013-01-05 15:00:00,33.87564,860.4469,2013,1,5,15
2013-01-05 15:30:00,34.54315,777.1408,2013,1,5,15
2013-01-05 15:59:59,34.8983,680.4341,2013,1,5,15
2013-01-05 16:30:00,35.19122,576.2714,2013,1,5,16
2013-01-05 17:00:00,35.49696,461.9156,2013,1,5,17
2013-01-05 17:29:59,35.53557,346.0829,2013,1,5,17
2013-01-05 18:00:00,35.57886,232.5061,2013,1,5,18
2013-01-05 18:30:00,35.40853,125.3994,2013,1,5,18
2013-01-05 18:59:59,35.06401,36.09817,2013,1,5,18
2013-01-05 19:30:00,34.50074,-2.784454,2013,1,5,19
2013-01-05 20:00:00,34.01786,-4.962991,2013,1,5,20
2013-01-05 20:29:59,33.53523,-4.844678,2013,1,5,20
2013-01-05 21:00:00,33.09966,-4.732375,2013,1,5,21
2013-01-05 21:30:00,32.64794,-4.699667,2013,1,5,21
2013-01-05 21:59:59,32.26557,-4.489686,2013,1,5,21
2013-01-05 22:30:00,31.85995,-4.440379,2013,1,5,22
2013-01-05 23:00:00,31.45613,-4.342512,2013,1,5,23
2013-01-05 23:29:59,31.09155,-4.245672,2013,1,5,23
2013-01-06 00:00:00,30.71229,-4.077135,2013,1,6,0
2013-01-06 00:30:00,30.43694,-3.651523,2013,1,6,0
2013-01-06 00:59:59,30.21098,-3.304747,2013,1,6,0
2013-01-06 01:30:00,29.98582,-3.488872,2013,1,6,1
2013-01-06 02:00:00,29.85438,-3.230331,2013,1,6,2
2013-01-06 02:29:59,29.74567,-3.102505,2013,1,6,2
2013-01-06 03:00:00,29.66406,-3.498846,2013,1,6,3
2013-01-06 03:30:00,29.30534,-3.508747,2013,1,6,3
2013-01-06 03:59:59,28.94289,-3.086809,2013,1,6,3
2013-01-06 04:30:00,28.6094,-3.041982,2013,1,6,4
2013-01-06 05:00:00,28.18283,-2.064968,2013,1,6,5
2013-01-06 05:29:59,28.0528,9.231946,2013,1,6,5
2013-01-06 06:00:00,27.97651,32.96756,2013,1,6,6
2013-01-06 06:30:00,28.02502,47.18025,2013,1,6,6
2013-01-06 06:59:59,28.13872,78.50269,2013,1,6,6
2013-01-06 07:30:00,28.29754,96.19388,2013,1,6,7
2013-01-06 08:00:00,28.84823,190.2721,2013,1,6,8
2013-01-06 08:29:59,29.50914,199.8759,2013,1,6,8
2013-01-06 09:00:00,29.77511,127.8721,2013,1,6,9
2013-01-06 09:30:00,29.69444,123.6614,2013,1,6,9
2013-01-06 09:59:59,29.12635,103.5328,2013,1,6,9
2013-01-06 10:30:00,28.8631,163.3353,2013,1,6,10
2013-01-06 11:00:00,29.11349,253.4375,2013,1,6,11
2013-01-06 11:29:59,29.44771,272.1541,2013,1,6,11
2013-01-06 12:00:00,29.92421,272.9234,2013,1,6,12
2013-01-06 12:30:00,30.71628,390.5996,2013,1,6,12
2013-01-06 12:59:59,31.10161,275.6297,2013,1,6,12
2013-01-06 13:30:00,31.28166,198.3728,2013,1,6,13
2013-01-06 14:00:00,31.43119,196.3518,2013,1,6,14
2013-01-06 14:29:59,31.46864,120.6883,2013,1,6,14
2013-01-06 15:00:00,31.49708,91.90167,2013,1,6,15
2013-01-06 15:30:00,31.57843,74.62392,2013,1,6,15
2013-01-06 15:59:59,31.69107,136.8587,2013,1,6,15
2013-01-06 16:30:00,32.10025,209.2687,2013,1,6,16
2013-01-06 17:00:00,32.37411,99.25775,2013,1,6,17
2013-01-06 17:29:59,32.40101,59.49479,2013,1,6,17
2013-01-06 18:00:00,32.32773,32.61164,2013,1,6,18
2013-01-06 18:30:00,32.39129,27.93685,2013,1,6,18
2013-01-06 18:59:59,32.48517,4.754355,2013,1,6,18
2013-01-06 19:30:00,32.46012,-2.172393,2013,1,6,19
2013-01-06 20:00:00,32.29465,-2.925427,2013,1,6,20
2013-01-06 20:29:59,32.11003,-3.102208,2013,1,6,20
2013-01-06 21:00:00,31.90891,-2.831745,2013,1,6,21
2013-01-06 21:30:00,31.52598,-3.497836,2013,1,6,21
2013-01-06 21:59:59,30.97969,-4.152481,2013,1,6,21
2013-01-06 22:30:00,30.51551,-3.813541,2013,1,6,22
2013-01-06 23:00:00,30.47659,-2.990463,2013,1,6,23
2013-01-06 23:29:59,30.3599,-2.594304,2013,1,6,23
2013-01-07 00:00:00,30.31549,-3.159087,2013,1,7,0
2013-01-07 00:30:00,30.13949,-3.867609,2013,1,7,0
2013-01-07 00:59:59,29.84791,-3.401015,2013,1,7,0
2013-01-07 01:30:00,29.49981,-3.468568,2013,1,7,1
2013-01-07 02:00:00,29.1367,-3.471721,2013,1,7,2
2013-01-07 02:29:59,29.21733,-2.973772,2013,1,7,2
2013-01-07 03:00:00,29.27496,-2.69997,2013,1,7,3
2013-01-07 03:30:00,29.15894,-2.27602,2013,1,7,3
2013-01-07 03:59:59,28.83992,-1.992882,2013,1,7,3
2013-01-07 04:30:00,28.62102,-2.052337,2013,1,7,4
2013-01-07 05:00:00,28.55206,-1.925195,2013,1,7,5
2013-01-07 05:29:59,28.28723,14.70706,2013,1,7,5
2013-01-07 06:00:00,28.16098,59.67177,2013,1,7,6
2013-01-07 06:30:00,28.33482,99.63116,2013,1,7,6
2013-01-07 06:59:59,28.71016,112.2003,2013,1,7,6
2013-01-07 07:30:00,29.59419,325.9366,2013,1,7,7
2013-01-07 08:00:00,31.12448,339.979,2013,1,7,8
2013-01-07 08:29:59,32.3177,653.6046,2013,1,7,8
2013-01-07 09:00:00,33.64929,738.1769,2013,1,7,9
2013-01-07 09:30:00,34.79525,755.2411,2013,1,7,9
2013-01-07 09:59:59,36.05312,831.004,2013,1,7,9
2013-01-07 10:30:00,37.30377,1048.693,2013,1,7,10
2013-01-07 11:00:00,38.21584,1004.649,2013,1,7,11
2013-01-07 11:29:59,38.53794,1032.839,2013,1,7,11
2013-01-07 12:00:00,39.07545,1046.091,2013,1,7,12
2013-01-07 12:30:00,40.20399,1047.715,2013,1,7,12
2013-01-07 12:59:59,40.72847,1035.995,2013,1,7,12
2013-01-07 13:30:00,41.29781,1006.588,2013,1,7,13
2013-01-07 14:00:00,41.71838,959.1908,2013,1,7,14
2013-01-07 14:29:59,42.41254,930.3237,2013,1,7,14
2013-01-07 15:00:00,42.55306,626.7145,2013,1,7,15
2013-01-07 15:30:00,42.79089,567.0463,2013,1,7,15
2013-01-07 15:59:59,43.37074,553.8844,2013,1,7,15
2013-01-07 16:30:00,43.08138,204.12,2013,1,7,16
2013-01-07 17:00:00,43.19954,292.2555,2013,1,7,17
2013-01-07 17:29:59,43.50884,268.4285,2013,1,7,17
2013-01-07 18:00:00,43.68771,233.4957,2013,1,7,18
2013-01-07 18:30:00,43.365,89.96245,2013,1,7,18
2013-01-07 18:59:59,43.03903,16.07852,2013,1,7,18
2013-01-07 19:30:00,42.37856,-4.178694,2013,1,7,19
2013-01-07 20:00:00,41.6385,-4.551881,2013,1,7,20
2013-01-07 20:29:59,41.21412,-4.184852,2013,1,7,20
2013-01-07 21:00:00,40.67295,-4.313831,2013,1,7,21
2013-01-07 21:30:00,40.17918,-4.482534,2013,1,7,21
2013-01-07 21:59:59,39.80353,-4.841679,2013,1,7,21
2013-01-07 22:30:00,38.63245,-4.605701,2013,1,7,22
2013-01-07 23:00:00,36.03574,-4.567396,2013,1,7,23
2013-01-07 23:29:59,35.60142,-4.10259,2013,1,7,23
2013-01-08 00:00:00,35.00252,-4.493851,2013,1,8,0
2013-01-08 00:30:00,34.40298,-4.395455,2013,1,8,0
2013-01-08 00:59:59,33.95589,-4.326183,2013,1,8,0
2013-01-08 01:30:00,33.57558,-4.881834,2013,1,8,1
2013-01-08 02:00:00,33.1444,-5.110362,2013,1,8,2
2013-01-08 02:29:59,32.52348,-5.209713,2013,1,8,2
2013-01-08 03:00:00,31.77643,-5.288066,2013,1,8,3
2013-01-08 03:30:00,31.01907,-5.352582,2013,1,8,3
2013-01-08 03:59:59,30.35366,-5.278038,2013,1,8,3
2013-01-08 04:30:00,29.75389,-5.246627,2013,1,8,4
2013-01-08 05:00:00,29.04046,-4.700913,2013,1,8,5
2013-01-08 05:29:59,28.40311,8.118104,2013,1,8,5
2013-01-08 06:00:00,28.22957,70.46119,2013,1,8,6
2013-01-08 06:30:00,28.678,131.6939,2013,1,8,6
2013-01-08 06:59:59,29.99475,281.4358,2013,1,8,6
2013-01-08 07:30:00,31.07091,400.9548,2013,1,8,7
2013-01-08 08:00:00,31.90256,283.1864,2013,1,8,8
2013-01-08 08:29:59,32.72675,619.429,2013,1,8,8
2013-01-08 09:00:00,33.77179,719.58,2013,1,8,9
2013-01-08 09:30:00,35.37455,755.0626,2013,1,8,9
2013-01-08 09:59:59,36.29859,890.9583,2013,1,8,9
2013-01-08 10:30:00,37.79671,961.9571,2013,1,8,10
2013-01-08 11:00:00,38.89577,1011.87,2013,1,8,11
2013-01-08 11:29:59,39.75405,1041.348,2013,1,8,11
2013-01-08 12:00:00,40.78683,983.8774,2013,1,8,12
2013-01-08 12:30:00,41.57001,1083.759,2013,1,8,12
2013-01-08 12:59:59,42.41677,1046.847,2013,1,8,12
2013-01-08 13:30:00,43.22821,1037.689,2013,1,8,13
2013-01-08 14:00:00,44.03391,973.365,2013,1,8,14
2013-01-08 14:29:59,44.23195,877.7417,2013,1,8,14
2013-01-08 15:00:00,44.44083,749.4915,2013,1,8,15
2013-01-08 15:30:00,44.66254,426.9111,2013,1,8,15
2013-01-08 15:59:59,44.95879,776.8155,2013,1,8,15
2013-01-08 16:30:00,44.77765,389.1886,2013,1,8,16
2013-01-08 17:00:00,44.77397,301.5107,2013,1,8,17
2013-01-08 17:29:59,44.48948,142.7301,2013,1,8,17
2013-01-08 18:00:00,44.42814,73.10439,2013,1,8,18
2013-01-08 18:30:00,44.17621,62.4864,2013,1,8,18
2013-01-08 18:59:59,43.87001,18.92605,2013,1,8,18
2013-01-08 19:30:00,43.27999,-4.98437,2013,1,8,19
2013-01-08 20:00:00,42.21648,-6.448199,2013,1,8,20
2013-01-08 20:29:59,41.36404,-6.487765,2013,1,8,20
2013-01-08 21:00:00,40.18157,-6.554377,2013,1,8,21
2013-01-08 21:30:00,39.95202,-5.720111,2013,1,8,21
2013-01-08 21:59:59,39.20479,-6.489446,2013,1,8,21
2013-01-08 22:30:00,38.37193,-6.399273,2013,1,8,22
2013-01-08 23:00:00,37.80706,-5.809417,2013,1,8,23
2013-01-08 23:29:59,37.11781,-5.88796,2013,1,8,23
2013-01-09 00:00:00,36.02856,-5.663074,2013,1,9,0
2013-01-09 00:30:00,34.99977,-5.498379,2013,1,9,0
2013-01-09 00:59:59,33.96033,-5.744597,2013,1,9,0
2013-01-09 01:30:00,33.06028,-5.570965,2013,1,9,1
2013-01-09 02:00:00,32.31727,-5.4716,2013,1,9,2
2013-01-09 02:29:59,31.45299,-5.295646,2013,1,9,2
2013-01-09 03:00:00,30.72383,-5.407714,2013,1,9,3
2013-01-09 03:30:00,30.08673,-5.082198,2013,1,9,3
2013-01-09 03:59:59,29.58126,-4.890405,2013,1,9,3
2013-01-09 04:30:00,29.14077,-4.579626,2013,1,9,4
2013-01-09 05:00:00,28.68313,-4.105719,2013,1,9,5
2013-01-09 05:29:59,28.11806,7.969068,2013,1,9,5
2013-01-09 06:00:00,27.71405,71.3502,2013,1,9,6
2013-01-09 06:30:00,28.02852,119.4482,2013,1,9,6
2013-01-09 06:59:59,28.93086,216.4236,2013,1,9,6
2013-01-09 07:30:00,30.62804,390.8949,2013,1,9,7
2013-01-09 08:00:00,31.82764,284.3962,2013,1,9,8
2013-01-09 08:29:59,33.09823,629.8505,2013,1,9,8
2013-01-09 09:00:00,34.26261,730.782,2013,1,9,9
2013-01-09 09:30:00,35.26848,766.2908,2013,1,9,9
2013-01-09 09:59:59,36.56647,896.126,2013,1,9,9
2013-01-09 10:30:00,38.39873,960.0492,2013,1,9,10
2013-01-09 11:00:00,39.91236,1007.415,2013,1,9,11
2013-01-09 11:29:59,41.22332,1042.134,2013,1,9,11
2013-01-09 12:00:00,41.82075,1058.53,2013,1,9,12
2013-01-09 12:30:00,42.36415,1060.87,2013,1,9,12
2013-01-09 12:59:59,43.3056,1047.724,2013,1,9,12
2013-01-09 13:30:00,44.0743,1020.215,2013,1,9,13
2013-01-09 14:00:00,44.61318,977.8968,2013,1,9,14
2013-01-09 14:29:59,45.18892,758.9338,2013,1,9,14
2013-01-09 15:00:00,45.33334,806.9678,2013,1,9,15
2013-01-09 15:30:00,45.02932,327.9317,2013,1,9,15
2013-01-09 15:59:59,45.56784,729.0156,2013,1,9,15
2013-01-09 16:30:00,45.76181,523.9023,2013,1,9,16
2013-01-09 17:00:00,45.4315,335.7445,2013,1,9,17
2013-01-09 17:29:59,45.17087,102.2669,2013,1,9,17
2013-01-09 18:00:00,44.98537,61.86383,2013,1,9,18
2013-01-09 18:30:00,44.74434,34.91252,2013,1,9,18
2013-01-09 18:59:59,44.23825,20.87766,2013,1,9,18
2013-01-09 19:30:00,43.67088,-3.951549,2013,1,9,19
2013-01-09 20:00:00,42.82733,-5.158652,2013,1,9,20
2013-01-09 20:29:59,40.55479,-4.973752,2013,1,9,20
2013-01-09 21:00:00,38.75694,-5.447899,2013,1,9,21
2013-01-09 21:30:00,36.85492,-5.722269,2013,1,9,21
2013-01-09 21:59:59,34.40828,-5.601315,2013,1,9,21
2013-01-09 22:30:00,31.73363,-5.06988,2013,1,9,22
2013-01-09 23:00:00,29.49129,-4.562265,2013,1,9,23
2013-01-09 23:29:59,28.29258,-4.252691,2013,1,9,23
2013-01-10 00:00:00,27.16877,-3.7062,2013,1,10,0
2013-01-10 00:30:00,26.40087,-2.447175,2013,1,10,0
2013-01-10 00:59:59,25.75494,-2.276294,2013,1,10,0
2013-01-10 01:30:00,24.87712,-2.524367,2013,1,10,1
2013-01-10 02:00:00,24.16655,-3.130079,2013,1,10,2
2013-01-10 02:29:59,23.61859,-2.588244,2013,1,10,2
2013-01-10 03:00:00,23.27056,-2.314261,2013,1,10,3
2013-01-10 03:30:00,22.742,-2.044815,2013,1,10,3
2013-01-10 03:59:59,22.35402,-1.981465,2013,1,10,3
2013-01-10 04:30:00,22.06407,-2.009968,2013,1,10,4
2013-01-10 05:00:00,21.85693,-2.498314,2013,1,10,5
2013-01-10 05:29:59,21.53106,8.154878,2013,1,10,5
2013-01-10 06:00:00,21.56881,80.99323,2013,1,10,6
2013-01-10 06:30:00,21.77164,78.59241,2013,1,10,6
2013-01-10 06:59:59,21.37785,68.27123,2013,1,10,6
2013-01-10 07:30:00,21.14479,179.0019,2013,1,10,7
2013-01-10 08:00:00,21.6706,217.0673,2013,1,10,8
2013-01-10 08:29:59,22.31497,623.9043,2013,1,10,8
2013-01-10 09:00:00,23.05858,654.4431,2013,1,10,9
2013-01-10 09:30:00,23.75185,679.6044,2013,1,10,9
2013-01-10 09:59:59,24.71309,893.2894,2013,1,10,9
2013-01-10 10:30:00,26.07706,1002.543,2013,1,10,10
2013-01-10 11:00:00,27.04726,774.9366,2013,1,10,11
2013-01-10 11:29:59,28.13566,873.9451,2013,1,10,11
2013-01-10 12:00:00,29.24028,1023.492,2013,1,10,12
2013-01-10 12:30:00,30.10313,1071.066,2013,1,10,12
2013-01-10 12:59:59,30.86,982.6869,2013,1,10,12
2013-01-10 13:30:00,32.0042,1028.185,2013,1,10,13
2013-01-10 14:00:00,32.56764,910.0436,2013,1,10,14
2013-01-10 14:29:59,33.10534,861.282,2013,1,10,14
2013-01-10 15:00:00,32.57588,657.4479,2013,1,10,15
2013-01-10 15:30:00,31.59032,441.8786,2013,1,10,15
2013-01-10 15:59:59,31.64238,651.4768,2013,1,10,15
2013-01-10 16:30:00,32.15538,588.9842,2013,1,10,16
2013-01-10 17:00:00,32.43031,483.0115,2013,1,10,17
2013-01-10 17:29:59,32.72257,392.7015,2013,1,10,17
2013-01-10 18:00:00,32.80675,251.3353,2013,1,10,18
2013-01-10 18:30:00,32.65168,120.3501,2013,1,10,18
2013-01-10 18:59:59,32.19268,15.33464,2013,1,10,18
2013-01-10 19:30:00,31.9227,-3.247922,2013,1,10,19
2013-01-10 20:00:00,31.36001,-5.382904,2013,1,10,20
2013-01-10 20:29:59,30.49438,-5.42636,2013,1,10,20
2013-01-10 21:00:00,29.59126,-5.524044,2013,1,10,21
2013-01-10 21:30:00,29.06983,-5.597786,2013,1,10,21
2013-01-10 21:59:59,28.70677,-5.344236,2013,1,10,21
2013-01-10 22:30:00,28.30674,-5.38582,2013,1,10,22
2013-01-10 23:00:00,27.93724,-4.554548,2013,1,10,23
2013-01-10 23:29:59,27.6223,-4.226442,2013,1,10,23
2013-01-11 00:00:00,27.23372,-4.847622,2013,1,11,0
2013-01-11 00:30:00,26.4597,-4.521487,2013,1,11,0
2013-01-11 00:59:59,25.53889,-4.42674,2013,1,11,0
2013-01-11 01:30:00,25.37829,-4.154718,2013,1,11,1
2013-01-11 02:00:00,24.83802,-4.055476,2013,1,11,2
2013-01-11 02:29:59,23.68678,-3.828896,2013,1,11,2
2013-01-11 03:00:00,22.83017,-3.134803,2013,1,11,3
2013-01-11 03:30:00,22.18694,-2.766554,2013,1,11,3
2013-01-11 03:59:59,21.79426,-2.354321,2013,1,11,3
2013-01-11 04:30:00,21.39205,-1.886757,2013,1,11,4
2013-01-11 05:00:00,21.1579,-1.930403,2013,1,11,5
2013-01-11 05:29:59,20.97405,2.971725,2013,1,11,5
2013-01-11 06:00:00,21.01008,22.81606,2013,1,11,6
2013-01-11 06:30:00,20.98848,29.66962,2013,1,11,6
2013-01-11 06:59:59,20.82361,96.74542,2013,1,11,6
2013-01-11 07:30:00,20.84994,85.81635,2013,1,11,7
2013-01-11 08:00:00,20.64872,62.42669,2013,1,11,8
2013-01-11 08:29:59,20.66127,130.6132,2013,1,11,8
2013-01-11 09:00:00,21.11079,239.3367,2013,1,11,9
2013-01-11 09:30:00,21.77285,518.4094,2013,1,11,9
2013-01-11 09:59:59,22.62404,609.8666,2013,1,11,9
2013-01-11 10:30:00,22.87595,528.9662,2013,1,11,10
2013-01-11 11:00:00,23.52411,806.2147,2013,1,11,11
2013-01-11 11:29:59,23.97026,543.4708,2013,1,11,11
2013-01-11 12:00:00,24.27144,648.4808,2013,1,11,12
2013-01-11 12:30:00,25.03411,471.0763,2013,1,11,12
2013-01-11 12:59:59,25.30506,628.3583,2013,1,11,12
2013-01-11 13:30:00,26.09001,835.1682,2013,1,11,13
2013-01-11 14:00:00,26.75429,650.2157,2013,1,11,14
2013-01-11 14:29:59,26.95151,403.9149,2013,1,11,14
2013-01-11 15:00:00,27.32335,320.1429,2013,1,11,15
2013-01-11 15:30:00,27.70384,311.9203,2013,1,11,15
2013-01-11 15:59:59,27.88355,184.1337,2013,1,11,15
2013-01-11 16:30:00,27.97968,85.51337,2013,1,11,16
2013-01-11 17:00:00,28.06744,83.29641,2013,1,11,17
2013-01-11 17:29:59,27.99333,52.18011,2013,1,11,17
2013-01-11 18:00:00,27.16021,22.46844,2013,1,11,18
2013-01-11 18:30:00,26.62654,10.9615,2013,1,11,18
2013-01-11 18:59:59,26.33474,2.352624,2013,1,11,18
2013-01-11 19:30:00,26.27879,-1.706921,2013,1,11,19
2013-01-11 20:00:00,26.19919,-1.884352,2013,1,11,20
2013-01-11 20:29:59,26.09648,-1.804391,2013,1,11,20
2013-01-11 21:00:00,26.01814,-1.839063,2013,1,11,21
2013-01-11 21:30:00,26.05034,-2.7514,2013,1,11,21
2013-01-11 21:59:59,26.03239,-2.128345,2013,1,11,21
2013-01-11 22:30:00,26.07208,-1.816185,2013,1,11,22
2013-01-11 23:00:00,25.75133,-1.876707,2013,1,11,23
2013-01-11 23:29:59,25.29889,-2.298135,2013,1,11,23
2013-01-12 00:00:00,24.85337,-1.828169,2013,1,12,0
2013-01-12 00:30:00,24.51891,-2.125644,2013,1,12,0
2013-01-12 00:59:59,24.26682,-2.579602,2013,1,12,0
2013-01-12 01:30:00,24.03336,-1.66026,2013,1,12,1
2013-01-12 02:00:00,23.83594,-1.733432,2013,1,12,2
2013-01-12 02:29:59,23.72996,-1.960839,2013,1,12,2
2013-01-12 03:00:00,23.70335,-1.766526,2013,1,12,3
2013-01-12 03:30:00,23.59893,-1.641983,2013,1,12,3
2013-01-12 03:59:59,23.53507,-1.537349,2013,1,12,3
2013-01-12 04:30:00,23.45179,-1.668879,2013,1,12,4
2013-01-12 05:00:00,22.9402,-6.445582,2013,1,12,5
2013-01-12 05:29:59,22.09039,-8.71804,2013,1,12,5
2013-01-12 06:00:00,21.39831,5.904991,2013,1,12,6
2013-01-12 06:30:00,20.98226,19.70524,2013,1,12,6
2013-01-12 06:59:59,20.69049,27.55375,2013,1,12,6
2013-01-12 07:30:00,20.76136,38.91588,2013,1,12,7
2013-01-12 08:00:00,19.42793,56.72247,2013,1,12,8
2013-01-12 08:29:59,17.76439,64.05511,2013,1,12,8
2013-01-12 09:00:00,16.91641,57.42036,2013,1,12,9
2013-01-12 09:30:00,16.85364,125.0281,2013,1,12,9
2013-01-12 09:59:59,17.16944,262.1982,2013,1,12,9
2013-01-12 10:30:00,17.53141,145.6321,2013,1,12,10
2013-01-12 11:00:00,17.92959,208.5527,2013,1,12,11
2013-01-12 11:29:59,18.17487,167.2692,2013,1,12,11
2013-01-12 12:00:00,17.9746,176.1744,2013,1,12,12
2013-01-12 12:30:00,17.95358,133.8495,2013,1,12,12
2013-01-12 12:59:59,17.86293,82.14817,2013,1,12,12
2013-01-12 13:30:00,17.49127,71.10493,2013,1,12,13
2013-01-12 14:00:00,17.22775,42.21345,2013,1,12,14
2013-01-12 14:29:59,17.28003,43.194,2013,1,12,14
2013-01-12 15:00:00,17.42322,53.66725,2013,1,12,15
2013-01-12 15:30:00,17.51619,34.16918,2013,1,12,15
2013-01-12 15:59:59,17.46474,46.11072,2013,1,12,15
2013-01-12 16:30:00,17.4933,32.98663,2013,1,12,16
2013-01-12 17:00:00,17.45984,32.29694,2013,1,12,17
2013-01-12 17:29:59,17.01948,19.45517,2013,1,12,17
2013-01-12 18:00:00,16.86504,17.27804,2013,1,12,18
2013-01-12 18:30:00,16.7214,12.27132,2013,1,12,18
2013-01-12 18:59:59,16.61218,2.53635,2013,1,12,18
2013-01-12 19:30:00,16.78288,-0.01447068,2013,1,12,19
2013-01-12 20:00:00,16.95775,-0.2039262,2013,1,12,20
2013-01-12 20:29:59,17.06415,-0.1808008,2013,1,12,20
2013-01-12 21:00:00,17.17226,-0.2461716,2013,1,12,21
2013-01-12 21:30:00,16.82619,-0.4281174,2013,1,12,21
2013-01-12 21:59:59,16.29576,-0.4291087,2013,1,12,21
2013-01-12 22:30:00,16.01572,-0.3801029,2013,1,12,22
2013-01-12 23:00:00,15.8388,-0.4547214,2013,1,12,23
2013-01-12 23:29:59,15.78687,-0.2843117,2013,1,12,23
2013-01-13 00:00:00,15.73387,-0.2520119,2013,1,13,0
2013-01-13 00:30:00,15.82443,-0.1915811,2013,1,13,0
2013-01-13 00:59:59,15.98384,-0.2203371,2013,1,13,0
2013-01-13 01:30:00,16.06154,-0.2745868,2013,1,13,1
2013-01-13 02:00:00,16.07922,-0.4364975,2013,1,13,2
2013-01-13 02:29:59,16.09076,-0.4932812,2013,1,13,2
2013-01-13 03:00:00,16.07059,-0.5232141,2013,1,13,3
2013-01-13 03:30:00,16.36406,0.1636815,2013,1,13,3
2013-01-13 03:59:59,16.56027,0.109783,2013,1,13,3
2013-01-13 04:30:00,16.39833,-0.684731,2013,1,13,4
2013-01-13 05:00:00,16.50809,-0.08173668,2013,1,13,5
2013-01-13 05:29:59,16.67807,4.994699,2013,1,13,5
2013-01-13 06:00:00,16.76315,34.356,2013,1,13,6
2013-01-13 06:30:00,16.92255,42.72253,2013,1,13,6
2013-01-13 06:59:59,17.02537,39.33939,2013,1,13,6
2013-01-13 07:30:00,17.2217,43.90367,2013,1,13,7
2013-01-13 08:00:00,17.39715,49.29912,2013,1,13,8
2013-01-13 08:29:59,17.68096,68.4519,2013,1,13,8
2013-01-13 09:00:00,18.15212,94.96967,2013,1,13,9
2013-01-13 09:30:00,18.62898,64.9662,2013,1,13,9
2013-01-13 09:59:59,18.82533,89.72434,2013,1,13,9
2013-01-13 10:30:00,18.83354,80.89122,2013,1,13,10
2013-01-13 11:00:00,18.86585,60.06287,2013,1,13,11
2013-01-13 11:29:59,19.02619,66.83436,2013,1,13,11
2013-01-13 12:00:00,19.04155,147.5074,2013,1,13,12
2013-01-13 12:30:00,19.21143,194.6129,2013,1,13,12
2013-01-13 12:59:59,19.39845,104.7297,2013,1,13,12
2013-01-13 13:30:00,19.42484,97.55054,2013,1,13,13
2013-01-13 14:00:00,19.41518,117.93,2013,1,13,14
2013-01-13 14:29:59,19.49811,242.3938,2013,1,13,14
2013-01-13 15:00:00,19.90445,280.3134,2013,1,13,15
2013-01-13 15:30:00,20.27841,160.3002,2013,1,13,15
2013-01-13 15:59:59,20.36415,187.3122,2013,1,13,15
2013-01-13 16:30:00,20.47662,191.4528,2013,1,13,16
2013-01-13 17:00:00,20.61916,144.7392,2013,1,13,17
2013-01-13 17:29:59,20.63719,79.49333,2013,1,13,17
2013-01-13 18:00:00,20.63624,45.72465,2013,1,13,18
2013-01-13 18:30:00,20.4467,29.78636,2013,1,13,18
2013-01-13 18:59:59,20.27936,13.62203,2013,1,13,18
2013-01-13 19:30:00,20.06317,1.003022,2013,1,13,19
2013-01-13 20:00:00,19.59726,-0.7433279,2013,1,13,20
2013-01-13 20:29:59,19.48516,-0.7383174,2013,1,13,20
2013-01-13 21:00:00,19.48497,-0.1019125,2013,1,13,21
2013-01-13 21:30:00,19.50637,0.005630199,2013,1,13,21
2013-01-13 21:59:59,19.88296,-0.003459573,2013,1,13,21
2013-01-13 22:30:00,19.82653,-0.1047982,2013,1,13,22
2013-01-13 23:00:00,19.77094,-0.09946775,2013,1,13,23
2013-01-13 23:29:59,19.78159,-0.08822002,2013,1,13,23
2013-01-14 00:00:00,19.77482,-0.6739489,2013,1,14,0
2013-01-14 00:30:00,19.69125,-0.7016904,2013,1,14,0
2013-01-14 00:59:59,19.53449,-2.100266,2013,1,14,0
2013-01-14 01:30:00,19.24009,-2.587826,2013,1,14,1
2013-01-14 02:00:00,19.16062,-1.444906,2013,1,14,2
2013-01-14 02:29:59,19.26562,-0.9373804,2013,1,14,2
2013-01-14 03:00:00,19.48528,-0.4365671,2013,1,14,3
2013-01-14 03:30:00,19.67178,-1.640103,2013,1,14,3
2013-01-14 03:59:59,19.83946,-1.785274,2013,1,14,3
2013-01-14 04:30:00,19.93036,-0.4250176,2013,1,14,4
2013-01-14 05:00:00,19.93116,-0.2834347,2013,1,14,5
2013-01-14 05:29:59,20.13062,0.4421407,2013,1,14,5
2013-01-14 06:00:00,19.6911,18.90642,2013,1,14,6
2013-01-14 06:30:00,19.50343,34.93145,2013,1,14,6
2013-01-14 06:59:59,19.47185,69.44974,2013,1,14,6
2013-01-14 07:30:00,19.55584,163.2872,2013,1,14,7
2013-01-14 08:00:00,19.90759,332.395,2013,1,14,8
2013-01-14 08:29:59,20.73888,581.6184,2013,1,14,8
2013-01-14 09:00:00,21.72662,625.9463,2013,1,14,9
2013-01-14 09:30:00,22.70772,478.6918,2013,1,14,9
2013-01-14 09:59:59,23.5731,572.5021,2013,1,14,9
2013-01-14 10:30:00,24.59292,929.6324,2013,1,14,10
2013-01-14 11:00:00,25.58889,998.2251,2013,1,14,11
2013-01-14 11:29:59,26.17573,1035.197,2013,1,14,11
2013-01-14 12:00:00,27.02438,1053.357,2013,1,14,12
2013-01-14 12:30:00,28.37645,1042.324,2013,1,14,12
2013-01-14 12:59:59,29.54016,1027.417,2013,1,14,12
2013-01-14 13:30:00,30.34486,982.2601,2013,1,14,13
2013-01-14 14:00:00,31.21483,958.4805,2013,1,14,14
2013-01-14 14:29:59,31.98133,904.7153,2013,1,14,14
2013-01-14 15:00:00,33.23451,853.6212,2013,1,14,15
2013-01-14 15:30:00,34.05964,765.1709,2013,1,14,15
2013-01-14 15:59:59,34.37611,611.3082,2013,1,14,15
2013-01-14 16:30:00,34.75686,490.909,2013,1,14,16
2013-01-14 17:00:00,35.17176,423.4006,2013,1,14,17
2013-01-14 17:29:59,35.14967,371.8773,2013,1,14,17
2013-01-14 18:00:00,34.62704,230.9837,2013,1,14,18
2013-01-14 18:30:00,34.10381,126.965,2013,1,14,18
2013-01-14 18:59:59,32.88075,31.10625,2013,1,14,18
2013-01-14 19:30:00,31.96831,-2.251679,2013,1,14,19
2013-01-14 20:00:00,31.45399,-3.199382,2013,1,14,20
2013-01-14 20:29:59,30.93508,-3.151455,2013,1,14,20
2013-01-14 21:00:00,30.40554,-3.200554,2013,1,14,21
2013-01-14 21:30:00,29.62384,-3.061535,2013,1,14,21
2013-01-14 21:59:59,29.03574,-2.992722,2013,1,14,21
2013-01-14 22:30:00,28.60907,-2.880834,2013,1,14,22
2013-01-14 23:00:00,28.25628,-2.85421,2013,1,14,23
2013-01-14 23:29:59,27.88219,-2.332069,2013,1,14,23
2013-01-15 00:00:00,27.82343,-1.820719,2013,1,15,0
2013-01-15 00:30:00,27.8586,-2.344956,2013,1,15,0
2013-01-15 00:59:59,27.81724,-1.739854,2013,1,15,0
2013-01-15 01:30:00,27.80826,-1.046422,2013,1,15,1
2013-01-15 02:00:00,27.59502,-1.661771,2013,1,15,2
2013-01-15 02:29:59,27.35669,-1.254377,2013,1,15,2
2013-01-15 03:00:00,27.35115,-0.8267741,2013,1,15,3
2013-01-15 03:30:00,27.27515,-0.9475718,2013,1,15,3
2013-01-15 03:59:59,27.233,-0.9615082,2013,1,15,3
2013-01-15 04:30:00,26.86524,-1.424717,2013,1,15,4
2013-01-15 05:00:00,26.45573,-0.9690724,2013,1,15,5
2013-01-15 05:29:59,26.2598,5.782386,2013,1,15,5
2013-01-15 06:00:00,26.54665,46.34801,2013,1,15,6
2013-01-15 06:30:00,26.78146,110.7327,2013,1,15,6
2013-01-15 06:59:59,27.44803,166.5946,2013,1,15,6
2013-01-15 07:30:00,28.91007,255.3809,2013,1,15,7
2013-01-15 08:00:00,30.74047,384.4533,2013,1,15,8
2013-01-15 08:29:59,32.03616,569.3035,2013,1,15,8
2013-01-15 09:00:00,33.59341,727.9516,2013,1,15,9
2013-01-15 09:30:00,34.38862,722.2873,2013,1,15,9
2013-01-15 09:59:59,34.73626,722.4495,2013,1,15,9
2013-01-15 10:30:00,35.77007,822.1705,2013,1,15,10
2013-01-15 11:00:00,36.81768,804.314,2013,1,15,11
2013-01-15 11:29:59,36.97722,702.731,2013,1,15,11
2013-01-15 12:00:00,37.81747,1099.949,2013,1,15,12
2013-01-15 12:30:00,38.23137,1057.293,2013,1,15,12
2013-01-15 12:59:59,38.56513,1075.32,2013,1,15,12
2013-01-15 13:30:00,39.10619,1002.178,2013,1,15,13
2013-01-15 14:00:00,39.49109,962.7324,2013,1,15,14
2013-01-15 14:29:59,39.93135,910.8877,2013,1,15,14
2013-01-15 15:00:00,40.23748,854.9911,2013,1,15,15
2013-01-15 15:30:00,40.49515,749.8779,2013,1,15,15
2013-01-15 15:59:59,40.71293,652.9807,2013,1,15,15
2013-01-15 16:30:00,40.93406,595.2039,2013,1,15,16
2013-01-15 17:00:00,40.82122,457.2278,2013,1,15,17
2013-01-15 17:29:59,40.52986,341.7751,2013,1,15,17
2013-01-15 18:00:00,40.31124,192.0188,2013,1,15,18
2013-01-15 18:30:00,40.17324,99.5312,2013,1,15,18
2013-01-15 18:59:59,39.73346,11.6157,2013,1,15,18
2013-01-15 19:30:00,38.89152,-2.771416,2013,1,15,19
2013-01-15 20:00:00,38.06451,-2.858818,2013,1,15,20
2013-01-15 20:29:59,37.45718,-3.190712,2013,1,15,20
2013-01-15 21:00:00,36.55585,-4.072028,2013,1,15,21
2013-01-15 21:30:00,32.57942,NA,2013,1,15,21
2013-01-15 21:59:59,33.20789,3.213404,2013,1,15,21
2013-01-15 22:30:00,32.95779,0.07496551,2013,1,15,22
2013-01-15 23:00:00,32.68133,-0.9567021,2013,1,15,23
2013-01-15 23:29:59,29.91215,-2.333338,2013,1,15,23
2013-01-16 00:00:00,28.17847,-1.424537,2013,1,16,0
2013-01-16 00:30:00,27.82553,-5.886428,2013,1,16,0
2013-01-16 00:59:59,27.02383,-9.005174,2013,1,16,0
2013-01-16 01:30:00,26.25103,-4.331932,2013,1,16,1
2013-01-16 02:00:00,25.51679,-3.190022,2013,1,16,2
2013-01-16 02:29:59,25.1697,-0.5393832,2013,1,16,2
2013-01-16 03:00:00,26.35852,-1.441587,2013,1,16,3
2013-01-16 03:30:00,26.91272,-3.737246,2013,1,16,3
2013-01-16 03:59:59,26.25255,-5.721592,2013,1,16,3
2013-01-16 04:30:00,25.90512,-0.4961103,2013,1,16,4
2013-01-16 05:00:00,25.75362,0.0699019,2013,1,16,5
2013-01-16 05:29:59,25.88688,5.841302,2013,1,16,5
2013-01-16 06:00:00,25.62184,57.16841,2013,1,16,6
2013-01-16 06:30:00,25.9897,168.9928,2013,1,16,6
2013-01-16 06:59:59,27.14455,176.5434,2013,1,16,6
2013-01-16 07:30:00,27.65056,207.5,2013,1,16,7
2013-01-16 08:00:00,28.17028,237.3051,2013,1,16,8
2013-01-16 08:29:59,28.57487,268.2473,2013,1,16,8
2013-01-16 09:00:00,29.25113,348.2993,2013,1,16,9
2013-01-16 09:30:00,29.8537,484.2682,2013,1,16,9
2013-01-16 09:59:59,30.37123,404.8232,2013,1,16,9
2013-01-16 10:30:00,30.83936,414.26,2013,1,16,10
2013-01-16 11:00:00,31.50231,796.1703,2013,1,16,11
2013-01-16 11:29:59,32.10534,551.7153,2013,1,16,11
2013-01-16 12:00:00,32.50442,529.8481,2013,1,16,12
2013-01-16 12:30:00,33.43652,846.3306,2013,1,16,12
2013-01-16 12:59:59,33.98613,465.2278,2013,1,16,12
2013-01-16 13:30:00,34.4596,496.5097,2013,1,16,13
2013-01-16 14:00:00,35.57993,632.1829,2013,1,16,14
2013-01-16 14:29:59,36.47496,913.6346,2013,1,16,14
2013-01-16 15:00:00,37.1421,862.745,2013,1,16,15
2013-01-16 15:30:00,37.47593,770.2268,2013,1,16,15
2013-01-16 15:59:59,37.65619,432.8746,2013,1,16,15
2013-01-16 16:30:00,37.63794,303.4868,2013,1,16,16
2013-01-16 17:00:00,38.21426,459.719,2013,1,16,17
2013-01-16 17:29:59,38.29628,330.2701,2013,1,16,17
2013-01-16 18:00:00,38.27253,228.9271,2013,1,16,18
2013-01-16 18:30:00,37.79212,102.7155,2013,1,16,18
2013-01-16 18:59:59,37.19347,21.25918,2013,1,16,18
2013-01-16 19:30:00,36.29886,-2.233451,2013,1,16,19
2013-01-16 20:00:00,35.2885,-4.028663,2013,1,16,20
2013-01-16 20:29:59,34.3428,-3.775394,2013,1,16,20
2013-01-16 21:00:00,33.53552,-3.780046,2013,1,16,21
2013-01-16 21:30:00,32.72998,-3.693371,2013,1,16,21
2013-01-16 21:59:59,31.899,-3.701371,2013,1,16,21
2013-01-16 22:30:00,31.32363,-3.524478,2013,1,16,22
2013-01-16 23:00:00,30.76572,-3.48967,2013,1,16,23
2013-01-16 23:29:59,30.41351,-3.491033,2013,1,16,23
2013-01-17 00:00:00,30.01946,-2.994652,2013,1,17,0
2013-01-17 00:30:00,29.56963,-2.853616,2013,1,17,0
2013-01-17 00:59:59,28.7703,-2.704605,2013,1,17,0
2013-01-17 01:30:00,27.77796,-2.368596,2013,1,17,1
2013-01-17 02:00:00,26.85577,-1.846708,2013,1,17,2
2013-01-17 02:29:59,25.77574,-2.198828,2013,1,17,2
2013-01-17 03:00:00,24.66044,-2.33985,2013,1,17,3
2013-01-17 03:30:00,23.93399,-2.022859,2013,1,17,3
2013-01-17 03:59:59,23.33881,-2.205402,2013,1,17,3
2013-01-17 04:30:00,23.09502,-1.657739,2013,1,17,4
2013-01-17 05:00:00,23.05015,-1.18461,2013,1,17,5
2013-01-17 05:29:59,23.04031,0.6407462,2013,1,17,5
2013-01-17 06:00:00,22.96701,9.033923,2013,1,17,6
2013-01-17 06:30:00,22.58512,16.27547,2013,1,17,6
2013-01-17 06:59:59,22.24324,33.54228,2013,1,17,6
2013-01-17 07:30:00,21.89551,62.71324,2013,1,17,7
2013-01-17 08:00:00,22.13175,134.8947,2013,1,17,8
2013-01-17 08:29:59,22.5201,360.401,2013,1,17,8
2013-01-17 09:00:00,22.94016,477.8193,2013,1,17,9
2013-01-17 09:30:00,23.12651,305.841,2013,1,17,9
2013-01-17 09:59:59,23.23057,247.4996,2013,1,17,9
2013-01-17 10:30:00,22.81311,261.7638,2013,1,17,10
2013-01-17 11:00:00,22.85863,331.2747,2013,1,17,11
2013-01-17 11:29:59,22.65188,257.0135,2013,1,17,11
2013-01-17 12:00:00,22.2253,264.984,2013,1,17,12
2013-01-17 12:30:00,22.67732,515.5372,2013,1,17,12
2013-01-17 12:59:59,22.68869,524.9469,2013,1,17,12
2013-01-17 13:30:00,22.22232,464.1913,2013,1,17,13
2013-01-17 14:00:00,22.51472,316.3094,2013,1,17,14
2013-01-17 14:29:59,23.69464,417.654,2013,1,17,14
2013-01-17 15:00:00,25.27567,666.0899,2013,1,17,15
2013-01-17 15:30:00,26.24109,429.3522,2013,1,17,15
2013-01-17 15:59:59,26.9409,311.7161,2013,1,17,15
2013-01-17 16:30:00,27.41249,245.0954,2013,1,17,16
2013-01-17 17:00:00,27.61743,175.3914,2013,1,17,17
2013-01-17 17:29:59,27.74936,158.8181,2013,1,17,17
2013-01-17 18:00:00,27.7175,139.0023,2013,1,17,18
2013-01-17 18:30:00,27.26302,98.0038,2013,1,17,18
2013-01-17 18:59:59,26.78678,49.00596,2013,1,17,18
2013-01-17 19:30:00,25.82103,-1.398121,2013,1,17,19
2013-01-17 20:00:00,25.12259,-3.398689,2013,1,17,20
2013-01-17 20:29:59,24.64816,-3.264894,2013,1,17,20
2013-01-17 21:00:00,24.12514,-3.049151,2013,1,17,21
2013-01-17 21:30:00,23.58899,-3.26838,2013,1,17,21
2013-01-17 21:59:59,22.98277,-3.608765,2013,1,17,21
2013-01-17 22:30:00,22.3676,-3.792452,2013,1,17,22
2013-01-17 23:00:00,21.78086,-3.947638,2013,1,17,23
2013-01-17 23:29:59,21.21811,-3.593076,2013,1,17,23
2013-01-18 00:00:00,20.15706,-3.938425,2013,1,18,0
2013-01-18 00:30:00,18.6855,-4.075785,2013,1,18,0
2013-01-18 00:59:59,17.46753,-3.637797,2013,1,18,0
2013-01-18 01:30:00,16.64508,-4.167585,2013,1,18,1
2013-01-18 02:00:00,15.92292,-4.430036,2013,1,18,2
2013-01-18 02:29:59,15.216,-4.425067,2013,1,18,2
2013-01-18 03:00:00,14.70051,-4.343276,2013,1,18,3
2013-01-18 03:30:00,14.27029,-4.405684,2013,1,18,3
2013-01-18 03:59:59,13.86584,-4.222838,2013,1,18,3
2013-01-18 04:30:00,13.57046,-4.629444,2013,1,18,4
2013-01-18 05:00:00,13.40953,-4.419291,2013,1,18,5
2013-01-18 05:29:59,13.21348,3.248726,2013,1,18,5
2013-01-18 06:00:00,13.36186,49.0324,2013,1,18,6
2013-01-18 06:30:00,13.47169,105.8348,2013,1,18,6
2013-01-18 06:59:59,13.8994,205.7898,2013,1,18,6
2013-01-18 07:30:00,14.50687,281.6468,2013,1,18,7
2013-01-18 08:00:00,15.17081,436.9413,2013,1,18,8
2013-01-18 08:29:59,15.82514,656.5638,2013,1,18,8
2013-01-18 09:00:00,16.41122,769.1996,2013,1,18,9
2013-01-18 09:30:00,17.23539,850.4814,2013,1,18,9
2013-01-18 09:59:59,17.72106,949.9979,2013,1,18,9
2013-01-18 10:30:00,18.49296,1017.158,2013,1,18,10
2013-01-18 11:00:00,19.12613,1068.421,2013,1,18,11
2013-01-18 11:29:59,20.03527,1103.733,2013,1,18,11
2013-01-18 12:00:00,20.43583,1125.699,2013,1,18,12
2013-01-18 12:30:00,21.43093,1132.36,2013,1,18,12
2013-01-18 12:59:59,21.96222,1120.338,2013,1,18,12
2013-01-18 13:30:00,22.78284,1093.071,2013,1,18,13
2013-01-18 14:00:00,23.8447,1046.865,2013,1,18,14
2013-01-18 14:29:59,24.24178,987.6736,2013,1,18,14
2013-01-18 15:00:00,24.72017,913.7481,2013,1,18,15
2013-01-18 15:30:00,25.31437,829.6882,2013,1,18,15
2013-01-18 15:59:59,25.4905,732.3337,2013,1,18,15
2013-01-18 16:30:00,25.92389,623.0217,2013,1,18,16
2013-01-18 17:00:00,26.02302,505.0928,2013,1,18,17
2013-01-18 17:29:59,26.14818,382.1121,2013,1,18,17
2013-01-18 18:00:00,26.07152,259.3786,2013,1,18,18
2013-01-18 18:30:00,25.85032,143.1486,2013,1,18,18
2013-01-18 18:59:59,25.43474,42.49961,2013,1,18,18
2013-01-18 19:30:00,24.84438,-3.720519,2013,1,18,19
2013-01-18 20:00:00,24.42043,-5.871768,2013,1,18,20
2013-01-18 20:29:59,23.89312,-6.253587,2013,1,18,20
2013-01-18 21:00:00,23.22087,-6.12639,2013,1,18,21
2013-01-18 21:30:00,22.71472,-5.601317,2013,1,18,21
2013-01-18 21:59:59,22.62248,-5.479414,2013,1,18,21
2013-01-18 22:30:00,22.45838,-5.453323,2013,1,18,22
2013-01-18 23:00:00,22.00492,-5.492786,2013,1,18,23
2013-01-18 23:29:59,21.5693,-5.543066,2013,1,18,23
2013-01-19 00:00:00,20.99163,-5.349759,2013,1,19,0
2013-01-19 00:30:00,20.78066,-5.194631,2013,1,19,0
2013-01-19 00:59:59,20.12889,-5.071623,2013,1,19,0
2013-01-19 01:30:00,19.68381,-4.889699,2013,1,19,1
2013-01-19 02:00:00,19.06863,-4.925328,2013,1,19,2
2013-01-19 02:29:59,18.94608,-4.500389,2013,1,19,2
2013-01-19 03:00:00,18.9629,-4.305265,2013,1,19,3
2013-01-19 03:30:00,18.50228,-4.360364,2013,1,19,3
2013-01-19 03:59:59,17.93097,-4.291785,2013,1,19,3
2013-01-19 04:30:00,17.37721,-4.263742,2013,1,19,4
2013-01-19 05:00:00,16.96685,-3.946172,2013,1,19,5
2013-01-19 05:29:59,16.46572,2.240305,2013,1,19,5
2013-01-19 06:00:00,16.34707,54.87127,2013,1,19,6
2013-01-19 06:30:00,16.53351,103.0389,2013,1,19,6
2013-01-19 06:59:59,16.80832,182.0597,2013,1,19,6
2013-01-19 07:30:00,17.15472,261.1755,2013,1,19,7
2013-01-19 08:00:00,17.95861,440.6392,2013,1,19,8
2013-01-19 08:29:59,18.30842,642.3174,2013,1,19,8
2013-01-19 09:00:00,18.93331,751.3447,2013,1,19,9
2013-01-19 09:30:00,19.64221,847.3224,2013,1,19,9
2013-01-19 09:59:59,20.48279,932.1051,2013,1,19,9
2013-01-19 10:30:00,21.13561,1001.644,2013,1,19,10
2013-01-19 11:00:00,22.11584,1054.856,2013,1,19,11
2013-01-19 11:29:59,22.86908,1092.139,2013,1,19,11
2013-01-19 12:00:00,23.67629,1115.902,2013,1,19,12
2013-01-19 12:30:00,24.23369,1118.506,2013,1,19,12
2013-01-19 12:59:59,24.85311,1107.221,2013,1,19,12
2013-01-19 13:30:00,25.64914,1080.005,2013,1,19,13
2013-01-19 14:00:00,26.29207,1036.194,2013,1,19,14
2013-01-19 14:29:59,26.3677,978.9531,2013,1,19,14
2013-01-19 15:00:00,26.88249,909.4303,2013,1,19,15
2013-01-19 15:30:00,27.29141,823.5869,2013,1,19,15
2013-01-19 15:59:59,27.58645,725.9069,2013,1,19,15
2013-01-19 16:30:00,27.83284,616.2272,2013,1,19,16
2013-01-19 17:00:00,28.0596,498.416,2013,1,19,17
2013-01-19 17:29:59,27.97036,377.0714,2013,1,19,17
2013-01-19 18:00:00,27.96775,254.5994,2013,1,19,18
2013-01-19 18:30:00,27.78725,138.652,2013,1,19,18
2013-01-19 18:59:59,27.4699,38.735,2013,1,19,18
2013-01-19 19:30:00,26.9649,-4.596017,2013,1,19,19
2013-01-19 20:00:00,26.34123,-6.460415,2013,1,19,20
2013-01-19 20:29:59,25.78605,-6.062043,2013,1,19,20
2013-01-19 21:00:00,25.02605,-6.25566,2013,1,19,21
2013-01-19 21:30:00,24.26241,-5.962471,2013,1,19,21
2013-01-19 21:59:59,23.91018,-5.494451,2013,1,19,21
2013-01-19 22:30:00,23.37253,-5.790148,2013,1,19,22
2013-01-19 23:00:00,22.83192,-5.785516,2013,1,19,23
2013-01-19 23:29:59,22.23339,-5.458326,2013,1,19,23
2013-01-20 00:00:00,21.68112,-5.17966,2013,1,20,0
2013-01-20 00:30:00,21.26014,-5.160041,2013,1,20,0
2013-01-20 00:59:59,20.9066,-4.908788,2013,1,20,0
2013-01-20 01:30:00,20.76105,-5.027459,2013,1,20,1
2013-01-20 02:00:00,20.33748,-4.787273,2013,1,20,2
2013-01-20 02:29:59,20.1306,-4.925128,2013,1,20,2
2013-01-20 03:00:00,19.60309,-4.565143,2013,1,20,3
2013-01-20 03:30:00,19.42427,-4.478537,2013,1,20,3
2013-01-20 03:59:59,18.88537,-4.726159,2013,1,20,3
2013-01-20 04:30:00,17.89769,-4.89272,2013,1,20,4
2013-01-20 05:00:00,17.40399,-4.439339,2013,1,20,5
2013-01-20 05:29:59,17.0683,1.90599,2013,1,20,5
2013-01-20 06:00:00,16.97789,53.84006,2013,1,20,6
2013-01-20 06:30:00,17.57069,94.11685,2013,1,20,6
2013-01-20 06:59:59,18.53342,173.8992,2013,1,20,6
2013-01-20 07:30:00,19.65909,238.8359,2013,1,20,7
2013-01-20 08:00:00,20.29837,459.1579,2013,1,20,8
2013-01-20 08:29:59,21.27801,639.9626,2013,1,20,8
2013-01-20 09:00:00,22.37705,747.2551,2013,1,20,9
2013-01-20 09:30:00,23.43399,843.4498,2013,1,20,9
2013-01-20 09:59:59,24.85899,924.7634,2013,1,20,9
2013-01-20 10:30:00,26.1468,992.2615,2013,1,20,10
2013-01-20 11:00:00,27.33272,1043.075,2013,1,20,11
2013-01-20 11:29:59,28.32046,1079.014,2013,1,20,11
2013-01-20 12:00:00,29.31374,1096.619,2013,1,20,12
2013-01-20 12:30:00,29.4857,1099.549,2013,1,20,12
2013-01-20 12:59:59,30.21654,1092.06,2013,1,20,12
2013-01-20 13:30:00,30.81997,1063.925,2013,1,20,13
2013-01-20 14:00:00,31.42536,1018.775,2013,1,20,14
2013-01-20 14:29:59,31.862,963.2505,2013,1,20,14
2013-01-20 15:00:00,32.32104,890.616,2013,1,20,15
2013-01-20 15:30:00,32.61353,805.6452,2013,1,20,15
2013-01-20 15:59:59,33.27216,701.9226,2013,1,20,15
2013-01-20 16:30:00,33.104,596.8826,2013,1,20,16
2013-01-20 17:00:00,33.51373,480.9249,2013,1,20,17
2013-01-20 17:29:59,33.72233,362.0445,2013,1,20,17
2013-01-20 18:00:00,33.9854,242.6479,2013,1,20,18
2013-01-20 18:30:00,33.75647,130.8958,2013,1,20,18
2013-01-20 18:59:59,33.33566,35.72668,2013,1,20,18
2013-01-20 19:30:00,32.72948,-4.580356,2013,1,20,19
2013-01-20 20:00:00,31.51719,-6.549058,2013,1,20,20
2013-01-20 20:29:59,30.47239,-5.690441,2013,1,20,20
2013-01-20 21:00:00,30.34611,-5.729344,2013,1,20,21
2013-01-20 21:30:00,30.00192,-5.572185,2013,1,20,21
2013-01-20 21:59:59,29.43821,-5.5245,2013,1,20,21
2013-01-20 22:30:00,28.1937,-5.924594,2013,1,20,22
2013-01-20 23:00:00,28.11535,-4.681207,2013,1,20,23
2013-01-20 23:29:59,27.7271,-4.46478,2013,1,20,23
2013-01-21 00:00:00,26.79284,-5.334389,2013,1,21,0
2013-01-21 00:30:00,26.10395,-4.83531,2013,1,21,0
2013-01-21 00:59:59,26.08899,-3.91821,2013,1,21,0
2013-01-21 01:30:00,25.45417,-4.620628,2013,1,21,1
2013-01-21 02:00:00,24.69309,-4.575224,2013,1,21,2
2013-01-21 02:29:59,24.42132,-4.28828,2013,1,21,2
2013-01-21 03:00:00,24.10387,-4.123401,2013,1,21,3
2013-01-21 03:30:00,24.16001,-4.142629,2013,1,21,3
2013-01-21 03:59:59,24.7361,-3.659997,2013,1,21,3
2013-01-21 04:30:00,24.59617,-4.217054,2013,1,21,4
2013-01-21 05:00:00,24.28793,-4.114418,2013,1,21,5
2013-01-21 05:29:59,24.05494,1.640861,2013,1,21,5
2013-01-21 06:00:00,23.71758,49.55796,2013,1,21,6
2013-01-21 06:30:00,24.04147,84.46832,2013,1,21,6
2013-01-21 06:59:59,25.06396,161.7949,2013,1,21,6
2013-01-21 07:30:00,26.40082,217.9508,2013,1,21,7
2013-01-21 08:00:00,27.75489,466.6455,2013,1,21,8
2013-01-21 08:29:59,28.87699,625.2474,2013,1,21,8
2013-01-21 09:00:00,30.13659,731.9933,2013,1,21,9
2013-01-21 09:30:00,31.1136,829.5975,2013,1,21,9
2013-01-21 09:59:59,32.40369,907.0047,2013,1,21,9
2013-01-21 10:30:00,33.5317,972.333,2013,1,21,10
2013-01-21 11:00:00,34.63963,1022.838,2013,1,21,11
2013-01-21 11:29:59,35.15932,1057.814,2013,1,21,11
2013-01-21 12:00:00,35.72337,1073.678,2013,1,21,12
2013-01-21 12:30:00,36.28764,1074.244,2013,1,21,12
2013-01-21 12:59:59,36.93066,1059.797,2013,1,21,12
2013-01-21 13:30:00,37.53893,1064.239,2013,1,21,13
2013-01-21 14:00:00,38.12839,890.8892,2013,1,21,14
2013-01-21 14:29:59,38.20717,574.6367,2013,1,21,14
2013-01-21 15:00:00,38.1128,497.0263,2013,1,21,15
2013-01-21 15:30:00,38.37015,481.8674,2013,1,21,15
2013-01-21 15:59:59,38.78622,769.7271,2013,1,21,15
2013-01-21 16:30:00,38.82225,495.1799,2013,1,21,16
2013-01-21 17:00:00,39.02616,367.0364,2013,1,21,17
2013-01-21 17:29:59,38.64835,233.8764,2013,1,21,17
2013-01-21 18:00:00,38.85671,240.6101,2013,1,21,18
2013-01-21 18:30:00,38.71567,105.6789,2013,1,21,18
2013-01-21 18:59:59,37.69432,19.82706,2013,1,21,18
2013-01-21 19:30:00,36.8321,-3.074209,2013,1,21,19
2013-01-21 20:00:00,36.22903,-4.43528,2013,1,21,20
2013-01-21 20:29:59,35.69954,-4.70752,2013,1,21,20
2013-01-21 21:00:00,35.43233,-3.073076,2013,1,21,21
2013-01-21 21:30:00,34.10176,-3.921569,2013,1,21,21
2013-01-21 21:59:59,32.14332,-4.403703,2013,1,21,21
2013-01-21 22:30:00,30.20633,-3.993826,2013,1,21,22
2013-01-21 23:00:00,28.73644,-3.058383,2013,1,21,23
2013-01-21 23:29:59,26.92912,-3.469141,2013,1,21,23
2013-01-22 00:00:00,25.85109,-3.175758,2013,1,22,0
2013-01-22 00:30:00,25.03138,-3.447489,2013,1,22,0
2013-01-22 00:59:59,24.4624,-3.448564,2013,1,22,0
2013-01-22 01:30:00,23.54471,-3.523471,2013,1,22,1
2013-01-22 02:00:00,22.54242,-3.413546,2013,1,22,2
2013-01-22 02:29:59,21.79185,-3.311047,2013,1,22,2
2013-01-22 03:00:00,21.30684,-3.306399,2013,1,22,3
2013-01-22 03:30:00,20.82882,-3.073587,2013,1,22,3
2013-01-22 03:59:59,20.51343,-3.3204,2013,1,22,3
2013-01-22 04:30:00,20.23788,-3.265617,2013,1,22,4
2013-01-22 05:00:00,19.9856,-2.983784,2013,1,22,5
2013-01-22 05:29:59,19.73783,1.876328,2013,1,22,5
2013-01-22 06:00:00,19.70013,44.01721,2013,1,22,6
2013-01-22 06:30:00,19.8512,80.49062,2013,1,22,6
2013-01-22 06:59:59,20.22728,156.1483,2013,1,22,6
2013-01-22 07:30:00,20.93382,207.7199,2013,1,22,7
2013-01-22 08:00:00,21.82545,467.4296,2013,1,22,8
2013-01-22 08:29:59,22.92232,515.2914,2013,1,22,8
2013-01-22 09:00:00,23.62094,447.3884,2013,1,22,9
2013-01-22 09:30:00,24.67936,582.778,2013,1,22,9
2013-01-22 09:59:59,25.55755,661.6665,2013,1,22,9
2013-01-22 10:30:00,27.10493,921.045,2013,1,22,10
2013-01-22 11:00:00,28.51672,942.9909,2013,1,22,11
2013-01-22 11:29:59,30.19929,1058.75,2013,1,22,11
2013-01-22 12:00:00,31.65353,852.1116,2013,1,22,12
2013-01-22 12:30:00,32.46276,841.8203,2013,1,22,12
2013-01-22 12:59:59,33.12443,952.1117,2013,1,22,12
2013-01-22 13:30:00,33.50948,949.7069,2013,1,22,13
2013-01-22 14:00:00,33.98683,954.9724,2013,1,22,14
2013-01-22 14:29:59,34.5123,897.7749,2013,1,22,14
2013-01-22 15:00:00,35.0767,898.6703,2013,1,22,15
2013-01-22 15:30:00,35.5826,741.7269,2013,1,22,15
2013-01-22 15:59:59,35.74525,598.5164,2013,1,22,15
2013-01-22 16:30:00,36.28149,596.5676,2013,1,22,16
2013-01-22 17:00:00,36.26175,464.2496,2013,1,22,17
2013-01-22 17:29:59,36.50262,346.3118,2013,1,22,17
2013-01-22 18:00:00,36.56396,229.3082,2013,1,22,18
2013-01-22 18:30:00,36.58085,137.9666,2013,1,22,18
2013-01-22 18:59:59,36.17597,29.29058,2013,1,22,18
2013-01-22 19:30:00,35.54568,-4.205531,2013,1,22,19
2013-01-22 20:00:00,34.74549,-5.157441,2013,1,22,20
2013-01-22 20:29:59,33.76711,-4.970243,2013,1,22,20
2013-01-22 21:00:00,32.81537,-4.682854,2013,1,22,21
2013-01-22 21:30:00,32.15762,-3.43174,2013,1,22,21
2013-01-22 21:59:59,31.63829,-3.441358,2013,1,22,21
2013-01-22 22:30:00,31.13913,-2.936372,2013,1,22,22
2013-01-22 23:00:00,30.74663,-3.700935,2013,1,22,23
2013-01-22 23:29:59,30.42346,-4.638007,2013,1,22,23
2013-01-23 00:00:00,29.80155,-3.996941,2013,1,23,0
2013-01-23 00:30:00,29.28103,-2.701615,2013,1,23,0
2013-01-23 00:59:59,29.08845,-2.663267,2013,1,23,0
2013-01-23 01:30:00,29.24228,-2.092456,2013,1,23,1
2013-01-23 02:00:00,29.28557,-2.27293,2013,1,23,2
2013-01-23 02:29:59,29.0841,-2.515399,2013,1,23,2
2013-01-23 03:00:00,28.72146,-1.949843,2013,1,23,3
2013-01-23 03:30:00,28.38373,-2.166856,2013,1,23,3
2013-01-23 03:59:59,28.07214,-3.200882,2013,1,23,3
2013-01-23 04:30:00,27.4414,-3.444984,2013,1,23,4
2013-01-23 05:00:00,26.95317,-2.995404,2013,1,23,5
2013-01-23 05:29:59,26.39873,-0.6709927,2013,1,23,5
2013-01-23 06:00:00,26.37704,25.16479,2013,1,23,6
2013-01-23 06:30:00,26.27443,62.15088,2013,1,23,6
2013-01-23 06:59:59,26.51782,133.2238,2013,1,23,6
2013-01-23 07:30:00,26.90867,150.5155,2013,1,23,7
2013-01-23 08:00:00,27.80288,472.3818,2013,1,23,8
2013-01-23 08:29:59,28.19894,629.7888,2013,1,23,8
2013-01-23 09:00:00,28.76999,725.1979,2013,1,23,9
2013-01-23 09:30:00,29.42714,617.2681,2013,1,23,9
2013-01-23 09:59:59,29.41481,399.976,2013,1,23,9
2013-01-23 10:30:00,28.79507,608.9398,2013,1,23,10
2013-01-23 11:00:00,28.6378,754.7721,2013,1,23,11
2013-01-23 11:29:59,28.64931,1059.762,2013,1,23,11
2013-01-23 12:00:00,29.80352,1090.676,2013,1,23,12
2013-01-23 12:30:00,31.04693,1046.463,2013,1,23,12
2013-01-23 12:59:59,32.411,1057.71,2013,1,23,12
2013-01-23 13:30:00,32.96716,1013.699,2013,1,23,13
2013-01-23 14:00:00,33.77928,918.5363,2013,1,23,14
2013-01-23 14:29:59,34.86224,946.1659,2013,1,23,14
2013-01-23 15:00:00,35.70015,747.2509,2013,1,23,15
2013-01-23 15:30:00,35.23925,357.6726,2013,1,23,15
2013-01-23 15:59:59,34.22843,65.35921,2013,1,23,15
2013-01-23 16:30:00,32.0844,7.78822,2013,1,23,16
2013-01-23 17:00:00,24.5184,23.16726,2013,1,23,17
2013-01-23 17:29:59,25.00754,31.60004,2013,1,23,17
2013-01-23 18:00:00,23.8696,27.56811,2013,1,23,18
2013-01-23 18:30:00,23.03206,124.2075,2013,1,23,18
2013-01-23 18:59:59,23.39434,56.5054,2013,1,23,18
2013-01-23 19:30:00,23.90773,2.8807,2013,1,23,19
2013-01-23 20:00:00,24.7787,0.9355512,2013,1,23,20
2013-01-23 20:29:59,24.70353,0.4828206,2013,1,23,20
2013-01-23 21:00:00,24.63809,-0.8326735,2013,1,23,21
2013-01-23 21:30:00,24.19463,-1.511455,2013,1,23,21
2013-01-23 21:59:59,23.98323,-1.070801,2013,1,23,21
2013-01-23 22:30:00,24.11605,-1.600855,2013,1,23,22
2013-01-23 23:00:00,24.11514,-2.100791,2013,1,23,23
2013-01-23 23:29:59,24.05804,-1.925098,2013,1,23,23
2013-01-24 00:00:00,24.11409,-2.2038,2013,1,24,0
2013-01-24 00:30:00,24.16257,-1.104969,2013,1,24,0
2013-01-24 00:59:59,24.48631,-1.027715,2013,1,24,0
2013-01-24 01:30:00,24.34521,-1.216129,2013,1,24,1
2013-01-24 02:00:00,24.13601,-1.226981,2013,1,24,2
2013-01-24 02:29:59,24.09414,-0.8483412,2013,1,24,2
2013-01-24 03:00:00,24.10291,-0.8118311,2013,1,24,3
2013-01-24 03:30:00,24.12418,-1.069306,2013,1,24,3
2013-01-24 03:59:59,24.22325,-1.748227,2013,1,24,3
2013-01-24 04:30:00,24.11578,-1.825911,2013,1,24,4
2013-01-24 05:00:00,23.98356,-1.91564,2013,1,24,5
2013-01-24 05:29:59,23.44326,-0.3156075,2013,1,24,5
2013-01-24 06:00:00,21.35668,14.26486,2013,1,24,6
2013-01-24 06:30:00,20.01131,19.48527,2013,1,24,6
2013-01-24 06:59:59,19.63202,28.10792,2013,1,24,6
2013-01-24 07:30:00,19.56624,119.7931,2013,1,24,7
2013-01-24 08:00:00,20.10462,161.5077,2013,1,24,8
2013-01-24 08:29:59,20.29383,249.1357,2013,1,24,8
2013-01-24 09:00:00,20.43668,246.1908,2013,1,24,9
2013-01-24 09:30:00,20.97488,272.1329,2013,1,24,9
2013-01-24 09:59:59,21.25244,719.7088,2013,1,24,9
2013-01-24 10:30:00,21.35508,455.9215,2013,1,24,10
2013-01-24 11:00:00,21.76486,419.4021,2013,1,24,11
2013-01-24 11:29:59,22.53418,506.9743,2013,1,24,11
2013-01-24 12:00:00,23.8454,1042.255,2013,1,24,12
2013-01-24 12:30:00,24.27304,1127.519,2013,1,24,12
2013-01-24 12:59:59,25.20376,1085.742,2013,1,24,12
2013-01-24 13:30:00,25.86226,1060.47,2013,1,24,13
2013-01-24 14:00:00,26.76233,1023.038,2013,1,24,14
2013-01-24 14:29:59,27.43034,969.5593,2013,1,24,14
2013-01-24 15:00:00,28.05779,896.7312,2013,1,24,15
2013-01-24 15:30:00,28.23804,812.9057,2013,1,24,15
2013-01-24 15:59:59,28.33812,720.114,2013,1,24,15
2013-01-24 16:30:00,28.85268,612.3752,2013,1,24,16
2013-01-24 17:00:00,29.10142,496.7975,2013,1,24,17
2013-01-24 17:29:59,29.05806,375.4673,2013,1,24,17
2013-01-24 18:00:00,29.0413,252.7864,2013,1,24,18
2013-01-24 18:30:00,28.54219,135.4116,2013,1,24,18
2013-01-24 18:59:59,28.14772,38.28658,2013,1,24,18
2013-01-24 19:30:00,27.40415,-4.042082,2013,1,24,19
2013-01-24 20:00:00,26.80429,-5.364746,2013,1,24,20
2013-01-24 20:29:59,26.22334,-5.20043,2013,1,24,20
2013-01-24 21:00:00,25.59695,-4.678447,2013,1,24,21
2013-01-24 21:30:00,24.58168,-4.523213,2013,1,24,21
2013-01-24 21:59:59,23.64421,-4.448806,2013,1,24,21
2013-01-24 22:30:00,22.62319,-4.689476,2013,1,24,22
2013-01-24 23:00:00,21.68129,-4.615299,2013,1,24,23
2013-01-24 23:29:59,20.77196,-4.393891,2013,1,24,23
2013-01-25 00:00:00,19.89439,-4.375856,2013,1,25,0
2013-01-25 00:30:00,19.20767,-4.742773,2013,1,25,0
2013-01-25 00:59:59,18.56503,-4.535988,2013,1,25,0
2013-01-25 01:30:00,17.97039,-4.53392,2013,1,25,1
2013-01-25 02:00:00,17.4642,-4.451219,2013,1,25,2
2013-01-25 02:29:59,16.98338,-4.475191,2013,1,25,2
2013-01-25 03:00:00,16.51423,-4.387265,2013,1,25,3
2013-01-25 03:30:00,16.09349,-4.081722,2013,1,25,3
2013-01-25 03:59:59,15.74427,-3.698757,2013,1,25,3
2013-01-25 04:30:00,15.37268,-4.090277,2013,1,25,4
2013-01-25 05:00:00,15.05985,-4.188885,2013,1,25,5
2013-01-25 05:29:59,14.78073,-0.2237684,2013,1,25,5
2013-01-25 06:00:00,14.73486,42.98262,2013,1,25,6
2013-01-25 06:30:00,15.22074,69.02261,2013,1,25,6
2013-01-25 06:59:59,15.77913,159.2067,2013,1,25,6
2013-01-25 07:30:00,16.39316,203.9348,2013,1,25,7
2013-01-25 08:00:00,16.89181,513.9804,2013,1,25,8
2013-01-25 08:29:59,17.387,636.2332,2013,1,25,8
2013-01-25 09:00:00,18.11259,747.1848,2013,1,25,9
2013-01-25 09:30:00,18.52748,846.0776,2013,1,25,9
2013-01-25 09:59:59,19.21911,934.053,2013,1,25,9
2013-01-25 10:30:00,19.96601,1006.823,2013,1,25,10
2013-01-25 11:00:00,20.80087,1064.765,2013,1,25,11
2013-01-25 11:29:59,21.65768,1105.185,2013,1,25,11
2013-01-25 12:00:00,22.71921,1127.487,2013,1,25,12
2013-01-25 12:30:00,23.44929,1133.035,2013,1,25,12
2013-01-25 12:59:59,24.31148,1120.758,2013,1,25,12
2013-01-25 13:30:00,25.33144,1091.586,2013,1,25,13
2013-01-25 14:00:00,25.96778,1049.913,2013,1,25,14
2013-01-25 14:29:59,26.58227,989.1533,2013,1,25,14
2013-01-25 15:00:00,27.18685,915.2152,2013,1,25,15
2013-01-25 15:30:00,27.51234,830.8733,2013,1,25,15
2013-01-25 15:59:59,27.87158,731.4764,2013,1,25,15
2013-01-25 16:30:00,28.23086,619.5085,2013,1,25,16
2013-01-25 17:00:00,28.47881,496.7532,2013,1,25,17
2013-01-25 17:29:59,28.57231,370.7573,2013,1,25,17
2013-01-25 18:00:00,28.5544,247.2664,2013,1,25,18
2013-01-25 18:30:00,28.40591,134.5307,2013,1,25,18
2013-01-25 18:59:59,27.96087,35.2634,2013,1,25,18
2013-01-25 19:30:00,27.14542,-5.672668,2013,1,25,19
2013-01-25 20:00:00,26.41494,-6.978606,2013,1,25,20
2013-01-25 20:29:59,25.68795,-6.842863,2013,1,25,20
2013-01-25 21:00:00,24.82424,-6.894742,2013,1,25,21
2013-01-25 21:30:00,23.95947,-6.398343,2013,1,25,21
2013-01-25 21:59:59,23.58404,-5.941512,2013,1,25,21
2013-01-25 22:30:00,23.26972,-6.189864,2013,1,25,22
2013-01-25 23:00:00,22.9199,-5.665538,2013,1,25,23
2013-01-25 23:29:59,22.54109,-5.788398,2013,1,25,23
2013-01-26 00:00:00,22.02109,-5.710324,2013,1,26,0
2013-01-26 00:30:00,21.42015,-6.088059,2013,1,26,0
2013-01-26 00:59:59,20.69421,-5.716053,2013,1,26,0
2013-01-26 01:30:00,20.27429,-5.184282,2013,1,26,1
2013-01-26 02:00:00,19.90098,-5.115739,2013,1,26,2
2013-01-26 02:29:59,19.63743,-4.949685,2013,1,26,2
2013-01-26 03:00:00,19.38235,-5.023714,2013,1,26,3
2013-01-26 03:30:00,18.88954,-5.007881,2013,1,26,3
2013-01-26 03:59:59,18.01562,-4.754055,2013,1,26,3
2013-01-26 04:30:00,17.73628,-4.890096,2013,1,26,4
2013-01-26 05:00:00,17.3369,-4.844174,2013,1,26,5
2013-01-26 05:29:59,16.87081,-1.310763,2013,1,26,5
2013-01-26 06:00:00,16.61531,41.86647,2013,1,26,6
2013-01-26 06:30:00,17.12871,57.93148,2013,1,26,6
2013-01-26 06:59:59,17.98124,153.2265,2013,1,26,6
2013-01-26 07:30:00,18.78588,193.7198,2013,1,26,7
2013-01-26 08:00:00,19.55584,507.1591,2013,1,26,8
2013-01-26 08:29:59,20.19452,624.5326,2013,1,26,8
2013-01-26 09:00:00,21.15064,732.2899,2013,1,26,9
2013-01-26 09:30:00,22.16915,827.4839,2013,1,26,9
2013-01-26 09:59:59,22.73692,909.3746,2013,1,26,9
2013-01-26 10:30:00,23.59266,977.0077,2013,1,26,10
2013-01-26 11:00:00,24.49734,1029.426,2013,1,26,11
2013-01-26 11:29:59,25.3178,1066.585,2013,1,26,11
2013-01-26 12:00:00,26.15199,1091.635,2013,1,26,12
2013-01-26 12:30:00,26.81942,1094.297,2013,1,26,12
2013-01-26 12:59:59,27.27396,1086.034,2013,1,26,12
2013-01-26 13:30:00,28.01667,1060.072,2013,1,26,13
2013-01-26 14:00:00,28.70431,1019.436,2013,1,26,14
2013-01-26 14:29:59,28.94236,961.2706,2013,1,26,14
2013-01-26 15:00:00,29.69889,885.6016,2013,1,26,15
2013-01-26 15:30:00,30.19088,799.6021,2013,1,26,15
2013-01-26 15:59:59,30.05916,698.9021,2013,1,26,15
2013-01-26 16:30:00,30.58559,591.0557,2013,1,26,16
2013-01-26 17:00:00,30.48649,477.3285,2013,1,26,17
2013-01-26 17:29:59,30.59308,361.1376,2013,1,26,17
2013-01-26 18:00:00,30.44804,241.5511,2013,1,26,18
2013-01-26 18:30:00,30.2619,128.9519,2013,1,26,18
2013-01-26 18:59:59,29.76891,31.89872,2013,1,26,18
2013-01-26 19:30:00,29.1294,-4.78123,2013,1,26,19
2013-01-26 20:00:00,28.57225,-6.152484,2013,1,26,20
2013-01-26 20:29:59,27.9268,-5.808911,2013,1,26,20
2013-01-26 21:00:00,27.48994,-5.817385,2013,1,26,21
2013-01-26 21:30:00,26.88274,-5.855402,2013,1,26,21
2013-01-26 21:59:59,26.16349,-6.046994,2013,1,26,21
2013-01-26 22:30:00,25.54455,-5.571061,2013,1,26,22
2013-01-26 23:00:00,24.95378,-5.171527,2013,1,26,23
2013-01-26 23:29:59,24.57181,-4.935071,2013,1,26,23
2013-01-27 00:00:00,24.43355,-4.736993,2013,1,27,0
2013-01-27 00:30:00,24.27418,-4.723701,2013,1,27,0
2013-01-27 00:59:59,23.88853,-4.798824,2013,1,27,0
2013-01-27 01:30:00,22.86663,-4.941216,2013,1,27,1
2013-01-27 02:00:00,22.36646,-4.253135,2013,1,27,2
2013-01-27 02:29:59,21.894,-4.708815,2013,1,27,2
2013-01-27 03:00:00,21.48371,-4.459692,2013,1,27,3
2013-01-27 03:30:00,21.28407,-4.59241,2013,1,27,3
2013-01-27 03:59:59,20.88564,-4.60322,2013,1,27,3
2013-01-27 04:30:00,20.47764,-4.794528,2013,1,27,4
2013-01-27 05:00:00,19.91315,-4.582747,2013,1,27,5
2013-01-27 05:29:59,19.56212,-1.15748,2013,1,27,5
2013-01-27 06:00:00,19.41104,38.92137,2013,1,27,6
2013-01-27 06:30:00,19.8016,52.73143,2013,1,27,6
2013-01-27 06:59:59,20.26081,160.8323,2013,1,27,6
2013-01-27 07:30:00,20.81844,193.0609,2013,1,27,7
2013-01-27 08:00:00,21.70269,496.8518,2013,1,27,8
2013-01-27 08:29:59,22.63203,612.2649,2013,1,27,8
2013-01-27 09:00:00,23.61741,719.2095,2013,1,27,9
2013-01-27 09:30:00,24.78209,812.0485,2013,1,27,9
2013-01-27 09:59:59,25.76396,892.4526,2013,1,27,9
2013-01-27 10:30:00,26.80722,960.1724,2013,1,27,10
2013-01-27 11:00:00,27.60907,1013.861,2013,1,27,11
2013-01-27 11:29:59,28.59879,1054.599,2013,1,27,11
2013-01-27 12:00:00,29.26757,1077.13,2013,1,27,12
2013-01-27 12:30:00,29.51865,1079.941,2013,1,27,12
2013-01-27 12:59:59,29.97188,1074.181,2013,1,27,12
2013-01-27 13:30:00,30.51643,1048.756,2013,1,27,13
2013-01-27 14:00:00,30.68752,1006.537,2013,1,27,14
2013-01-27 14:29:59,31.21821,949.2382,2013,1,27,14
2013-01-27 15:00:00,31.63005,881.6284,2013,1,27,15
2013-01-27 15:30:00,31.85592,803.0921,2013,1,27,15
2013-01-27 15:59:59,31.94309,637.4849,2013,1,27,15
2013-01-27 16:30:00,32.06139,593.2881,2013,1,27,16
2013-01-27 17:00:00,31.84711,477.1913,2013,1,27,17
2013-01-27 17:29:59,31.59593,357.9293,2013,1,27,17
2013-01-27 18:00:00,31.40871,238.0852,2013,1,27,18
2013-01-27 18:30:00,31.09436,126.1237,2013,1,27,18
2013-01-27 18:59:59,30.43748,32.75717,2013,1,27,18
2013-01-27 19:30:00,29.72122,-4.068125,2013,1,27,19
2013-01-27 20:00:00,29.16849,-5.369111,2013,1,27,20
2013-01-27 20:29:59,28.41897,-5.510677,2013,1,27,20
2013-01-27 21:00:00,27.75583,-5.380403,2013,1,27,21
2013-01-27 21:30:00,27.20795,-4.935252,2013,1,27,21
2013-01-27 21:59:59,26.72508,-4.881947,2013,1,27,21
2013-01-27 22:30:00,26.22687,-4.872698,2013,1,27,22
2013-01-27 23:00:00,25.72252,-4.433137,2013,1,27,23
2013-01-27 23:29:59,25.04979,-4.14585,2013,1,27,23
2013-01-28 00:00:00,24.12756,-4.022692,2013,1,28,0
2013-01-28 00:30:00,22.58453,-3.987248,2013,1,28,0
2013-01-28 00:59:59,20.97478,-3.697532,2013,1,28,0
2013-01-28 01:30:00,19.76399,-3.491318,2013,1,28,1
2013-01-28 02:00:00,19.14238,-3.460402,2013,1,28,2
2013-01-28 02:29:59,18.87219,-3.506007,2013,1,28,2
2013-01-28 03:00:00,18.52025,-3.474799,2013,1,28,3
2013-01-28 03:30:00,18.22975,-3.433188,2013,1,28,3
2013-01-28 03:59:59,17.96097,-3.427183,2013,1,28,3
2013-01-28 04:30:00,17.61694,-3.51011,2013,1,28,4
2013-01-28 05:00:00,17.28488,-3.768009,2013,1,28,5
2013-01-28 05:29:59,17.04047,-0.7905461,2013,1,28,5
2013-01-28 06:00:00,17.09408,21.34839,2013,1,28,6
2013-01-28 06:30:00,17.65865,54.54571,2013,1,28,6
2013-01-28 06:59:59,18.02512,74.02148,2013,1,28,6
2013-01-28 07:30:00,18.23693,128.0586,2013,1,28,7
2013-01-28 08:00:00,18.19302,148.0988,2013,1,28,8
2013-01-28 08:29:59,18.5656,250.0644,2013,1,28,8
2013-01-28 09:00:00,18.97598,377.9919,2013,1,28,9
2013-01-28 09:30:00,19.4284,456.589,2013,1,28,9
2013-01-28 09:59:59,19.42763,499.5642,2013,1,28,9
2013-01-28 10:30:00,19.7494,560.9049,2013,1,28,10
2013-01-28 11:00:00,19.88989,704.7795,2013,1,28,11
2013-01-28 11:29:59,20.41163,991.0349,2013,1,28,11
2013-01-28 12:00:00,21.14574,1009.507,2013,1,28,12
2013-01-28 12:30:00,22.04666,1104.026,2013,1,28,12
2013-01-28 12:59:59,22.70235,1112.451,2013,1,28,12
2013-01-28 13:30:00,23.94,1021.961,2013,1,28,13
2013-01-28 14:00:00,24.62958,1012.963,2013,1,28,14
2013-01-28 14:29:59,25.62984,954.093,2013,1,28,14
2013-01-28 15:00:00,26.25716,886.5235,2013,1,28,15
2013-01-28 15:30:00,26.48032,805.9941,2013,1,28,15
2013-01-28 15:59:59,26.91239,709.004,2013,1,28,15
2013-01-28 16:30:00,26.79055,599.2862,2013,1,28,16
2013-01-28 17:00:00,26.9519,483.601,2013,1,28,17
2013-01-28 17:29:59,26.81767,361.7887,2013,1,28,17
2013-01-28 18:00:00,26.54757,240.5424,2013,1,28,18
2013-01-28 18:30:00,26.27864,124.7586,2013,1,28,18
2013-01-28 18:59:59,25.78063,28.95198,2013,1,28,18
2013-01-28 19:30:00,25.12981,-4.914085,2013,1,28,19
2013-01-28 20:00:00,24.57689,-6.035059,2013,1,28,20
2013-01-28 20:29:59,24.0435,-5.913664,2013,1,28,20
2013-01-28 21:00:00,23.55876,-5.819283,2013,1,28,21
2013-01-28 21:30:00,23.06013,-5.756208,2013,1,28,21
2013-01-28 21:59:59,22.50954,-5.80172,2013,1,28,21
2013-01-28 22:30:00,21.96639,-5.579136,2013,1,28,22
2013-01-28 23:00:00,21.48169,-5.219627,2013,1,28,23
2013-01-28 23:29:59,21.25907,-5.031501,2013,1,28,23
2013-01-29 00:00:00,20.98802,-5.151732,2013,1,29,0
2013-01-29 00:30:00,20.55925,-5.093528,2013,1,29,0
2013-01-29 00:59:59,20.32804,-5.233772,2013,1,29,0
2013-01-29 01:30:00,19.64943,-5.421877,2013,1,29,1
2013-01-29 02:00:00,18.96997,-5.234535,2013,1,29,2
2013-01-29 02:29:59,18.50664,-5.209291,2013,1,29,2
2013-01-29 03:00:00,17.8912,-5.075997,2013,1,29,3
2013-01-29 03:30:00,17.4401,-4.701435,2013,1,29,3
2013-01-29 03:59:59,16.88757,-4.800058,2013,1,29,3
2013-01-29 04:30:00,16.76076,-4.472549,2013,1,29,4
2013-01-29 05:00:00,16.40603,-4.810214,2013,1,29,5
2013-01-29 05:29:59,15.9931,-1.706658,2013,1,29,5
2013-01-29 06:00:00,15.79723,34.76901,2013,1,29,6
2013-01-29 06:30:00,16.02146,61.27311,2013,1,29,6
2013-01-29 06:59:59,16.70106,189.4033,2013,1,29,6
2013-01-29 07:30:00,17.19726,210.357,2013,1,29,7
2013-01-29 08:00:00,17.64281,491.8947,2013,1,29,8
2013-01-29 08:29:59,18.47566,610.421,2013,1,29,8
2013-01-29 09:00:00,19.42177,719.625,2013,1,29,9
2013-01-29 09:30:00,20.52435,816.8019,2013,1,29,9
2013-01-29 09:59:59,21.59224,900.7372,2013,1,29,9
2013-01-29 10:30:00,22.39943,969.2642,2013,1,29,10
2013-01-29 11:00:00,23.40073,1024.905,2013,1,29,11
2013-01-29 11:29:59,24.15172,1064.318,2013,1,29,11
2013-01-29 12:00:00,24.77034,1087.272,2013,1,29,12
2013-01-29 12:30:00,25.24616,1090.735,2013,1,29,12
2013-01-29 12:59:59,26.34218,1079.998,2013,1,29,12
2013-01-29 13:30:00,27.05681,1056.787,2013,1,29,13
2013-01-29 14:00:00,27.52335,1011.542,2013,1,29,14
2013-01-29 14:29:59,27.92687,953.7537,2013,1,29,14
2013-01-29 15:00:00,28.32931,880.3566,2013,1,29,15
2013-01-29 15:30:00,28.69531,796.816,2013,1,29,15
2013-01-29 15:59:59,29.43666,700.3536,2013,1,29,15
2013-01-29 16:30:00,29.63041,594.2396,2013,1,29,16
2013-01-29 17:00:00,29.62516,478.986,2013,1,29,17
2013-01-29 17:29:59,29.66218,356.8774,2013,1,29,17
2013-01-29 18:00:00,29.73512,236.9125,2013,1,29,18
2013-01-29 18:30:00,29.47252,118.598,2013,1,29,18
2013-01-29 18:59:59,28.96438,24.50307,2013,1,29,18
2013-01-29 19:30:00,28.35957,-6.041931,2013,1,29,19
2013-01-29 20:00:00,28.07356,-6.452395,2013,1,29,20
2013-01-29 20:29:59,27.20376,-6.073141,2013,1,29,20
2013-01-29 21:00:00,26.32286,-5.727524,2013,1,29,21
2013-01-29 21:30:00,25.30643,-5.613577,2013,1,29,21
2013-01-29 21:59:59,24.75471,-4.995972,2013,1,29,21
2013-01-29 22:30:00,24.20139,-5.173861,2013,1,29,22
2013-01-29 23:00:00,23.81799,-4.954053,2013,1,29,23
2013-01-29 23:29:59,23.50818,-4.375268,2013,1,29,23
2013-01-30 00:00:00,22.93756,-5.235056,2013,1,30,0
2013-01-30 00:30:00,22.34173,-4.994753,2013,1,30,0
2013-01-30 00:59:59,22.05178,-5.029557,2013,1,30,0
2013-01-30 01:30:00,21.85852,-3.72111,2013,1,30,1
2013-01-30 02:00:00,22.03193,-3.259104,2013,1,30,2
2013-01-30 02:29:59,21.96805,-3.626275,2013,1,30,2
2013-01-30 03:00:00,21.53083,-4.034434,2013,1,30,3
2013-01-30 03:30:00,20.92998,-4.635432,2013,1,30,3
2013-01-30 03:59:59,20.57096,-3.922734,2013,1,30,3
2013-01-30 04:30:00,19.7439,-3.072418,2013,1,30,4
2013-01-30 05:00:00,19.74763,-3.211862,2013,1,30,5
2013-01-30 05:29:59,18.98474,-1.866456,2013,1,30,5
2013-01-30 06:00:00,18.29586,32.90757,2013,1,30,6
2013-01-30 06:30:00,17.77023,62.71986,2013,1,30,6
2013-01-30 06:59:59,19.29447,189.7738,2013,1,30,6
2013-01-30 07:30:00,21.41048,214.1489,2013,1,30,7
2013-01-30 08:00:00,22.91843,487.5066,2013,1,30,8
2013-01-30 08:29:59,24.3605,606.8091,2013,1,30,8
2013-01-30 09:00:00,25.31562,715.5947,2013,1,30,9
2013-01-30 09:30:00,26.11336,813.7685,2013,1,30,9
2013-01-30 09:59:59,26.91751,895.0598,2013,1,30,9
2013-01-30 10:30:00,27.94381,963.9283,2013,1,30,10
2013-01-30 11:00:00,28.95784,1017.678,2013,1,30,11
2013-01-30 11:29:59,29.28977,1056.669,2013,1,30,11
2013-01-30 12:00:00,29.92401,1076.16,2013,1,30,12
2013-01-30 12:30:00,30.45358,1082.934,2013,1,30,12
2013-01-30 12:59:59,31.44445,1072.813,2013,1,30,12
2013-01-30 13:30:00,32.1422,1044.703,2013,1,30,13
2013-01-30 14:00:00,32.21473,1007.119,2013,1,30,14
2013-01-30 14:29:59,32.25863,949.6287,2013,1,30,14
2013-01-30 15:00:00,33.09895,877.1371,2013,1,30,15
2013-01-30 15:30:00,33.64009,790.5251,2013,1,30,15
2013-01-30 15:59:59,33.54871,694.8747,2013,1,30,15
2013-01-30 16:30:00,33.73787,591.688,2013,1,30,16
2013-01-30 17:00:00,33.93829,474.1922,2013,1,30,17
2013-01-30 17:29:59,33.82979,349.5365,2013,1,30,17
2013-01-30 18:00:00,33.76189,226.0057,2013,1,30,18
2013-01-30 18:30:00,33.46718,114.9843,2013,1,30,18
2013-01-30 18:59:59,32.81131,25.03862,2013,1,30,18
2013-01-30 19:30:00,31.89601,-5.647426,2013,1,30,19
2013-01-30 20:00:00,31.01723,-6.621575,2013,1,30,20
2013-01-30 20:29:59,30.03596,-6.017312,2013,1,30,20
2013-01-30 21:00:00,29.36787,-5.618757,2013,1,30,21
2013-01-30 21:30:00,29.02894,-5.730735,2013,1,30,21
2013-01-30 21:59:59,28.50114,-5.59053,2013,1,30,21
2013-01-30 22:30:00,28.07805,-5.498662,2013,1,30,22
2013-01-30 23:00:00,27.35248,-5.343337,2013,1,30,23
2013-01-30 23:29:59,26.29115,-4.751417,2013,1,30,23
2013-01-31 00:00:00,25.16161,-4.379732,2013,1,31,0
2013-01-31 00:30:00,24.35046,-4.35565,2013,1,31,0
2013-01-31 00:59:59,23.38089,-3.943697,2013,1,31,0
2013-01-31 01:30:00,22.36364,-3.777411,2013,1,31,1
2013-01-31 02:00:00,21.41309,-3.56586,2013,1,31,2
2013-01-31 02:29:59,20.53293,-3.512079,2013,1,31,2
2013-01-31 03:00:00,19.9384,-3.496361,2013,1,31,3
2013-01-31 03:30:00,19.39398,-3.551831,2013,1,31,3
2013-01-31 03:59:59,18.72895,-3.554282,2013,1,31,3
2013-01-31 04:30:00,18.22815,-3.698194,2013,1,31,4
2013-01-31 05:00:00,17.81958,-3.389372,2013,1,31,5
2013-01-31 05:29:59,17.39152,-1.308166,2013,1,31,5
2013-01-31 06:00:00,17.13491,19.18653,2013,1,31,6
2013-01-31 06:30:00,17.0935,70.64258,2013,1,31,6
2013-01-31 06:59:59,17.55738,183.4141,2013,1,31,6
2013-01-31 07:30:00,17.87474,231.5068,2013,1,31,7
2013-01-31 08:00:00,18.63355,483.5494,2013,1,31,8
2013-01-31 08:29:59,19.08529,599.539,2013,1,31,8
2013-01-31 09:00:00,19.72928,708.7322,2013,1,31,9
2013-01-31 09:30:00,20.23,806.7444,2013,1,31,9
2013-01-31 09:59:59,20.73768,894.1901,2013,1,31,9
2013-01-31 10:30:00,21.6122,965.8252,2013,1,31,10
2013-01-31 11:00:00,22.35224,1019.567,2013,1,31,11
2013-01-31 11:29:59,23.27119,1059.199,2013,1,31,11
2013-01-31 12:00:00,24.12013,1082.1,2013,1,31,12
2013-01-31 12:30:00,25.21469,1091.927,2013,1,31,12
2013-01-31 12:59:59,25.98863,1082.017,2013,1,31,12
2013-01-31 13:30:00,26.53888,1047.969,2013,1,31,13
2013-01-31 14:00:00,27.09521,1015.758,2013,1,31,14
2013-01-31 14:29:59,27.87375,960.2809,2013,1,31,14
2013-01-31 15:00:00,28.36329,889.3914,2013,1,31,15
2013-01-31 15:30:00,28.8982,806.519,2013,1,31,15
2013-01-31 15:59:59,29.21455,710.7664,2013,1,31,15
2013-01-31 16:30:00,29.15016,603.6778,2013,1,31,16
2013-01-31 17:00:00,29.16725,485.8707,2013,1,31,17
2013-01-31 17:29:59,29.04913,363.1017,2013,1,31,17
2013-01-31 18:00:00,28.66115,238.1971,2013,1,31,18
2013-01-31 18:30:00,28.35451,123.5667,2013,1,31,18
2013-01-31 18:59:59,27.75372,29.57573,2013,1,31,18
2013-01-31 19:30:00,27.00316,-5.157948,2013,1,31,19
2013-01-31 20:00:00,26.34809,-6.063064,2013,1,31,20
2013-01-31 20:29:59,25.83904,-5.812427,2013,1,31,20
2013-01-31 21:00:00,25.40388,-5.778739,2013,1,31,21
2013-01-31 21:30:00,24.88848,-6.15273,2013,1,31,21
2013-01-31 21:59:59,24.31233,-5.875094,2013,1,31,21
2013-01-31 22:30:00,23.79812,-5.492654,2013,1,31,22
2013-01-31 23:00:00,23.18734,-5.660299,2013,1,31,23
2013-01-31 23:29:59,22.61063,-5.428543,2013,1,31,23
2013-02-01 00:00:00,22.19611,-5.541936,2013,2,32,0
2013-02-01 00:30:00,21.68739,-5.493194,2013,2,32,0
2013-02-01 00:59:59,21.03557,-5.54679,2013,2,32,0
2013-02-01 01:30:00,20.35172,-5.660682,2013,2,32,1
2013-02-01 02:00:00,19.64222,-5.149577,2013,2,32,2
2013-02-01 02:29:59,19.37064,-4.79368,2013,2,32,2
2013-02-01 03:00:00,19.11519,-4.812516,2013,2,32,3
2013-02-01 03:30:00,18.60578,-4.772938,2013,2,32,3
2013-02-01 03:59:59,17.92314,-4.597485,2013,2,32,3
2013-02-01 04:30:00,17.16034,-4.859571,2013,2,32,4
2013-02-01 05:00:00,16.48444,-4.624818,2013,2,32,5
2013-02-01 05:29:59,15.85448,-2.595548,2013,2,32,5
2013-02-01 06:00:00,15.34962,27.18003,2013,2,32,6
2013-02-01 06:30:00,15.30251,75.64632,2013,2,32,6
2013-02-01 06:59:59,15.35428,182.0909,2013,2,32,6
2013-02-01 07:30:00,15.73364,254.4064,2013,2,32,7
2013-02-01 08:00:00,16.13938,487.3621,2013,2,32,8
2013-02-01 08:29:59,16.65662,607.8096,2013,2,32,8
2013-02-01 09:00:00,17.37508,719.7347,2013,2,32,9
2013-02-01 09:30:00,18.29282,819.6036,2013,2,32,9
2013-02-01 09:59:59,18.94127,904.739,2013,2,32,9
2013-02-01 10:30:00,19.91299,977.0836,2013,2,32,10
2013-02-01 11:00:00,20.60175,1032.023,2013,2,32,11
2013-02-01 11:29:59,21.67013,1072.458,2013,2,32,11
2013-02-01 12:00:00,22.64812,1094.081,2013,2,32,12
2013-02-01 12:30:00,23.74166,1101.759,2013,2,32,12
2013-02-01 12:59:59,24.6265,1088.189,2013,2,32,12
2013-02-01 13:30:00,25.28827,1061.224,2013,2,32,13
2013-02-01 14:00:00,26.05361,1021.471,2013,2,32,14
2013-02-01 14:29:59,26.76464,962.5975,2013,2,32,14
2013-02-01 15:00:00,27.36209,890.4154,2013,2,32,15
2013-02-01 15:30:00,27.99436,803.5575,2013,2,32,15
2013-02-01 15:59:59,28.38228,705.3753,2013,2,32,15
2013-02-01 16:30:00,28.61817,597.3436,2013,2,32,16
2013-02-01 17:00:00,28.95902,479.9138,2013,2,32,17
2013-02-01 17:29:59,29.03741,357.8463,2013,2,32,17
2013-02-01 18:00:00,28.93989,235.9974,2013,2,32,18
2013-02-01 18:30:00,28.79043,119.0706,2013,2,32,18
2013-02-01 18:59:59,28.28747,25.37852,2013,2,32,18
2013-02-01 19:30:00,27.6107,-5.729076,2013,2,32,19
2013-02-01 20:00:00,26.86207,-6.669886,2013,2,32,20
2013-02-01 20:29:59,26.19905,-6.37397,2013,2,32,20
2013-02-01 21:00:00,25.63385,-6.26735,2013,2,32,21
2013-02-01 21:30:00,24.94775,-6.136919,2013,2,32,21
2013-02-01 21:59:59,24.28532,-5.848211,2013,2,32,21
2013-02-01 22:30:00,23.5713,-5.237455,2013,2,32,22
2013-02-01 23:00:00,22.99333,-4.633018,2013,2,32,23
2013-02-01 23:29:59,22.40881,-4.337786,2013,2,32,23
2013-02-02 00:00:00,21.831,-4.469568,2013,2,33,0
2013-02-02 00:30:00,21.4648,-4.308443,2013,2,33,0
2013-02-02 00:59:59,21.22587,-4.406406,2013,2,33,0
2013-02-02 01:30:00,20.80565,-4.55043,2013,2,33,1
2013-02-02 02:00:00,20.23106,-4.563898,2013,2,33,2
2013-02-02 02:29:59,19.88757,-4.101258,2013,2,33,2
2013-02-02 03:00:00,19.64753,-3.979086,2013,2,33,3
2013-02-02 03:30:00,19.21667,-3.995046,2013,2,33,3
2013-02-02 03:59:59,18.76504,-4.082431,2013,2,33,3
2013-02-02 04:30:00,18.25349,-4.603407,2013,2,33,4
2013-02-02 05:00:00,17.81503,-3.964215,2013,2,33,5
2013-02-02 05:29:59,17.33086,-2.388573,2013,2,33,5
2013-02-02 06:00:00,17.13074,23.10788,2013,2,33,6
2013-02-02 06:30:00,17.38286,79.69566,2013,2,33,6
2013-02-02 06:59:59,18.45874,175.866,2013,2,33,6
2013-02-02 07:30:00,19.39318,266.8219,2013,2,33,7
2013-02-02 08:00:00,20.16369,481.5748,2013,2,33,8
2013-02-02 08:29:59,20.76147,600.7795,2013,2,33,8
2013-02-02 09:00:00,21.71716,710.4504,2013,2,33,9
2013-02-02 09:30:00,22.3168,807.2266,2013,2,33,9
2013-02-02 09:59:59,23.40999,891.8487,2013,2,33,9
2013-02-02 10:30:00,24.16329,961.8217,2013,2,33,10
2013-02-02 11:00:00,24.98381,1017.909,2013,2,33,11
2013-02-02 11:29:59,25.72647,1059.725,2013,2,33,11
2013-02-02 12:00:00,26.39564,1082.488,2013,2,33,12
2013-02-02 12:30:00,27.47159,1087.051,2013,2,33,12
2013-02-02 12:59:59,27.7642,1077.732,2013,2,33,12
2013-02-02 13:30:00,28.79027,1049.322,2013,2,33,13
2013-02-02 14:00:00,29.21988,1008.196,2013,2,33,14
2013-02-02 14:29:59,29.46005,947.6284,2013,2,33,14
2013-02-02 15:00:00,30.11252,878.3592,2013,2,33,15
2013-02-02 15:30:00,30.24819,790.1147,2013,2,33,15
2013-02-02 15:59:59,30.58461,693.1483,2013,2,33,15
2013-02-02 16:30:00,30.78753,586.0006,2013,2,33,16
2013-02-02 17:00:00,31.05864,470.1389,2013,2,33,17
2013-02-02 17:29:59,31.08755,348.7448,2013,2,33,17
2013-02-02 18:00:00,31.05434,229.2174,2013,2,33,18
2013-02-02 18:30:00,31.0345,115.3407,2013,2,33,18
2013-02-02 18:59:59,30.51785,23.63997,2013,2,33,18
2013-02-02 19:30:00,29.72429,-5.575727,2013,2,33,19
2013-02-02 20:00:00,28.73514,-6.251735,2013,2,33,20
2013-02-02 20:29:59,27.89048,-6.444748,2013,2,33,20
2013-02-02 21:00:00,27.1639,-6.046665,2013,2,33,21
2013-02-02 21:30:00,26.56601,-5.671116,2013,2,33,21
2013-02-02 21:59:59,25.72723,-5.244277,2013,2,33,21
2013-02-02 22:30:00,25.07026,-4.87463,2013,2,33,22
2013-02-02 23:00:00,24.76013,-4.649782,2013,2,33,23
2013-02-02 23:29:59,24.22506,-5.173316,2013,2,33,23
2013-02-03 00:00:00,23.3468,-5.100564,2013,2,34,0
2013-02-03 00:30:00,22.88569,-4.747906,2013,2,34,0
2013-02-03 00:59:59,22.16512,-4.989763,2013,2,34,0
2013-02-03 01:30:00,21.84738,-4.381645,2013,2,34,1
2013-02-03 02:00:00,21.53047,-4.40988,2013,2,34,2
2013-02-03 02:29:59,21.21816,-4.567386,2013,2,34,2
2013-02-03 03:00:00,20.84821,-4.781982,2013,2,34,3
2013-02-03 03:30:00,20.4144,-4.306723,2013,2,34,3
2013-02-03 03:59:59,20.00906,-3.926168,2013,2,34,3
2013-02-03 04:30:00,19.51711,-4.337597,2013,2,34,4
2013-02-03 05:00:00,19.21364,-4.276658,2013,2,34,5
2013-02-03 05:29:59,19.14748,-2.61775,2013,2,34,5
2013-02-03 06:00:00,19.37525,19.53462,2013,2,34,6
2013-02-03 06:30:00,19.16914,86.30887,2013,2,34,6
2013-02-03 06:59:59,19.83933,164.3398,2013,2,34,6
2013-02-03 07:30:00,21.83433,285.2194,2013,2,34,7
2013-02-03 08:00:00,22.94801,478.3937,2013,2,34,8
2013-02-03 08:29:59,24.07978,597.9543,2013,2,34,8
2013-02-03 09:00:00,24.90855,708.9666,2013,2,34,9
2013-02-03 09:30:00,26.03611,806.4099,2013,2,34,9
2013-02-03 09:59:59,26.88561,889.7792,2013,2,34,9
2013-02-03 10:30:00,27.51842,958.1666,2013,2,34,10
2013-02-03 11:00:00,28.29059,1013.03,2013,2,34,11
2013-02-03 11:29:59,28.73517,1050.037,2013,2,34,11
2013-02-03 12:00:00,29.49461,1073.419,2013,2,34,12
2013-02-03 12:30:00,30.23198,1077.981,2013,2,34,12
2013-02-03 12:59:59,30.59788,1070.745,2013,2,34,12
2013-02-03 13:30:00,31.19666,1041.959,2013,2,34,13
2013-02-03 14:00:00,31.71117,1002.529,2013,2,34,14
2013-02-03 14:29:59,32.28111,940.731,2013,2,34,14
2013-02-03 15:00:00,32.63946,868.52,2013,2,34,15
2013-02-03 15:30:00,32.89161,785.3641,2013,2,34,15
2013-02-03 15:59:59,33.11939,687.465,2013,2,34,15
2013-02-03 16:30:00,33.25537,582.2358,2013,2,34,16
2013-02-03 17:00:00,33.427,465.6355,2013,2,34,17
2013-02-03 17:29:59,33.20464,344.5657,2013,2,34,17
2013-02-03 18:00:00,33.27032,221.5225,2013,2,34,18
2013-02-03 18:30:00,32.9726,110.6847,2013,2,34,18
2013-02-03 18:59:59,32.48547,20.98528,2013,2,34,18
2013-02-03 19:30:00,31.49373,-5.973133,2013,2,34,19
2013-02-03 20:00:00,30.67921,-6.236761,2013,2,34,20
2013-02-03 20:29:59,29.94288,-6.253398,2013,2,34,20
2013-02-03 21:00:00,29.49051,-6.054895,2013,2,34,21
2013-02-03 21:30:00,28.69485,-5.57673,2013,2,34,21
2013-02-03 21:59:59,28.32404,-5.572137,2013,2,34,21
2013-02-03 22:30:00,27.67482,-5.279749,2013,2,34,22
2013-02-03 23:00:00,26.70768,-6.066745,2013,2,34,23
2013-02-03 23:29:59,26.17601,-4.788064,2013,2,34,23
2013-02-04 00:00:00,25.75184,-4.396411,2013,2,35,0
2013-02-04 00:30:00,25.38784,-4.524542,2013,2,35,0
2013-02-04 00:59:59,24.53672,-5.019357,2013,2,35,0
2013-02-04 01:30:00,23.80151,-4.289153,2013,2,35,1
2013-02-04 02:00:00,23.91283,-4.300384,2013,2,35,2
2013-02-04 02:29:59,23.6677,-4.719995,2013,2,35,2
2013-02-04 03:00:00,23.91712,-3.301326,2013,2,35,3
2013-02-04 03:30:00,24.07856,-4.166372,2013,2,35,3
2013-02-04 03:59:59,23.67783,-4.590014,2013,2,35,3
2013-02-04 04:30:00,23.20564,-4.057083,2013,2,35,4
2013-02-04 05:00:00,22.8016,-4.078529,2013,2,35,5
2013-02-04 05:29:59,22.42423,-2.583786,2013,2,35,5
2013-02-04 06:00:00,21.88598,15.60328,2013,2,35,6
2013-02-04 06:30:00,21.76507,89.00335,2013,2,35,6
2013-02-04 06:59:59,22.2957,144.4962,2013,2,35,6
2013-02-04 07:30:00,24.0223,299.1104,2013,2,35,7
2013-02-04 08:00:00,26.17789,471.6528,2013,2,35,8
2013-02-04 08:29:59,28.13873,589.1252,2013,2,35,8
2013-02-04 09:00:00,29.01604,698.4214,2013,2,35,9
2013-02-04 09:30:00,30.20141,795.0263,2013,2,35,9
2013-02-04 09:59:59,31.65775,879.8635,2013,2,35,9
2013-02-04 10:30:00,32.72453,948.9449,2013,2,35,10
2013-02-04 11:00:00,33.33197,1003.945,2013,2,35,11
2013-02-04 11:29:59,34.10775,1042.797,2013,2,35,11
2013-02-04 12:00:00,34.96218,1067.856,2013,2,35,12
2013-02-04 12:30:00,35.50113,1073.172,2013,2,35,12
2013-02-04 12:59:59,35.76128,1060.911,2013,2,35,12
2013-02-04 13:30:00,36.4943,1034.148,2013,2,35,13
2013-02-04 14:00:00,36.93135,996.4618,2013,2,35,14
2013-02-04 14:29:59,37.18278,739.7552,2013,2,35,14
2013-02-04 15:00:00,37.76982,811.0468,2013,2,35,15
2013-02-04 15:30:00,38.06978,824.3756,2013,2,35,15
2013-02-04 15:59:59,38.21301,584.4011,2013,2,35,15
2013-02-04 16:30:00,38.21733,395.2877,2013,2,35,16
2013-02-04 17:00:00,37.8938,176.9328,2013,2,35,17
2013-02-04 17:29:59,38.11316,285.7056,2013,2,35,17
2013-02-04 18:00:00,38.09829,209.5768,2013,2,35,18
2013-02-04 18:30:00,37.78704,121.5528,2013,2,35,18
2013-02-04 18:59:59,36.9474,21.27475,2013,2,35,18
2013-02-04 19:30:00,35.83147,-7.055002,2013,2,35,19
2013-02-04 20:00:00,34.75813,-7.379977,2013,2,35,20
2013-02-04 20:29:59,33.88482,-7.261655,2013,2,35,20
2013-02-04 21:00:00,33.12877,-7.072685,2013,2,35,21
2013-02-04 21:30:00,32.45287,-6.834691,2013,2,35,21
2013-02-04 21:59:59,31.765,-6.522182,2013,2,35,21
2013-02-04 22:30:00,31.43361,-6.658682,2013,2,35,22
2013-02-04 23:00:00,30.39016,-6.564889,2013,2,35,23
2013-02-04 23:29:59,29.75047,-5.905524,2013,2,35,23
2013-02-05 00:00:00,29.22182,-5.88316,2013,2,36,0
2013-02-05 00:30:00,28.14828,-5.81356,2013,2,36,0
2013-02-05 00:59:59,27.23243,-5.51988,2013,2,36,0
2013-02-05 01:30:00,26.38678,-5.459341,2013,2,36,1
2013-02-05 02:00:00,25.42752,-5.101398,2013,2,36,2
2013-02-05 02:29:59,24.69077,-4.883471,2013,2,36,2
2013-02-05 03:00:00,24.00183,-4.9979,2013,2,36,3
2013-02-05 03:30:00,23.34922,-5.051477,2013,2,36,3
2013-02-05 03:59:59,22.70856,-5.195644,2013,2,36,3
2013-02-05 04:30:00,22.0692,-4.983613,2013,2,36,4
2013-02-05 05:00:00,21.59335,-4.7908,2013,2,36,5
2013-02-05 05:29:59,21.3069,-3.71823,2013,2,36,5
2013-02-05 06:00:00,21.08285,13.37188,2013,2,36,6
2013-02-05 06:30:00,21.10296,93.4493,2013,2,36,6
2013-02-05 06:59:59,21.7038,132.9673,2013,2,36,6
2013-02-05 07:30:00,22.69244,319.2942,2013,2,36,7
2013-02-05 08:00:00,24.11091,469.04,2013,2,36,8
2013-02-05 08:29:59,25.40899,536.3657,2013,2,36,8
2013-02-05 09:00:00,27.05545,670.2887,2013,2,36,9
2013-02-05 09:30:00,28.61944,808.6347,2013,2,36,9
2013-02-05 09:59:59,30.24364,701.0335,2013,2,36,9
2013-02-05 10:30:00,31.46246,907.6553,2013,2,36,10
2013-02-05 11:00:00,33.26876,993.0201,2013,2,36,11
2013-02-05 11:29:59,34.1265,963.8001,2013,2,36,11
2013-02-05 12:00:00,34.57354,717.2145,2013,2,36,12
2013-02-05 12:30:00,34.67399,932.4998,2013,2,36,12
2013-02-05 12:59:59,35.41557,866.9085,2013,2,36,12
2013-02-05 13:30:00,35.7576,756.8962,2013,2,36,13
2013-02-05 14:00:00,35.42161,616.0871,2013,2,36,14
2013-02-05 14:29:59,35.92042,788.147,2013,2,36,14
2013-02-05 15:00:00,35.95032,540.9888,2013,2,36,15
2013-02-05 15:30:00,36.111,510.0361,2013,2,36,15
2013-02-05 15:59:59,36.02394,482.1673,2013,2,36,15
2013-02-05 16:30:00,36.26696,376.4023,2013,2,36,16
2013-02-05 17:00:00,36.13554,297.5901,2013,2,36,17
2013-02-05 17:29:59,35.98909,188.0205,2013,2,36,17
2013-02-05 18:00:00,35.60966,79.14606,2013,2,36,18
2013-02-05 18:30:00,35.16343,28.84767,2013,2,36,18
2013-02-05 18:59:59,34.56534,1.201441,2013,2,36,18
2013-02-05 19:30:00,33.68659,-5.728808,2013,2,36,19
2013-02-05 20:00:00,32.86567,-5.662682,2013,2,36,20
2013-02-05 20:29:59,32.58333,-4.751478,2013,2,36,20
2013-02-05 21:00:00,32.32092,-4.039216,2013,2,36,21
2013-02-05 21:30:00,31.33184,-3.926477,2013,2,36,21
2013-02-05 21:59:59,31.38353,-2.884716,2013,2,36,21
2013-02-05 22:30:00,30.80929,-3.70051,2013,2,36,22
2013-02-05 23:00:00,30.63131,-3.528126,2013,2,36,23
2013-02-05 23:29:59,30.20408,-3.311273,2013,2,36,23
2013-02-06 00:00:00,29.4166,-3.399025,2013,2,37,0
2013-02-06 00:30:00,28.74573,-3.22125,2013,2,37,0
2013-02-06 00:59:59,28.41511,-3.321016,2013,2,37,0
2013-02-06 01:30:00,28.0803,-3.634598,2013,2,37,1
2013-02-06 02:00:00,27.36532,-3.431174,2013,2,37,2
2013-02-06 02:29:59,27.12096,-3.446482,2013,2,37,2
2013-02-06 03:00:00,26.7116,-3.705091,2013,2,37,3
2013-02-06 03:30:00,26.28195,-3.067056,2013,2,37,3
2013-02-06 03:59:59,25.9649,-2.463075,2013,2,37,3
2013-02-06 04:30:00,25.63636,-2.417822,2013,2,37,4
2013-02-06 05:00:00,25.29665,-2.497464,2013,2,37,5
2013-02-06 05:29:59,24.96054,-1.985076,2013,2,37,5
2013-02-06 06:00:00,24.71735,1.380892,2013,2,37,6
2013-02-06 06:30:00,24.53814,25.24129,2013,2,37,6
2013-02-06 06:59:59,24.61916,91.43221,2013,2,37,6
2013-02-06 07:30:00,24.75579,158.921,2013,2,37,7
2013-02-06 08:00:00,24.714,123.1871,2013,2,37,8
2013-02-06 08:29:59,24.93047,237.883,2013,2,37,8
2013-02-06 09:00:00,25.002,223.4645,2013,2,37,9
2013-02-06 09:30:00,24.69947,138.237,2013,2,37,9
2013-02-06 09:59:59,24.9079,279.2027,2013,2,37,9
2013-02-06 10:30:00,25.13348,235.2476,2013,2,37,10
2013-02-06 11:00:00,25.29841,218.1188,2013,2,37,11
2013-02-06 11:29:59,25.68086,435.9462,2013,2,37,11
2013-02-06 12:00:00,26.1209,497.3852,2013,2,37,12
2013-02-06 12:30:00,26.90977,855.1277,2013,2,37,12
2013-02-06 12:59:59,28.18189,865.5419,2013,2,37,12
2013-02-06 13:30:00,28.51722,1007.377,2013,2,37,13
2013-02-06 14:00:00,28.90535,837.0707,2013,2,37,14
2013-02-06 14:29:59,29.07452,653.7613,2013,2,37,14
2013-02-06 15:00:00,29.56425,785.3615,2013,2,37,15
2013-02-06 15:30:00,NA,NA,2013,2,37,15
2013-02-06 15:59:59,NA,NA,2013,2,37,15
2013-02-06 16:30:00,NA,NA,2013,2,37,16
2013-02-06 17:00:00,NA,NA,2013,2,37,17
2013-02-06 17:29:59,NA,NA,2013,2,37,17
2013-02-06 18:00:00,NA,NA,2013,2,37,18
2013-02-06 18:30:00,NA,NA,2013,2,37,18
2013-02-06 18:59:59,NA,NA,2013,2,37,18
2013-02-06 19:30:00,NA,NA,2013,2,37,19
2013-02-06 20:00:00,NA,NA,2013,2,37,20
2013-02-06 20:29:59,NA,NA,2013,2,37,20
2013-02-06 21:00:00,NA,NA,2013,2,37,21
2013-02-06 21:30:00,NA,NA,2013,2,37,21
2013-02-06 21:59:59,NA,NA,2013,2,37,21
2013-02-06 22:30:00,NA,NA,2013,2,37,22
2013-02-06 23:00:00,NA,NA,2013,2,37,23
2013-02-06 23:29:59,NA,NA,2013,2,37,23
2013-02-07 00:00:00,NA,NA,2013,2,38,0
2013-02-07 00:30:00,NA,NA,2013,2,38,0
2013-02-07 00:59:59,NA,NA,2013,2,38,0
2013-02-07 01:30:00,NA,NA,2013,2,38,1
2013-02-07 02:00:00,NA,NA,2013,2,38,2
2013-02-07 02:29:59,NA,NA,2013,2,38,2
2013-02-07 03:00:00,NA,NA,2013,2,38,3
2013-02-07 03:30:00,NA,NA,2013,2,38,3
2013-02-07 03:59:59,NA,NA,2013,2,38,3
2013-02-07 04:30:00,NA,NA,2013,2,38,4
2013-02-07 05:00:00,NA,NA,2013,2,38,5
2013-02-07 05:29:59,NA,NA,2013,2,38,5
2013-02-07 06:00:00,NA,NA,2013,2,38,6
2013-02-07 06:30:00,NA,NA,2013,2,38,6
2013-02-07 06:59:59,NA,NA,2013,2,38,6
2013-02-07 07:30:00,NA,NA,2013,2,38,7
2013-02-07 08:00:00,NA,NA,2013,2,38,8
2013-02-07 08:29:59,NA,NA,2013,2,38,8
2013-02-07 09:00:00,NA,NA,2013,2,38,9
2013-02-07 09:30:00,NA,NA,2013,2,38,9
2013-02-07 09:59:59,NA,NA,2013,2,38,9
2013-02-07 10:30:00,NA,NA,2013,2,38,10
2013-02-07 11:00:00,NA,NA,2013,2,38,11
2013-02-07 11:29:59,NA,NA,2013,2,38,11
2013-02-07 12:00:00,NA,NA,2013,2,38,12
2013-02-07 12:30:00,NA,NA,2013,2,38,12
2013-02-07 12:59:59,NA,NA,2013,2,38,12
2013-02-07 13:30:00,NA,NA,2013,2,38,13
2013-02-07 14:00:00,NA,NA,2013,2,38,14
2013-02-07 14:29:59,NA,NA,2013,2,38,14
2013-02-07 15:00:00,NA,NA,2013,2,38,15
2013-02-07 15:30:00,NA,NA,2013,2,38,15
2013-02-07 15:59:59,NA,NA,2013,2,38,15
2013-02-07 16:30:00,NA,NA,2013,2,38,16
2013-02-07 17:00:00,NA,NA,2013,2,38,17
2013-02-07 17:29:59,NA,NA,2013,2,38,17
2013-02-07 18:00:00,NA,NA,2013,2,38,18
2013-02-07 18:30:00,NA,NA,2013,2,38,18
2013-02-07 18:59:59,NA,NA,2013,2,38,18
2013-02-07 19:30:00,NA,NA,2013,2,38,19
2013-02-07 20:00:00,NA,NA,2013,2,38,20
2013-02-07 20:29:59,NA,NA,2013,2,38,20
2013-02-07 21:00:00,NA,NA,2013,2,38,21
2013-02-07 21:30:00,NA,NA,2013,2,38,21
2013-02-07 21:59:59,NA,NA,2013,2,38,21
2013-02-07 22:30:00,NA,NA,2013,2,38,22
2013-02-07 23:00:00,NA,NA,2013,2,38,23
2013-02-07 23:29:59,NA,NA,2013,2,38,23
2013-02-08 00:00:00,NA,NA,2013,2,39,0
2013-02-08 00:30:00,NA,NA,2013,2,39,0
2013-02-08 00:59:59,NA,NA,2013,2,39,0
2013-02-08 01:30:00,NA,NA,2013,2,39,1
2013-02-08 02:00:00,NA,NA,2013,2,39,2
2013-02-08 02:29:59,NA,NA,2013,2,39,2
2013-02-08 03:00:00,NA,NA,2013,2,39,3
2013-02-08 03:30:00,NA,NA,2013,2,39,3
2013-02-08 03:59:59,NA,NA,2013,2,39,3
2013-02-08 04:30:00,NA,NA,2013,2,39,4
2013-02-08 05:00:00,NA,NA,2013,2,39,5
2013-02-08 05:29:59,NA,NA,2013,2,39,5
2013-02-08 06:00:00,NA,NA,2013,2,39,6
2013-02-08 06:30:00,NA,NA,2013,2,39,6
2013-02-08 06:59:59,NA,NA,2013,2,39,6
2013-02-08 07:30:00,NA,NA,2013,2,39,7
2013-02-08 08:00:00,NA,NA,2013,2,39,8
2013-02-08 08:29:59,NA,NA,2013,2,39,8
2013-02-08 09:00:00,NA,NA,2013,2,39,9
2013-02-08 09:30:00,NA,NA,2013,2,39,9
2013-02-08 09:59:59,NA,NA,2013,2,39,9
2013-02-08 10:30:00,NA,NA,2013,2,39,10
2013-02-08 11:00:00,NA,NA,2013,2,39,11
2013-02-08 11:29:59,NA,NA,2013,2,39,11
2013-02-08 12:00:00,NA,NA,2013,2,39,12
2013-02-08 12:30:00,NA,NA,2013,2,39,12
2013-02-08 12:59:59,NA,NA,2013,2,39,12
2013-02-08 13:30:00,NA,NA,2013,2,39,13
2013-02-08 14:00:00,NA,NA,2013,2,39,14
2013-02-08 14:29:59,NA,NA,2013,2,39,14
2013-02-08 15:00:00,NA,NA,2013,2,39,15
2013-02-08 15:30:00,NA,NA,2013,2,39,15
2013-02-08 15:59:59,NA,NA,2013,2,39,15
2013-02-08 16:30:00,NA,NA,2013,2,39,16
2013-02-08 17:00:00,NA,NA,2013,2,39,17
2013-02-08 17:29:59,NA,NA,2013,2,39,17
2013-02-08 18:00:00,NA,NA,2013,2,39,18
2013-02-08 18:30:00,NA,NA,2013,2,39,18
2013-02-08 18:59:59,NA,NA,2013,2,39,18
2013-02-08 19:30:00,NA,NA,2013,2,39,19
2013-02-08 20:00:00,NA,NA,2013,2,39,20
2013-02-08 20:29:59,NA,NA,2013,2,39,20
2013-02-08 21:00:00,NA,NA,2013,2,39,21
2013-02-08 21:30:00,NA,NA,2013,2,39,21
2013-02-08 21:59:59,NA,NA,2013,2,39,21
2013-02-08 22:30:00,NA,NA,2013,2,39,22
2013-02-08 23:00:00,NA,NA,2013,2,39,23
2013-02-08 23:29:59,NA,NA,2013,2,39,23
2013-02-09 00:00:00,NA,NA,2013,2,40,0
2013-02-09 00:30:00,NA,NA,2013,2,40,0
2013-02-09 00:59:59,NA,NA,2013,2,40,0
2013-02-09 01:30:00,NA,NA,2013,2,40,1
2013-02-09 02:00:00,NA,NA,2013,2,40,2
2013-02-09 02:29:59,NA,NA,2013,2,40,2
2013-02-09 03:00:00,NA,NA,2013,2,40,3
2013-02-09 03:30:00,NA,NA,2013,2,40,3
2013-02-09 03:59:59,NA,NA,2013,2,40,3
2013-02-09 04:30:00,NA,NA,2013,2,40,4
2013-02-09 05:00:00,NA,NA,2013,2,40,5
2013-02-09 05:29:59,NA,NA,2013,2,40,5
2013-02-09 06:00:00,NA,NA,2013,2,40,6
2013-02-09 06:30:00,NA,NA,2013,2,40,6
2013-02-09 06:59:59,NA,NA,2013,2,40,6
2013-02-09 07:30:00,NA,NA,2013,2,40,7
2013-02-09 08:00:00,NA,NA,2013,2,40,8
2013-02-09 08:29:59,NA,NA,2013,2,40,8
2013-02-09 09:00:00,NA,NA,2013,2,40,9
2013-02-09 09:30:00,NA,NA,2013,2,40,9
2013-02-09 09:59:59,NA,NA,2013,2,40,9
2013-02-09 10:30:00,NA,NA,2013,2,40,10
2013-02-09 11:00:00,NA,NA,2013,2,40,11
2013-02-09 11:29:59,NA,NA,2013,2,40,11
2013-02-09 12:00:00,NA,NA,2013,2,40,12
2013-02-09 12:30:00,NA,NA,2013,2,40,12
2013-02-09 12:59:59,NA,NA,2013,2,40,12
2013-02-09 13:30:00,NA,NA,2013,2,40,13
2013-02-09 14:00:00,NA,NA,2013,2,40,14
2013-02-09 14:29:59,NA,NA,2013,2,40,14
2013-02-09 15:00:00,NA,NA,2013,2,40,15
2013-02-09 15:30:00,NA,NA,2013,2,40,15
2013-02-09 15:59:59,NA,NA,2013,2,40,15
2013-02-09 16:30:00,NA,NA,2013,2,40,16
2013-02-09 17:00:00,NA,NA,2013,2,40,17
2013-02-09 17:29:59,NA,NA,2013,2,40,17
2013-02-09 18:00:00,NA,NA,2013,2,40,18
2013-02-09 18:30:00,NA,NA,2013,2,40,18
2013-02-09 18:59:59,NA,NA,2013,2,40,18
2013-02-09 19:30:00,NA,NA,2013,2,40,19
2013-02-09 20:00:00,NA,NA,2013,2,40,20
2013-02-09 20:29:59,NA,NA,2013,2,40,20
2013-02-09 21:00:00,NA,NA,2013,2,40,21
2013-02-09 21:30:00,NA,NA,2013,2,40,21
2013-02-09 21:59:59,NA,NA,2013,2,40,21
2013-02-09 22:30:00,NA,NA,2013,2,40,22
2013-02-09 23:00:00,NA,NA,2013,2,40,23
2013-02-09 23:29:59,NA,NA,2013,2,40,23
2013-02-10 00:00:00,NA,NA,2013,2,41,0
2013-02-10 00:30:00,NA,NA,2013,2,41,0
2013-02-10 00:59:59,NA,NA,2013,2,41,0
2013-02-10 01:30:00,NA,NA,2013,2,41,1
2013-02-10 02:00:00,NA,NA,2013,2,41,2
2013-02-10 02:29:59,NA,NA,2013,2,41,2
2013-02-10 03:00:00,NA,NA,2013,2,41,3
2013-02-10 03:30:00,NA,NA,2013,2,41,3
2013-02-10 03:59:59,NA,NA,2013,2,41,3
2013-02-10 04:30:00,NA,NA,2013,2,41,4
2013-02-10 05:00:00,NA,NA,2013,2,41,5
2013-02-10 05:29:59,NA,NA,2013,2,41,5
2013-02-10 06:00:00,NA,NA,2013,2,41,6
2013-02-10 06:30:00,NA,NA,2013,2,41,6
2013-02-10 06:59:59,NA,NA,2013,2,41,6
2013-02-10 07:30:00,NA,NA,2013,2,41,7
2013-02-10 08:00:00,NA,NA,2013,2,41,8
2013-02-10 08:29:59,NA,NA,2013,2,41,8
2013-02-10 09:00:00,NA,NA,2013,2,41,9
2013-02-10 09:30:00,NA,NA,2013,2,41,9
2013-02-10 09:59:59,NA,NA,2013,2,41,9
2013-02-10 10:30:00,NA,NA,2013,2,41,10
2013-02-10 11:00:00,NA,NA,2013,2,41,11
2013-02-10 11:29:59,NA,NA,2013,2,41,11
2013-02-10 12:00:00,NA,NA,2013,2,41,12
2013-02-10 12:30:00,NA,NA,2013,2,41,12
2013-02-10 12:59:59,NA,NA,2013,2,41,12
2013-02-10 13:30:00,NA,NA,2013,2,41,13
2013-02-10 14:00:00,NA,NA,2013,2,41,14
2013-02-10 14:29:59,NA,NA,2013,2,41,14
2013-02-10 15:00:00,NA,NA,2013,2,41,15
2013-02-10 15:30:00,NA,NA,2013,2,41,15
2013-02-10 15:59:59,NA,NA,2013,2,41,15
2013-02-10 16:30:00,NA,NA,2013,2,41,16
2013-02-10 17:00:00,NA,NA,2013,2,41,17
2013-02-10 17:29:59,NA,NA,2013,2,41,17
2013-02-10 18:00:00,NA,NA,2013,2,41,18
2013-02-10 18:30:00,NA,NA,2013,2,41,18
2013-02-10 18:59:59,NA,NA,2013,2,41,18
2013-02-10 19:30:00,NA,NA,2013,2,41,19
2013-02-10 20:00:00,NA,NA,2013,2,41,20
2013-02-10 20:29:59,NA,NA,2013,2,41,20
2013-02-10 21:00:00,NA,NA,2013,2,41,21
2013-02-10 21:30:00,NA,NA,2013,2,41,21
2013-02-10 21:59:59,NA,NA,2013,2,41,21
2013-02-10 22:30:00,NA,NA,2013,2,41,22
2013-02-10 23:00:00,NA,NA,2013,2,41,23
2013-02-10 23:29:59,NA,NA,2013,2,41,23
2013-02-11 00:00:00,NA,NA,2013,2,42,0
2013-02-11 00:30:00,NA,NA,2013,2,42,0
2013-02-11 00:59:59,NA,NA,2013,2,42,0
2013-02-11 01:30:00,NA,NA,2013,2,42,1
2013-02-11 02:00:00,NA,NA,2013,2,42,2
2013-02-11 02:29:59,NA,NA,2013,2,42,2
2013-02-11 03:00:00,NA,NA,2013,2,42,3
2013-02-11 03:30:00,NA,NA,2013,2,42,3
2013-02-11 03:59:59,NA,NA,2013,2,42,3
2013-02-11 04:30:00,NA,NA,2013,2,42,4
2013-02-11 05:00:00,NA,NA,2013,2,42,5
2013-02-11 05:29:59,NA,NA,2013,2,42,5
2013-02-11 06:00:00,NA,NA,2013,2,42,6
2013-02-11 06:30:00,NA,NA,2013,2,42,6
2013-02-11 06:59:59,NA,NA,2013,2,42,6
2013-02-11 07:30:00,NA,NA,2013,2,42,7
2013-02-11 08:00:00,NA,NA,2013,2,42,8
2013-02-11 08:29:59,NA,NA,2013,2,42,8
2013-02-11 09:00:00,NA,NA,2013,2,42,9
2013-02-11 09:30:00,NA,NA,2013,2,42,9
2013-02-11 09:59:59,NA,NA,2013,2,42,9
2013-02-11 10:30:00,NA,NA,2013,2,42,10
2013-02-11 11:00:00,NA,NA,2013,2,42,11
2013-02-11 11:29:59,NA,NA,2013,2,42,11
2013-02-11 12:00:00,NA,NA,2013,2,42,12
2013-02-11 12:30:00,NA,NA,2013,2,42,12
2013-02-11 12:59:59,NA,NA,2013,2,42,12
2013-02-11 13:30:00,NA,NA,2013,2,42,13
2013-02-11 14:00:00,NA,NA,2013,2,42,14
2013-02-11 14:29:59,NA,NA,2013,2,42,14
2013-02-11 15:00:00,NA,NA,2013,2,42,15
2013-02-11 15:30:00,NA,NA,2013,2,42,15
2013-02-11 15:59:59,NA,NA,2013,2,42,15
2013-02-11 16:30:00,NA,NA,2013,2,42,16
2013-02-11 17:00:00,NA,NA,2013,2,42,17
2013-02-11 17:29:59,NA,NA,2013,2,42,17
2013-02-11 18:00:00,NA,NA,2013,2,42,18
2013-02-11 18:30:00,NA,NA,2013,2,42,18
2013-02-11 18:59:59,NA,NA,2013,2,42,18
2013-02-11 19:30:00,NA,NA,2013,2,42,19
2013-02-11 20:00:00,NA,NA,2013,2,42,20
2013-02-11 20:29:59,NA,NA,2013,2,42,20
2013-02-11 21:00:00,NA,NA,2013,2,42,21
2013-02-11 21:30:00,NA,NA,2013,2,42,21
2013-02-11 21:59:59,NA,NA,2013,2,42,21
2013-02-11 22:30:00,NA,NA,2013,2,42,22
2013-02-11 23:00:00,NA,NA,2013,2,42,23
2013-02-11 23:29:59,NA,NA,2013,2,42,23
2013-02-12 00:00:00,NA,NA,2013,2,43,0
2013-02-12 00:30:00,NA,NA,2013,2,43,0
2013-02-12 00:59:59,NA,NA,2013,2,43,0
2013-02-12 01:30:00,NA,NA,2013,2,43,1
2013-02-12 02:00:00,NA,NA,2013,2,43,2
2013-02-12 02:29:59,NA,NA,2013,2,43,2
2013-02-12 03:00:00,NA,NA,2013,2,43,3
2013-02-12 03:30:00,NA,NA,2013,2,43,3
2013-02-12 03:59:59,NA,NA,2013,2,43,3
2013-02-12 04:30:00,NA,NA,2013,2,43,4
2013-02-12 05:00:00,NA,NA,2013,2,43,5
2013-02-12 05:29:59,NA,NA,2013,2,43,5
2013-02-12 06:00:00,NA,NA,2013,2,43,6
2013-02-12 06:30:00,NA,NA,2013,2,43,6
2013-02-12 06:59:59,NA,NA,2013,2,43,6
2013-02-12 07:30:00,NA,NA,2013,2,43,7
2013-02-12 08:00:00,NA,NA,2013,2,43,8
2013-02-12 08:29:59,NA,NA,2013,2,43,8
2013-02-12 09:00:00,NA,NA,2013,2,43,9
2013-02-12 09:30:00,NA,NA,2013,2,43,9
2013-02-12 09:59:59,NA,NA,2013,2,43,9
2013-02-12 10:30:00,NA,NA,2013,2,43,10
2013-02-12 11:00:00,NA,NA,2013,2,43,11
2013-02-12 11:29:59,NA,NA,2013,2,43,11
2013-02-12 12:00:00,NA,NA,2013,2,43,12
2013-02-12 12:30:00,NA,NA,2013,2,43,12
2013-02-12 12:59:59,NA,NA,2013,2,43,12
2013-02-12 13:30:00,NA,NA,2013,2,43,13
2013-02-12 14:00:00,NA,NA,2013,2,43,14
2013-02-12 14:29:59,NA,NA,2013,2,43,14
2013-02-12 15:00:00,NA,NA,2013,2,43,15
2013-02-12 15:30:00,NA,NA,2013,2,43,15
2013-02-12 15:59:59,NA,NA,2013,2,43,15
2013-02-12 16:30:00,NA,NA,2013,2,43,16
2013-02-12 17:00:00,NA,NA,2013,2,43,17
2013-02-12 17:29:59,NA,NA,2013,2,43,17
2013-02-12 18:00:00,NA,NA,2013,2,43,18
2013-02-12 18:30:00,NA,NA,2013,2,43,18
2013-02-12 18:59:59,NA,NA,2013,2,43,18
2013-02-12 19:30:00,NA,NA,2013,2,43,19
2013-02-12 20:00:00,NA,NA,2013,2,43,20
2013-02-12 20:29:59,NA,NA,2013,2,43,20
2013-02-12 21:00:00,NA,NA,2013,2,43,21
2013-02-12 21:30:00,NA,NA,2013,2,43,21
2013-02-12 21:59:59,NA,NA,2013,2,43,21
2013-02-12 22:30:00,NA,NA,2013,2,43,22
2013-02-12 23:00:00,NA,NA,2013,2,43,23
2013-02-12 23:29:59,NA,NA,2013,2,43,23
2013-02-13 00:00:00,NA,NA,2013,2,44,0
2013-02-13 00:30:00,NA,NA,2013,2,44,0
2013-02-13 00:59:59,NA,NA,2013,2,44,0
2013-02-13 01:30:00,NA,NA,2013,2,44,1
2013-02-13 02:00:00,NA,NA,2013,2,44,2
2013-02-13 02:29:59,NA,NA,2013,2,44,2
2013-02-13 03:00:00,NA,NA,2013,2,44,3
2013-02-13 03:30:00,NA,NA,2013,2,44,3
2013-02-13 03:59:59,NA,NA,2013,2,44,3
2013-02-13 04:30:00,NA,NA,2013,2,44,4
2013-02-13 05:00:00,NA,NA,2013,2,44,5
2013-02-13 05:29:59,NA,NA,2013,2,44,5
2013-02-13 06:00:00,NA,NA,2013,2,44,6
2013-02-13 06:30:00,NA,NA,2013,2,44,6
2013-02-13 06:59:59,NA,NA,2013,2,44,6
2013-02-13 07:30:00,NA,NA,2013,2,44,7
2013-02-13 08:00:00,NA,NA,2013,2,44,8
2013-02-13 08:29:59,NA,NA,2013,2,44,8
2013-02-13 09:00:00,NA,NA,2013,2,44,9
2013-02-13 09:30:00,NA,NA,2013,2,44,9
2013-02-13 09:59:59,NA,NA,2013,2,44,9
2013-02-13 10:30:00,NA,NA,2013,2,44,10
2013-02-13 11:00:00,NA,NA,2013,2,44,11
2013-02-13 11:29:59,NA,NA,2013,2,44,11
2013-02-13 12:00:00,NA,NA,2013,2,44,12
2013-02-13 12:30:00,NA,NA,2013,2,44,12
2013-02-13 12:59:59,NA,NA,2013,2,44,12
2013-02-13 13:30:00,NA,NA,2013,2,44,13
2013-02-13 14:00:00,NA,NA,2013,2,44,14
2013-02-13 14:29:59,NA,NA,2013,2,44,14
2013-02-13 15:00:00,NA,NA,2013,2,44,15
2013-02-13 15:30:00,NA,NA,2013,2,44,15
2013-02-13 15:59:59,NA,NA,2013,2,44,15
2013-02-13 16:30:00,NA,NA,2013,2,44,16
2013-02-13 17:00:00,NA,NA,2013,2,44,17
2013-02-13 17:29:59,NA,NA,2013,2,44,17
2013-02-13 18:00:00,NA,NA,2013,2,44,18
2013-02-13 18:30:00,NA,NA,2013,2,44,18
2013-02-13 18:59:59,NA,NA,2013,2,44,18
2013-02-13 19:30:00,NA,NA,2013,2,44,19
2013-02-13 20:00:00,NA,NA,2013,2,44,20
2013-02-13 20:29:59,NA,NA,2013,2,44,20
2013-02-13 21:00:00,NA,NA,2013,2,44,21
2013-02-13 21:30:00,NA,NA,2013,2,44,21
2013-02-13 21:59:59,NA,NA,2013,2,44,21
2013-02-13 22:30:00,NA,NA,2013,2,44,22
2013-02-13 23:00:00,NA,NA,2013,2,44,23
2013-02-13 23:29:59,NA,NA,2013,2,44,23
2013-02-14 00:00:00,NA,NA,2013,2,45,0
2013-02-14 00:30:00,NA,NA,2013,2,45,0
2013-02-14 00:59:59,NA,NA,2013,2,45,0
2013-02-14 01:30:00,NA,NA,2013,2,45,1
2013-02-14 02:00:00,NA,NA,2013,2,45,2
2013-02-14 02:29:59,NA,NA,2013,2,45,2
2013-02-14 03:00:00,NA,NA,2013,2,45,3
2013-02-14 03:30:00,NA,NA,2013,2,45,3
2013-02-14 03:59:59,NA,NA,2013,2,45,3
2013-02-14 04:30:00,NA,NA,2013,2,45,4
2013-02-14 05:00:00,NA,NA,2013,2,45,5
2013-02-14 05:29:59,NA,NA,2013,2,45,5
2013-02-14 06:00:00,NA,NA,2013,2,45,6
2013-02-14 06:30:00,NA,NA,2013,2,45,6
2013-02-14 06:59:59,NA,NA,2013,2,45,6
2013-02-14 07:30:00,NA,NA,2013,2,45,7
2013-02-14 08:00:00,NA,NA,2013,2,45,8
2013-02-14 08:29:59,NA,NA,2013,2,45,8
2013-02-14 09:00:00,NA,NA,2013,2,45,9
2013-02-14 09:30:00,NA,NA,2013,2,45,9
2013-02-14 09:59:59,NA,NA,2013,2,45,9
2013-02-14 10:30:00,NA,NA,2013,2,45,10
2013-02-14 11:00:00,NA,NA,2013,2,45,11
2013-02-14 11:29:59,NA,NA,2013,2,45,11
2013-02-14 12:00:00,NA,NA,2013,2,45,12
2013-02-14 12:30:00,NA,NA,2013,2,45,12
2013-02-14 12:59:59,NA,NA,2013,2,45,12
2013-02-14 13:30:00,NA,NA,2013,2,45,13
2013-02-14 14:00:00,NA,NA,2013,2,45,14
2013-02-14 14:29:59,NA,NA,2013,2,45,14
2013-02-14 15:00:00,NA,NA,2013,2,45,15
2013-02-14 15:30:00,NA,NA,2013,2,45,15
2013-02-14 15:59:59,NA,NA,2013,2,45,15
2013-02-14 16:30:00,NA,NA,2013,2,45,16
2013-02-14 17:00:00,NA,NA,2013,2,45,17
2013-02-14 17:29:59,NA,NA,2013,2,45,17
2013-02-14 18:00:00,NA,NA,2013,2,45,18
2013-02-14 18:30:00,NA,NA,2013,2,45,18
2013-02-14 18:59:59,NA,NA,2013,2,45,18
2013-02-14 19:30:00,NA,NA,2013,2,45,19
2013-02-14 20:00:00,NA,NA,2013,2,45,20
2013-02-14 20:29:59,NA,NA,2013,2,45,20
2013-02-14 21:00:00,NA,NA,2013,2,45,21
2013-02-14 21:30:00,NA,NA,2013,2,45,21
2013-02-14 21:59:59,NA,NA,2013,2,45,21
2013-02-14 22:30:00,NA,NA,2013,2,45,22
2013-02-14 23:00:00,NA,NA,2013,2,45,23
2013-02-14 23:29:59,NA,NA,2013,2,45,23
2013-02-15 00:00:00,NA,NA,2013,2,46,0
2013-02-15 00:30:00,NA,NA,2013,2,46,0
2013-02-15 00:59:59,NA,NA,2013,2,46,0
2013-02-15 01:30:00,NA,NA,2013,2,46,1
2013-02-15 02:00:00,NA,NA,2013,2,46,2
2013-02-15 02:29:59,NA,NA,2013,2,46,2
2013-02-15 03:00:00,NA,NA,2013,2,46,3
2013-02-15 03:30:00,NA,NA,2013,2,46,3
2013-02-15 03:59:59,NA,NA,2013,2,46,3
2013-02-15 04:30:00,NA,NA,2013,2,46,4
2013-02-15 05:00:00,NA,NA,2013,2,46,5
2013-02-15 05:29:59,NA,NA,2013,2,46,5
2013-02-15 06:00:00,NA,NA,2013,2,46,6
2013-02-15 06:30:00,NA,NA,2013,2,46,6
2013-02-15 06:59:59,NA,NA,2013,2,46,6
2013-02-15 07:30:00,NA,NA,2013,2,46,7
2013-02-15 08:00:00,NA,NA,2013,2,46,8
2013-02-15 08:29:59,NA,NA,2013,2,46,8
2013-02-15 09:00:00,NA,NA,2013,2,46,9
2013-02-15 09:30:00,NA,NA,2013,2,46,9
2013-02-15 09:59:59,NA,NA,2013,2,46,9
2013-02-15 10:30:00,NA,NA,2013,2,46,10
2013-02-15 11:00:00,NA,NA,2013,2,46,11
2013-02-15 11:29:59,NA,NA,2013,2,46,11
2013-02-15 12:00:00,NA,NA,2013,2,46,12
2013-02-15 12:30:00,NA,NA,2013,2,46,12
2013-02-15 12:59:59,NA,NA,2013,2,46,12
2013-02-15 13:30:00,NA,NA,2013,2,46,13
2013-02-15 14:00:00,NA,NA,2013,2,46,14
2013-02-15 14:29:59,NA,NA,2013,2,46,14
2013-02-15 15:00:00,NA,NA,2013,2,46,15
2013-02-15 15:30:00,NA,NA,2013,2,46,15
2013-02-15 15:59:59,NA,NA,2013,2,46,15
2013-02-15 16:30:00,NA,NA,2013,2,46,16
2013-02-15 17:00:00,NA,NA,2013,2,46,17
2013-02-15 17:29:59,NA,NA,2013,2,46,17
2013-02-15 18:00:00,NA,NA,2013,2,46,18
2013-02-15 18:30:00,NA,NA,2013,2,46,18
2013-02-15 18:59:59,NA,NA,2013,2,46,18
2013-02-15 19:30:00,NA,NA,2013,2,46,19
2013-02-15 20:00:00,NA,NA,2013,2,46,20
2013-02-15 20:29:59,NA,NA,2013,2,46,20
2013-02-15 21:00:00,NA,NA,2013,2,46,21
2013-02-15 21:30:00,NA,NA,2013,2,46,21
2013-02-15 21:59:59,NA,NA,2013,2,46,21
2013-02-15 22:30:00,NA,NA,2013,2,46,22
2013-02-15 23:00:00,NA,NA,2013,2,46,23
2013-02-15 23:29:59,NA,NA,2013,2,46,23
2013-02-16 00:00:00,NA,NA,2013,2,47,0
2013-02-16 00:30:00,NA,NA,2013,2,47,0
2013-02-16 00:59:59,NA,NA,2013,2,47,0
2013-02-16 01:30:00,NA,NA,2013,2,47,1
2013-02-16 02:00:00,NA,NA,2013,2,47,2
2013-02-16 02:29:59,NA,NA,2013,2,47,2
2013-02-16 03:00:00,NA,NA,2013,2,47,3
2013-02-16 03:30:00,NA,NA,2013,2,47,3
2013-02-16 03:59:59,NA,NA,2013,2,47,3
2013-02-16 04:30:00,NA,NA,2013,2,47,4
2013-02-16 05:00:00,NA,NA,2013,2,47,5
2013-02-16 05:29:59,NA,NA,2013,2,47,5
2013-02-16 06:00:00,NA,NA,2013,2,47,6
2013-02-16 06:30:00,NA,NA,2013,2,47,6
2013-02-16 06:59:59,NA,NA,2013,2,47,6
2013-02-16 07:30:00,NA,NA,2013,2,47,7
2013-02-16 08:00:00,NA,NA,2013,2,47,8
2013-02-16 08:29:59,NA,NA,2013,2,47,8
2013-02-16 09:00:00,NA,NA,2013,2,47,9
2013-02-16 09:30:00,NA,NA,2013,2,47,9
2013-02-16 09:59:59,NA,NA,2013,2,47,9
2013-02-16 10:30:00,NA,NA,2013,2,47,10
2013-02-16 11:00:00,NA,NA,2013,2,47,11
2013-02-16 11:29:59,NA,NA,2013,2,47,11
2013-02-16 12:00:00,NA,NA,2013,2,47,12
2013-02-16 12:30:00,NA,NA,2013,2,47,12
2013-02-16 12:59:59,NA,NA,2013,2,47,12
2013-02-16 13:30:00,NA,NA,2013,2,47,13
2013-02-16 14:00:00,NA,NA,2013,2,47,14
2013-02-16 14:29:59,NA,NA,2013,2,47,14
2013-02-16 15:00:00,NA,NA,2013,2,47,15
2013-02-16 15:30:00,NA,NA,2013,2,47,15
2013-02-16 15:59:59,NA,NA,2013,2,47,15
2013-02-16 16:30:00,40.07082,270.5805,2013,2,47,16
2013-02-16 17:00:00,40.20934,333.6522,2013,2,47,17
2013-02-16 17:29:59,40.31912,293.5185,2013,2,47,17
2013-02-16 18:00:00,40.07531,167.5752,2013,2,47,18
2013-02-16 18:30:00,39.6334,63.11715,2013,2,47,18
2013-02-16 18:59:59,38.85973,-0.9097034,2013,2,47,18
2013-02-16 19:30:00,38.00454,-6.395758,2013,2,47,19
2013-02-16 20:00:00,37.46308,-6.166436,2013,2,47,20
2013-02-16 20:29:59,37.10061,-5.804291,2013,2,47,20
2013-02-16 21:00:00,36.26441,-5.956285,2013,2,47,21
2013-02-16 21:30:00,35.31882,-5.307867,2013,2,47,21
2013-02-16 21:59:59,34.69965,-5.163578,2013,2,47,21
2013-02-16 22:30:00,33.98858,-5.01597,2013,2,47,22
2013-02-16 23:00:00,33.48365,-4.814383,2013,2,47,23
2013-02-16 23:29:59,33.05368,-4.246259,2013,2,47,23
2013-02-17 00:00:00,32.56044,-3.486175,2013,2,48,0
2013-02-17 00:30:00,32.24608,-3.916236,2013,2,48,0
2013-02-17 00:59:59,31.50911,-4.635353,2013,2,48,0
2013-02-17 01:30:00,31.68188,-4.338755,2013,2,48,1
2013-02-17 02:00:00,31.43566,-4.535648,2013,2,48,2
2013-02-17 02:29:59,30.93026,-4.759106,2013,2,48,2
2013-02-17 03:00:00,30.73676,-4.433454,2013,2,48,3
2013-02-17 03:30:00,30.98016,-4.389976,2013,2,48,3
2013-02-17 03:59:59,30.93346,-4.805253,2013,2,48,3
2013-02-17 04:30:00,30.43599,-4.890861,2013,2,48,4
2013-02-17 05:00:00,30.05148,-4.52658,2013,2,48,5
2013-02-17 05:29:59,29.90776,-4.035606,2013,2,48,5
2013-02-17 06:00:00,29.47109,11.50414,2013,2,48,6
2013-02-17 06:30:00,29.66504,48.09772,2013,2,48,6
2013-02-17 06:59:59,29.94007,166.3668,2013,2,48,6
2013-02-17 07:30:00,31.08389,303.386,2013,2,48,7
2013-02-17 08:00:00,32.96436,427.0644,2013,2,48,8
2013-02-17 08:29:59,34.54732,544.1847,2013,2,48,8
2013-02-17 09:00:00,35.76153,650.9311,2013,2,48,9
2013-02-17 09:30:00,37.37641,748.5414,2013,2,48,9
2013-02-17 09:59:59,38.79247,831.8633,2013,2,48,9
2013-02-17 10:30:00,39.54156,904.2856,2013,2,48,10
2013-02-17 11:00:00,39.69865,959.4398,2013,2,48,11
2013-02-17 11:29:59,40.05348,999.0057,2013,2,48,11
2013-02-17 12:00:00,40.29717,1022.479,2013,2,48,12
2013-02-17 12:30:00,40.28521,1061.737,2013,2,48,12
2013-02-17 12:59:59,40.26461,1057.791,2013,2,48,12
2013-02-17 13:30:00,40.22599,512.8892,2013,2,48,13
2013-02-17 14:00:00,40.21949,932.9464,2013,2,48,14
2013-02-17 14:29:59,40.20518,600.252,2013,2,48,14
2013-02-17 15:00:00,40.23746,562.7563,2013,2,48,15
2013-02-17 15:30:00,40.28867,790.757,2013,2,48,15
2013-02-17 15:59:59,39.92005,673.8062,2013,2,48,15
2013-02-17 16:30:00,39.2795,344.9861,2013,2,48,16
2013-02-17 17:00:00,38.83572,432.6265,2013,2,48,17
2013-02-17 17:29:59,38.0359,283.1463,2013,2,48,17
2013-02-17 18:00:00,37.09499,167.2212,2013,2,48,18
2013-02-17 18:30:00,36.08495,66.46394,2013,2,48,18
2013-02-17 18:59:59,34.81625,1.872888,2013,2,48,18
2013-02-17 19:30:00,33.88224,-4.934368,2013,2,48,19
2013-02-17 20:00:00,32.82059,-4.789434,2013,2,48,20
2013-02-17 20:29:59,31.92111,-4.502164,2013,2,48,20
2013-02-17 21:00:00,30.94235,-4.291862,2013,2,48,21
2013-02-17 21:30:00,30.11138,-4.324822,2013,2,48,21
2013-02-17 21:59:59,29.31437,-4.043349,2013,2,48,21
2013-02-17 22:30:00,28.18066,-4.057029,2013,2,48,22
2013-02-17 23:00:00,25.19643,-3.558805,2013,2,48,23
2013-02-17 23:29:59,22.63482,-3.839671,2013,2,48,23
2013-02-18 00:00:00,20.88858,-3.153477,2013,2,49,0
2013-02-18 00:30:00,20.1774,-2.111031,2013,2,49,0
2013-02-18 00:59:59,19.70478,-2.066859,2013,2,49,0
2013-02-18 01:30:00,19.28126,-2.309153,2013,2,49,1
2013-02-18 02:00:00,18.7579,-1.024377,2013,2,49,2
2013-02-18 02:29:59,18.45377,-0.863699,2013,2,49,2
2013-02-18 03:00:00,17.92186,-0.8111475,2013,2,49,3
2013-02-18 03:30:00,17.57179,-0.8409814,2013,2,49,3
2013-02-18 03:59:59,17.69425,-0.9654748,2013,2,49,3
2013-02-18 04:30:00,17.6131,-0.9401556,2013,2,49,4
2013-02-18 05:00:00,17.42605,-0.88483,2013,2,49,5
2013-02-18 05:29:59,17.24984,-0.8049111,2013,2,49,5
2013-02-18 06:00:00,17.2742,3.38731,2013,2,49,6
2013-02-18 06:30:00,17.25574,19.9982,2013,2,49,6
2013-02-18 06:59:59,17.09537,102.7306,2013,2,49,6
2013-02-18 07:30:00,17.53917,258.5068,2013,2,49,7
2013-02-18 08:00:00,17.72923,378.1342,2013,2,49,8
2013-02-18 08:29:59,18.06002,502.1133,2013,2,49,8
2013-02-18 09:00:00,18.7569,566.4719,2013,2,49,9
2013-02-18 09:30:00,19.49014,758.2995,2013,2,49,9
2013-02-18 09:59:59,19.95091,846.5721,2013,2,49,9
2013-02-18 10:30:00,20.65326,920.9192,2013,2,49,10
2013-02-18 11:00:00,20.88462,978.8113,2013,2,49,11
2013-02-18 11:29:59,21.68014,1019.311,2013,2,49,11
2013-02-18 12:00:00,22.33057,1042.562,2013,2,49,12
2013-02-18 12:30:00,23.21506,1051.608,2013,2,49,12
2013-02-18 12:59:59,23.52766,1044.43,2013,2,49,12
2013-02-18 13:30:00,24.28363,1018.809,2013,2,49,13
2013-02-18 14:00:00,24.98263,976.3088,2013,2,49,14
2013-02-18 14:29:59,25.38958,918.3834,2013,2,49,14
2013-02-18 15:00:00,25.857,846.0814,2013,2,49,15
2013-02-18 15:30:00,26.37074,758.6028,2013,2,49,15
2013-02-18 15:59:59,26.93822,658.6064,2013,2,49,15
2013-02-18 16:30:00,27.19275,549.0123,2013,2,49,16
2013-02-18 17:00:00,27.15715,429.0874,2013,2,49,17
2013-02-18 17:29:59,27.22941,306.9855,2013,2,49,17
2013-02-18 18:00:00,26.99543,185.3607,2013,2,49,18
2013-02-18 18:30:00,26.66512,74.54816,2013,2,49,18
2013-02-18 18:59:59,26.11116,2.832898,2013,2,49,18
2013-02-18 19:30:00,25.68938,-6.066134,2013,2,49,19
2013-02-18 20:00:00,25.28192,-5.993369,2013,2,49,20
2013-02-18 20:29:59,24.76118,-6.06611,2013,2,49,20
2013-02-18 21:00:00,24.23946,-5.923717,2013,2,49,21
2013-02-18 21:30:00,23.72438,-5.498671,2013,2,49,21
2013-02-18 21:59:59,23.44004,-5.29288,2013,2,49,21
2013-02-18 22:30:00,23.11506,-5.377827,2013,2,49,22
2013-02-18 23:00:00,22.63451,-5.331039,2013,2,49,23
2013-02-18 23:29:59,22.03704,-5.229817,2013,2,49,23
2013-02-19 00:00:00,21.74411,-4.829136,2013,2,50,0
2013-02-19 00:30:00,21.94268,-4.334662,2013,2,50,0
2013-02-19 00:59:59,21.51936,-4.433217,2013,2,50,0
2013-02-19 01:30:00,20.89957,-4.608061,2013,2,50,1
2013-02-19 02:00:00,20.01536,-4.208565,2013,2,50,2
2013-02-19 02:29:59,19.27807,-4.104518,2013,2,50,2
2013-02-19 03:00:00,18.6185,-4.082178,2013,2,50,3
2013-02-19 03:30:00,18.03089,-4.164788,2013,2,50,3
2013-02-19 03:59:59,17.40224,-4.088643,2013,2,50,3
2013-02-19 04:30:00,16.71635,-4.068396,2013,2,50,4
2013-02-19 05:00:00,16.03172,-3.998047,2013,2,50,5
2013-02-19 05:29:59,15.41056,-3.787603,2013,2,50,5
2013-02-19 06:00:00,14.98259,7.40931,2013,2,50,6
2013-02-19 06:30:00,14.91815,43.73594,2013,2,50,6
2013-02-19 06:59:59,15.06699,177.6302,2013,2,50,6
2013-02-19 07:30:00,15.45431,303.8209,2013,2,50,7
2013-02-19 08:00:00,15.85904,429.9765,2013,2,50,8
2013-02-19 08:29:59,16.56596,549.1321,2013,2,50,8
2013-02-19 09:00:00,17.34517,659.6856,2013,2,50,9
2013-02-19 09:30:00,18.17444,758.9398,2013,2,50,9
2013-02-19 09:59:59,19.1839,843.5428,2013,2,50,9
2013-02-19 10:30:00,20.07296,914.2305,2013,2,50,10
2013-02-19 11:00:00,20.57417,971.1188,2013,2,50,11
2013-02-19 11:29:59,21.66021,1010.758,2013,2,50,11
2013-02-19 12:00:00,22.5308,1033.134,2013,2,50,12
2013-02-19 12:30:00,23.34945,1038.952,2013,2,50,12
2013-02-19 12:59:59,24.29759,1028.263,2013,2,50,12
2013-02-19 13:30:00,24.98525,998.8881,2013,2,50,13
2013-02-19 14:00:00,25.72452,934.0352,2013,2,50,14
2013-02-19 14:29:59,26.53166,911.8972,2013,2,50,14
2013-02-19 15:00:00,27.41117,810.4512,2013,2,50,15
2013-02-19 15:30:00,27.76353,754.9768,2013,2,50,15
2013-02-19 15:59:59,28.36341,621.6664,2013,2,50,15
2013-02-19 16:30:00,28.70385,472.6342,2013,2,50,16
2013-02-19 17:00:00,29.0714,433.4543,2013,2,50,17
2013-02-19 17:29:59,29.09289,301.1678,2013,2,50,17
2013-02-19 18:00:00,28.7615,178.5533,2013,2,50,18
2013-02-19 18:30:00,28.35678,54.02451,2013,2,50,18
2013-02-19 18:59:59,27.60846,-0.4495628,2013,2,50,18
2013-02-19 19:30:00,27.02725,-5.76133,2013,2,50,19
2013-02-19 20:00:00,26.42222,-5.006364,2013,2,50,20
2013-02-19 20:29:59,25.92881,-5.445044,2013,2,50,20
2013-02-19 21:00:00,25.37852,-5.400774,2013,2,50,21
2013-02-19 21:30:00,24.84693,-5.19109,2013,2,50,21
2013-02-19 21:59:59,24.38296,-4.375674,2013,2,50,21
2013-02-19 22:30:00,24.03139,-5.003861,2013,2,50,22
2013-02-19 23:00:00,23.61313,-5.231199,2013,2,50,23
2013-02-19 23:29:59,23.21588,-4.818016,2013,2,50,23
2013-02-20 00:00:00,22.62741,-5.033208,2013,2,51,0
2013-02-20 00:30:00,21.98419,-4.855659,2013,2,51,0
2013-02-20 00:59:59,21.52309,-4.061859,2013,2,51,0
2013-02-20 01:30:00,21.51247,-3.83248,2013,2,51,1
2013-02-20 02:00:00,21.10461,-4.264641,2013,2,51,2
2013-02-20 02:29:59,21.01303,-4.030115,2013,2,51,2
2013-02-20 03:00:00,20.87977,-3.794365,2013,2,51,3
2013-02-20 03:30:00,20.15172,-3.505626,2013,2,51,3
2013-02-20 03:59:59,19.54516,-3.733347,2013,2,51,3
2013-02-20 04:30:00,18.83289,-3.245895,2013,2,51,4
2013-02-20 05:00:00,18.54991,-3.489943,2013,2,51,5
2013-02-20 05:29:59,18.56261,-2.089482,2013,2,51,5
2013-02-20 06:00:00,18.71722,3.036979,2013,2,51,6
2013-02-20 06:30:00,18.5938,25.15251,2013,2,51,6
2013-02-20 06:59:59,18.48944,73.48663,2013,2,51,6
2013-02-20 07:30:00,18.57634,108.3471,2013,2,51,7
2013-02-20 08:00:00,18.70078,170.0959,2013,2,51,8
2013-02-20 08:29:59,19.02501,223.399,2013,2,51,8
2013-02-20 09:00:00,19.30799,280.2569,2013,2,51,9
2013-02-20 09:30:00,20.24771,575.6526,2013,2,51,9
2013-02-20 09:59:59,20.78333,458.4565,2013,2,51,9
2013-02-20 10:30:00,21.45319,531.0269,2013,2,51,10
2013-02-20 11:00:00,22.43227,734.8617,2013,2,51,11
2013-02-20 11:29:59,23.15278,494.5194,2013,2,51,11
2013-02-20 12:00:00,23.92142,431.6128,2013,2,51,12
2013-02-20 12:30:00,24.39205,374.4804,2013,2,51,12
2013-02-20 12:59:59,25.31537,759.4299,2013,2,51,12
2013-02-20 13:30:00,26.24454,667.6201,2013,2,51,13
2013-02-20 14:00:00,27.00764,578.4086,2013,2,51,14
2013-02-20 14:29:59,27.37192,324.7939,2013,2,51,14
2013-02-20 15:00:00,27.55013,162.1976,2013,2,51,15
2013-02-20 15:30:00,27.81723,213.9599,2013,2,51,15
2013-02-20 15:59:59,27.95752,142.4158,2013,2,51,15
2013-02-20 16:30:00,27.89319,118.6734,2013,2,51,16
2013-02-20 17:00:00,27.94711,96.06989,2013,2,51,17
2013-02-20 17:29:59,27.93996,40.63198,2013,2,51,17
2013-02-20 18:00:00,27.86078,20.02482,2013,2,51,18
2013-02-20 18:30:00,27.68067,31.35896,2013,2,51,18
2013-02-20 18:59:59,27.62061,4.141747,2013,2,51,18
2013-02-20 19:30:00,27.42495,-3.087876,2013,2,51,19
2013-02-20 20:00:00,27.19594,-4.01501,2013,2,51,20
2013-02-20 20:29:59,27.05248,-4.029627,2013,2,51,20
2013-02-20 21:00:00,26.9062,-4.356701,2013,2,51,21
2013-02-20 21:30:00,26.29944,-3.683786,2013,2,51,21
2013-02-20 21:59:59,25.94032,-3.802202,2013,2,51,21
2013-02-20 22:30:00,25.88547,-3.674166,2013,2,51,22
2013-02-20 23:00:00,25.73226,-4.009885,2013,2,51,23
2013-02-20 23:29:59,25.24058,-3.823452,2013,2,51,23
2013-02-21 00:00:00,25.09561,-3.397629,2013,2,52,0
2013-02-21 00:30:00,24.68318,-3.658333,2013,2,52,0
2013-02-21 00:59:59,24.27021,-3.322558,2013,2,52,0
2013-02-21 01:30:00,23.86159,-3.332287,2013,2,52,1
2013-02-21 02:00:00,22.97154,-3.425066,2013,2,52,2
2013-02-21 02:29:59,22.88705,-3.04017,2013,2,52,2
2013-02-21 03:00:00,22.27909,-2.942983,2013,2,52,3
2013-02-21 03:30:00,21.66016,-2.843012,2013,2,52,3
2013-02-21 03:59:59,21.61884,-2.832621,2013,2,52,3
2013-02-21 04:30:00,21.7022,-2.29364,2013,2,52,4
2013-02-21 05:00:00,21.3063,-2.098598,2013,2,52,5
2013-02-21 05:29:59,21.06684,-1.90243,2013,2,52,5
2013-02-21 06:00:00,20.99037,8.037224,2013,2,52,6
2013-02-21 06:30:00,21.15796,49.5403,2013,2,52,6
2013-02-21 06:59:59,21.64763,204.1772,2013,2,52,6
2013-02-21 07:30:00,21.80559,198.5991,2013,2,52,7
2013-02-21 08:00:00,22.14003,277.9788,2013,2,52,8
2013-02-21 08:29:59,22.77214,369.2075,2013,2,52,8
2013-02-21 09:00:00,23.77276,350.2673,2013,2,52,9
2013-02-21 09:30:00,24.52677,534.7817,2013,2,52,9
2013-02-21 09:59:59,25.78421,711.0597,2013,2,52,9
2013-02-21 10:30:00,26.73721,856.6616,2013,2,52,10
2013-02-21 11:00:00,28.08675,886.1877,2013,2,52,11
2013-02-21 11:29:59,29.04098,914.7299,2013,2,52,11
2013-02-21 12:00:00,30.07562,709.7734,2013,2,52,12
2013-02-21 12:30:00,31.3728,989.3757,2013,2,52,12
2013-02-21 12:59:59,32.2288,836.6647,2013,2,52,12
2013-02-21 13:30:00,32.87718,768.4719,2013,2,52,13
2013-02-21 14:00:00,33.16878,469.8705,2013,2,52,14
2013-02-21 14:29:59,34.15548,625.4879,2013,2,52,14
2013-02-21 15:00:00,34.21122,358.3037,2013,2,52,15
2013-02-21 15:30:00,34.85814,526.4684,2013,2,52,15
2013-02-21 15:59:59,35.20026,634.7893,2013,2,52,15
2013-02-21 16:30:00,35.31401,507.084,2013,2,52,16
2013-02-21 17:00:00,35.61125,391.7371,2013,2,52,17
2013-02-21 17:29:59,35.6556,271.6773,2013,2,52,17
2013-02-21 18:00:00,35.54662,158.2926,2013,2,52,18
2013-02-21 18:30:00,35.36149,54.48169,2013,2,52,18
2013-02-21 18:59:59,34.76891,-1.718271,2013,2,52,18
2013-02-21 19:30:00,34.09481,-4.741424,2013,2,52,19
2013-02-21 20:00:00,33.58662,-4.398849,2013,2,52,20
2013-02-21 20:29:59,32.96428,-4.265031,2013,2,52,20
2013-02-21 21:00:00,32.1008,-4.542925,2013,2,52,21
2013-02-21 21:30:00,31.2827,-4.336806,2013,2,52,21
2013-02-21 21:59:59,30.86141,-3.717692,2013,2,52,21
2013-02-21 22:30:00,30.60109,-2.919389,2013,2,52,22
2013-02-21 23:00:00,30.38578,-2.203665,2013,2,52,23
2013-02-21 23:29:59,30.37153,-1.745514,2013,2,52,23
2013-02-22 00:00:00,30.81332,-2.716284,2013,2,53,0
2013-02-22 00:30:00,30.60455,-2.48385,2013,2,53,0
2013-02-22 00:59:59,30.33827,-2.588794,2013,2,53,0
2013-02-22 01:30:00,30.04148,-2.824819,2013,2,53,1
2013-02-22 02:00:00,29.6303,-2.686467,2013,2,53,2
2013-02-22 02:29:59,29.44584,-2.821647,2013,2,53,2
2013-02-22 03:00:00,29.11076,-3.206571,2013,2,53,3
2013-02-22 03:30:00,28.68324,-3.175084,2013,2,53,3
2013-02-22 03:59:59,28.38037,-2.065204,2013,2,53,3
2013-02-22 04:30:00,28.22568,-2.064058,2013,2,53,4
2013-02-22 05:00:00,28.1001,-2.109855,2013,2,53,5
2013-02-22 05:29:59,27.73548,-1.798332,2013,2,53,5
2013-02-22 06:00:00,27.30441,-3.961618,2013,2,53,6
2013-02-22 06:30:00,27.12845,11.30378,2013,2,53,6
2013-02-22 06:59:59,27.20361,60.78831,2013,2,53,6
2013-02-22 07:30:00,27.16647,76.2689,2013,2,53,7
2013-02-22 08:00:00,27.47941,209.05,2013,2,53,8
2013-02-22 08:29:59,28.32671,338.3399,2013,2,53,8
2013-02-22 09:00:00,28.86228,374.4424,2013,2,53,9
2013-02-22 09:30:00,29.19231,511.9632,2013,2,53,9
2013-02-22 09:59:59,30.06143,486.146,2013,2,53,9
2013-02-22 10:30:00,31.02092,305.5578,2013,2,53,10
2013-02-22 11:00:00,31.3761,210.1692,2013,2,53,11
2013-02-22 11:29:59,31.6275,317.8398,2013,2,53,11
2013-02-22 12:00:00,32.4076,621.6727,2013,2,53,12
2013-02-22 12:30:00,34.22702,686.2976,2013,2,53,12
2013-02-22 12:59:59,35.60201,739.8774,2013,2,53,12
2013-02-22 13:30:00,35.72778,556.675,2013,2,53,13
2013-02-22 14:00:00,35.97577,709.5609,2013,2,53,14
2013-02-22 14:29:59,36.38049,654.4694,2013,2,53,14
2013-02-22 15:00:00,37.08004,776.5337,2013,2,53,15
2013-02-22 15:30:00,36.87366,480.8665,2013,2,53,15
2013-02-22 15:59:59,37.1909,506.5294,2013,2,53,15
2013-02-22 16:30:00,36.90813,191.6976,2013,2,53,16
2013-02-22 17:00:00,36.91544,220.6459,2013,2,53,17
2013-02-22 17:29:59,37.50986,275.7457,2013,2,53,17
2013-02-22 18:00:00,37.06414,38.01878,2013,2,53,18
2013-02-22 18:30:00,36.74949,14.79792,2013,2,53,18
2013-02-22 18:59:59,36.31375,-1.837253,2013,2,53,18
2013-02-22 19:30:00,35.78913,-3.400531,2013,2,53,19
2013-02-22 20:00:00,35.29679,-2.902574,2013,2,53,20
2013-02-22 20:29:59,34.7598,-6.412252,2013,2,53,20
2013-02-22 21:00:00,31.17312,NA,2013,2,53,21
2013-02-22 21:30:00,30.43734,-2.11451,2013,2,53,21
2013-02-22 21:59:59,29.48514,-3.017795,2013,2,53,21
2013-02-22 22:30:00,29.40947,-1.911605,2013,2,53,22
2013-02-22 23:00:00,29.86382,-1.890532,2013,2,53,23
2013-02-22 23:29:59,28.14865,-8.923787,2013,2,53,23
2013-02-23 00:00:00,26.9912,-3.615424,2013,2,54,0
2013-02-23 00:30:00,26.78107,-0.6623242,2013,2,54,0
2013-02-23 00:59:59,26.38391,-3.847279,2013,2,54,0
2013-02-23 01:30:00,25.87501,-1.622148,2013,2,54,1
2013-02-23 02:00:00,25.13886,-2.788448,2013,2,54,2
2013-02-23 02:29:59,24.53773,-1.617098,2013,2,54,2
2013-02-23 03:00:00,23.77114,-1.590865,2013,2,54,3
2013-02-23 03:30:00,22.75825,-4.839283,2013,2,54,3
2013-02-23 03:59:59,21.89873,-1.815434,2013,2,54,3
2013-02-23 04:30:00,21.91609,-1.52684,2013,2,54,4
2013-02-23 05:00:00,21.75409,-1.615026,2013,2,54,5
2013-02-23 05:29:59,21.35072,-1.918242,2013,2,54,5
2013-02-23 06:00:00,20.97254,1.285657,2013,2,54,6
2013-02-23 06:30:00,20.69847,34.50542,2013,2,54,6
2013-02-23 06:59:59,20.55456,90.98356,2013,2,54,6
2013-02-23 07:30:00,20.82955,219.8598,2013,2,54,7
2013-02-23 08:00:00,21.12561,238.3073,2013,2,54,8
2013-02-23 08:29:59,22.01326,358.5637,2013,2,54,8
2013-02-23 09:00:00,22.58578,355.8721,2013,2,54,9
2013-02-23 09:30:00,22.20037,372.7082,2013,2,54,9
2013-02-23 09:59:59,22.16058,445.8707,2013,2,54,9
2013-02-23 10:30:00,22.94458,700.9782,2013,2,54,10
2013-02-23 11:00:00,23.60272,939.9718,2013,2,54,11
2013-02-23 11:29:59,24.39045,979.7664,2013,2,54,11
2013-02-23 12:00:00,25.27654,1033.813,2013,2,54,12
2013-02-23 12:30:00,25.94175,618.5939,2013,2,54,12
2013-02-23 12:59:59,25.51952,547.7919,2013,2,54,12
2013-02-23 13:30:00,24.06711,568.9272,2013,2,54,13
2013-02-23 14:00:00,24.01815,495.1601,2013,2,54,14
2013-02-23 14:29:59,24.0111,607.3408,2013,2,54,14
2013-02-23 15:00:00,24.44761,500.6649,2013,2,54,15
2013-02-23 15:30:00,24.70894,602.6628,2013,2,54,15
2013-02-23 15:59:59,25.19796,462.6833,2013,2,54,15
2013-02-23 16:30:00,25.11321,340.187,2013,2,54,16
2013-02-23 17:00:00,25.29402,414.066,2013,2,54,17
2013-02-23 17:29:59,25.66815,362.0048,2013,2,54,17
2013-02-23 18:00:00,25.80706,200.213,2013,2,54,18
2013-02-23 18:30:00,25.89915,80.77563,2013,2,54,18
2013-02-23 18:59:59,25.61281,1.354205,2013,2,54,18
2013-02-23 19:30:00,25.10788,-5.738105,2013,2,54,19
2013-02-23 20:00:00,24.20282,-5.366004,2013,2,54,20
2013-02-23 20:29:59,23.61283,-5.173893,2013,2,54,20
2013-02-23 21:00:00,23.10721,-4.992088,2013,2,54,21
2013-02-23 21:30:00,22.273,-5.086193,2013,2,54,21
2013-02-23 21:59:59,21.63488,-4.855549,2013,2,54,21
2013-02-23 22:30:00,21.24232,-4.629758,2013,2,54,22
2013-02-23 23:00:00,20.85838,-4.574787,2013,2,54,23
2013-02-23 23:29:59,20.38578,-4.808486,2013,2,54,23
2013-02-24 00:00:00,19.80656,-4.45169,2013,2,55,0
2013-02-24 00:30:00,19.35266,-4.257928,2013,2,55,0
2013-02-24 00:59:59,18.95853,-4.16406,2013,2,55,0
2013-02-24 01:30:00,18.66483,-4.193046,2013,2,55,1
2013-02-24 02:00:00,18.33649,-4.028907,2013,2,55,2
2013-02-24 02:29:59,17.80394,-3.413455,2013,2,55,2
2013-02-24 03:00:00,17.50925,-3.325092,2013,2,55,3
2013-02-24 03:30:00,17.56087,-3.538103,2013,2,55,3
2013-02-24 03:59:59,17.28888,-3.555489,2013,2,55,3
2013-02-24 04:30:00,17.46058,-3.262257,2013,2,55,4
2013-02-24 05:00:00,16.8924,-3.386232,2013,2,55,5
2013-02-24 05:29:59,16.59788,-3.033062,2013,2,55,5
2013-02-24 06:00:00,16.47557,2.989014,2013,2,55,6
2013-02-24 06:30:00,16.71443,44.13578,2013,2,55,6
2013-02-24 06:59:59,17.14535,153.2237,2013,2,55,6
2013-02-24 07:30:00,17.74837,196.7082,2013,2,55,7
2013-02-24 08:00:00,18.40775,275.8033,2013,2,55,8
2013-02-24 08:29:59,19.47401,495.3058,2013,2,55,8
2013-02-24 09:00:00,20.5525,625.6891,2013,2,55,9
2013-02-24 09:30:00,21.59257,725.9949,2013,2,55,9
2013-02-24 09:59:59,22.49793,812.6257,2013,2,55,9
2013-02-24 10:30:00,23.63658,888.3149,2013,2,55,10
2013-02-24 11:00:00,24.42572,951.8399,2013,2,55,11
2013-02-24 11:29:59,25.46733,1009.37,2013,2,55,11
2013-02-24 12:00:00,26.17975,1020.699,2013,2,55,12
2013-02-24 12:30:00,26.77693,1057.968,2013,2,55,12
2013-02-24 12:59:59,27.49066,924.2719,2013,2,55,12
2013-02-24 13:30:00,27.80443,789.1566,2013,2,55,13
2013-02-24 14:00:00,28.79922,768.7702,2013,2,55,14
2013-02-24 14:29:59,28.95364,886.3376,2013,2,55,14
2013-02-24 15:00:00,29.07391,684.8257,2013,2,55,15
2013-02-24 15:30:00,29.18179,481.3932,2013,2,55,15
2013-02-24 15:59:59,29.9971,543.7383,2013,2,55,15
2013-02-24 16:30:00,29.82561,478.2224,2013,2,55,16
2013-02-24 17:00:00,29.82725,211.1883,2013,2,55,17
2013-02-24 17:29:59,30.03122,234.2396,2013,2,55,17
2013-02-24 18:00:00,29.84064,85.81728,2013,2,55,18
2013-02-24 18:30:00,29.74178,47.71157,2013,2,55,18
2013-02-24 18:59:59,29.16425,-1.350811,2013,2,55,18
2013-02-24 19:30:00,28.58994,-4.463608,2013,2,55,19
2013-02-24 20:00:00,28.07652,-4.531975,2013,2,55,20
2013-02-24 20:29:59,27.60851,-4.399856,2013,2,55,20
2013-02-24 21:00:00,27.2531,-4.225801,2013,2,55,21
2013-02-24 21:30:00,26.87619,-4.403685,2013,2,55,21
2013-02-24 21:59:59,26.45939,-4.335718,2013,2,55,21
2013-02-24 22:30:00,25.98931,-4.241138,2013,2,55,22
2013-02-24 23:00:00,25.49255,-4.177918,2013,2,55,23
2013-02-24 23:29:59,24.79537,-4.03006,2013,2,55,23
2013-02-25 00:00:00,24.2959,-3.829676,2013,2,56,0
2013-02-25 00:30:00,23.83462,-3.618443,2013,2,56,0
2013-02-25 00:59:59,23.75133,-3.507558,2013,2,56,0
2013-02-25 01:30:00,23.33515,-3.687329,2013,2,56,1
2013-02-25 02:00:00,22.834,-3.586835,2013,2,56,2
2013-02-25 02:29:59,22.39028,-3.54706,2013,2,56,2
2013-02-25 03:00:00,21.96579,-3.551166,2013,2,56,3
2013-02-25 03:30:00,21.53116,-3.599564,2013,2,56,3
2013-02-25 03:59:59,21.09357,-3.490081,2013,2,56,3
2013-02-25 04:30:00,20.7292,-3.078041,2013,2,56,4
2013-02-25 05:00:00,20.71947,-2.977372,2013,2,56,5
2013-02-25 05:29:59,20.53628,-3.153679,2013,2,56,5
2013-02-25 06:00:00,20.40856,2.214695,2013,2,56,6
2013-02-25 06:30:00,20.53952,26.67058,2013,2,56,6
2013-02-25 06:59:59,20.76664,68.59626,2013,2,56,6
2013-02-25 07:30:00,21.01907,120.8843,2013,2,56,7
2013-02-25 08:00:00,21.80653,375.0777,2013,2,56,8
2013-02-25 08:29:59,22.80113,556.2367,2013,2,56,8
2013-02-25 09:00:00,23.76745,669.7315,2013,2,56,9
2013-02-25 09:30:00,24.98437,770.3154,2013,2,56,9
2013-02-25 09:59:59,26.31175,599.9827,2013,2,56,9
2013-02-25 10:30:00,26.36812,460.5695,2013,2,56,10
2013-02-25 11:00:00,26.73095,750.8409,2013,2,56,11
2013-02-25 11:29:59,26.73465,799.4129,2013,2,56,11
2013-02-25 12:00:00,27.80189,1004,2013,2,56,12
2013-02-25 12:30:00,28.82389,1008.012,2013,2,56,12
2013-02-25 12:59:59,29.70861,996.0795,2013,2,56,12
2013-02-25 13:30:00,30.17935,968.7621,2013,2,56,13
2013-02-25 14:00:00,31.02044,927.41,2013,2,56,14
2013-02-25 14:29:59,31.76977,865.8093,2013,2,56,14
2013-02-25 15:00:00,32.46119,791.7054,2013,2,56,15
2013-02-25 15:30:00,32.63659,707.7934,2013,2,56,15
2013-02-25 15:59:59,32.92508,611.3224,2013,2,56,15
2013-02-25 16:30:00,33.01296,514.6274,2013,2,56,16
2013-02-25 17:00:00,33.26197,392.9526,2013,2,56,17
2013-02-25 17:29:59,33.13128,238.9641,2013,2,56,17
2013-02-25 18:00:00,33.02821,154.6833,2013,2,56,18
2013-02-25 18:30:00,32.58322,36.007,2013,2,56,18
2013-02-25 18:59:59,32.09819,-2.81633,2013,2,56,18
2013-02-25 19:30:00,31.57243,-4.745758,2013,2,56,19
2013-02-25 20:00:00,31.02798,-4.461072,2013,2,56,20
2013-02-25 20:29:59,30.70522,-4.090688,2013,2,56,20
2013-02-25 21:00:00,30.28291,-4.299571,2013,2,56,21
2013-02-25 21:30:00,29.61497,-4.52797,2013,2,56,21
2013-02-25 21:59:59,29.13019,-4.403263,2013,2,56,21
2013-02-25 22:30:00,28.51254,-3.967231,2013,2,56,22
2013-02-25 23:00:00,28.34589,-3.427755,2013,2,56,23
2013-02-25 23:29:59,28.08913,-3.265247,2013,2,56,23
2013-02-26 00:00:00,27.95055,-2.955457,2013,2,57,0
2013-02-26 00:30:00,27.67226,-3.645543,2013,2,57,0
2013-02-26 00:59:59,27.33016,-3.358742,2013,2,57,0
2013-02-26 01:30:00,27.2685,-3.405632,2013,2,57,1
2013-02-26 02:00:00,26.88802,-3.985241,2013,2,57,2
2013-02-26 02:29:59,26.40978,-3.87331,2013,2,57,2
2013-02-26 03:00:00,25.64881,-3.882534,2013,2,57,3
2013-02-26 03:30:00,24.85991,-3.528235,2013,2,57,3
2013-02-26 03:59:59,24.22982,-2.262922,2013,2,57,3
2013-02-26 04:30:00,23.76626,-2.244876,2013,2,57,4
2013-02-26 05:00:00,23.31685,-2.894979,2013,2,57,5
2013-02-26 05:29:59,22.74395,-3.693637,2013,2,57,5
2013-02-26 06:00:00,22.30017,3.786513,2013,2,57,6
2013-02-26 06:30:00,22.29567,59.65236,2013,2,57,6
2013-02-26 06:59:59,22.52497,178.336,2013,2,57,6
2013-02-26 07:30:00,22.78667,348.1957,2013,2,57,7
2013-02-26 08:00:00,23.73087,518.7469,2013,2,57,8
2013-02-26 08:29:59,24.66474,618.4867,2013,2,57,8
2013-02-26 09:00:00,24.5152,378.584,2013,2,57,9
2013-02-26 09:30:00,24.55735,682.3224,2013,2,57,9
2013-02-26 09:59:59,24.23577,563.9354,2013,2,57,9
2013-02-26 10:30:00,23.68058,344.0415,2013,2,57,10
2013-02-26 11:00:00,23.78175,553.5508,2013,2,57,11
2013-02-26 11:29:59,24.81106,333.562,2013,2,57,11
2013-02-26 12:00:00,25.41225,258.8309,2013,2,57,12
2013-02-26 12:30:00,25.81795,372.6586,2013,2,57,12
2013-02-26 12:59:59,26.22718,307.6514,2013,2,57,12
2013-02-26 13:30:00,26.99317,301.0507,2013,2,57,13
2013-02-26 14:00:00,27.41504,197.4268,2013,2,57,14
2013-02-26 14:29:59,28.13486,637.6606,2013,2,57,14
2013-02-26 15:00:00,29.65311,895.5811,2013,2,57,15
2013-02-26 15:30:00,30.4861,523.2955,2013,2,57,15
2013-02-26 15:59:59,30.32034,464.6407,2013,2,57,15
2013-02-26 16:30:00,30.20273,268.2681,2013,2,57,16
2013-02-26 17:00:00,30.39689,235.9003,2013,2,57,17
2013-02-26 17:29:59,30.21131,181.3282,2013,2,57,17
2013-02-26 18:00:00,29.58726,88.51473,2013,2,57,18
2013-02-26 18:30:00,29.1125,57.26125,2013,2,57,18
2013-02-26 18:59:59,28.472,-0.5965269,2013,2,57,18
2013-02-26 19:30:00,27.75839,-5.112368,2013,2,57,19
2013-02-26 20:00:00,26.95272,-4.846515,2013,2,57,20
2013-02-26 20:29:59,26.41893,-4.691494,2013,2,57,20
2013-02-26 21:00:00,25.99088,-4.624743,2013,2,57,21
2013-02-26 21:30:00,25.69776,-4.311302,2013,2,57,21
2013-02-26 21:59:59,25.54003,-4.120852,2013,2,57,21
2013-02-26 22:30:00,25.34177,-3.762085,2013,2,57,22
2013-02-26 23:00:00,25.32187,-3.826277,2013,2,57,23
2013-02-26 23:29:59,25.2748,-3.530906,2013,2,57,23
2013-02-27 00:00:00,25.70028,-3.534207,2013,2,58,0
2013-02-27 00:30:00,24.95849,-3.91591,2013,2,58,0
2013-02-27 00:59:59,24.23245,-3.708704,2013,2,58,0
2013-02-27 01:30:00,23.48109,-3.788691,2013,2,58,1
2013-02-27 02:00:00,22.74941,-3.765465,2013,2,58,2
2013-02-27 02:29:59,22.13199,-3.781886,2013,2,58,2
2013-02-27 03:00:00,21.60471,-3.850869,2013,2,58,3
2013-02-27 03:30:00,21.0454,-3.79032,2013,2,58,3
2013-02-27 03:59:59,20.43396,-3.671527,2013,2,58,3
2013-02-27 04:30:00,19.84879,-3.647151,2013,2,58,4
2013-02-27 05:00:00,19.32245,-3.665884,2013,2,58,5
2013-02-27 05:29:59,18.76055,-3.597561,2013,2,58,5
2013-02-27 06:00:00,18.35677,1.903469,2013,2,58,6
2013-02-27 06:30:00,18.19607,50.78841,2013,2,58,6
2013-02-27 06:59:59,18.32881,157.5031,2013,2,58,6
2013-02-27 07:30:00,18.75014,277.5486,2013,2,58,7
2013-02-27 08:00:00,19.36661,402.1855,2013,2,58,8
2013-02-27 08:29:59,19.89932,521.8655,2013,2,58,8
2013-02-27 09:00:00,20.30161,634.058,2013,2,58,9
2013-02-27 09:30:00,20.92199,736.1792,2013,2,58,9
2013-02-27 09:59:59,21.66113,822.3453,2013,2,58,9
2013-02-27 10:30:00,22.28536,896.9763,2013,2,58,10
2013-02-27 11:00:00,22.69101,955.0374,2013,2,58,11
2013-02-27 11:29:59,23.50416,995.6672,2013,2,58,11
2013-02-27 12:00:00,24.35384,1017.741,2013,2,58,12
2013-02-27 12:30:00,24.74718,1027.626,2013,2,58,12
2013-02-27 12:59:59,25.91072,1017.614,2013,2,58,12
2013-02-27 13:30:00,26.41331,993.4236,2013,2,58,13
2013-02-27 14:00:00,26.71083,951.7679,2013,2,58,14
2013-02-27 14:29:59,27.03953,898.2941,2013,2,58,14
2013-02-27 15:00:00,27.37305,826.9279,2013,2,58,15
2013-02-27 15:30:00,27.53081,737.0417,2013,2,58,15
2013-02-27 15:59:59,27.85398,634.319,2013,2,58,15
2013-02-27 16:30:00,28.15391,520.6693,2013,2,58,16
2013-02-27 17:00:00,28.10835,400.3606,2013,2,58,17
2013-02-27 17:29:59,28.14417,276.6465,2013,2,58,17
2013-02-27 18:00:00,28.13604,155.754,2013,2,58,18
2013-02-27 18:30:00,27.70143,49.18406,2013,2,58,18
2013-02-27 18:59:59,27.24817,-3.05531,2013,2,58,18
2013-02-27 19:30:00,26.7294,-5.852513,2013,2,58,19
2013-02-27 20:00:00,26.35376,-5.41066,2013,2,58,20
2013-02-27 20:29:59,25.93805,-5.261005,2013,2,58,20
2013-02-27 21:00:00,25.46254,-5.208947,2013,2,58,21
2013-02-27 21:30:00,25.01099,-5.177846,2013,2,58,21
2013-02-27 21:59:59,24.59775,-4.895246,2013,2,58,21
2013-02-27 22:30:00,24.14771,-4.832965,2013,2,58,22
2013-02-27 23:00:00,23.5195,-4.6064,2013,2,58,23
2013-02-27 23:29:59,22.85284,-4.509723,2013,2,58,23
2013-02-28 00:00:00,22.15723,-4.386783,2013,2,59,0
2013-02-28 00:30:00,21.50433,-4.320006,2013,2,59,0
2013-02-28 00:59:59,20.93561,-4.184238,2013,2,59,0
2013-02-28 01:30:00,20.34158,-4.200766,2013,2,59,1
2013-02-28 02:00:00,19.69132,-4.129666,2013,2,59,2
2013-02-28 02:29:59,19.0751,-4.000307,2013,2,59,2
2013-02-28 03:00:00,18.53676,-4.026042,2013,2,59,3
2013-02-28 03:30:00,18.05591,-3.893845,2013,2,59,3
2013-02-28 03:59:59,17.59245,-3.704456,2013,2,59,3
2013-02-28 04:30:00,17.18427,-3.76292,2013,2,59,4
2013-02-28 05:00:00,16.80511,-4.071918,2013,2,59,5
2013-02-28 05:29:59,16.39506,-3.670697,2013,2,59,5
2013-02-28 06:00:00,16.08153,0.8965619,2013,2,59,6
2013-02-28 06:30:00,16.03029,53.53667,2013,2,59,6
2013-02-28 06:59:59,16.30977,161.7091,2013,2,59,6
2013-02-28 07:30:00,16.78772,286.3931,2013,2,59,7
2013-02-28 08:00:00,17.31318,405.0985,2013,2,59,8
2013-02-28 08:29:59,18.03222,552.0333,2013,2,59,8
2013-02-28 09:00:00,18.46946,650.5242,2013,2,59,9
2013-02-28 09:30:00,18.89038,708.4323,2013,2,59,9
2013-02-28 09:59:59,19.69463,842.1566,2013,2,59,9
2013-02-28 10:30:00,20.28036,910.18,2013,2,59,10
2013-02-28 11:00:00,20.9762,964.8118,2013,2,59,11
2013-02-28 11:29:59,21.44263,1014.277,2013,2,59,11
2013-02-28 12:00:00,22.27333,1017.108,2013,2,59,12
2013-02-28 12:30:00,23.19779,1022.497,2013,2,59,12
2013-02-28 12:59:59,23.89023,927.4227,2013,2,59,12
2013-02-28 13:30:00,24.21939,735.6259,2013,2,59,13
2013-02-28 14:00:00,24.85044,802.4774,2013,2,59,14
2013-02-28 14:29:59,24.85019,723.3226,2013,2,59,14
2013-02-28 15:00:00,25.06065,742.4732,2013,2,59,15
2013-02-28 15:30:00,25.29229,629.9047,2013,2,59,15
2013-02-28 15:59:59,25.78988,517.2802,2013,2,59,15
2013-02-28 16:30:00,25.67408,294.1757,2013,2,59,16
2013-02-28 17:00:00,25.28222,211.5233,2013,2,59,17
2013-02-28 17:29:59,24.61642,218.7698,2013,2,59,17
2013-02-28 18:00:00,24.42347,187.2445,2013,2,59,18
2013-02-28 18:30:00,23.9416,63.46028,2013,2,59,18
2013-02-28 18:59:59,23.50837,4.222417,2013,2,59,18
2013-02-28 19:30:00,23.13583,-2.684066,2013,2,59,19
2013-02-28 20:00:00,22.73462,-1.890282,2013,2,59,20
2013-02-28 20:29:59,22.53016,-1.922454,2013,2,59,20
2013-02-28 21:00:00,22.44234,-2.018497,2013,2,59,21
2013-02-28 21:30:00,22.40985,-1.885578,2013,2,59,21
2013-02-28 21:59:59,22.40964,-1.806721,2013,2,59,21
2013-02-28 22:30:00,22.47635,-1.789924,2013,2,59,22
2013-02-28 23:00:00,22.41239,-1.789821,2013,2,59,23
2013-02-28 23:29:59,22.11691,-1.730893,2013,2,59,23
2013-03-01 00:00:00,21.83519,-2.109746,2013,3,60,0
2013-03-01 00:30:00,21.24152,-1.919364,2013,3,60,0
2013-03-01 00:59:59,19.64558,-5.109108,2013,3,60,0
2013-03-01 01:30:00,18.20598,-5.310819,2013,3,60,1
2013-03-01 02:00:00,17.1251,-4.738269,2013,3,60,2
2013-03-01 02:29:59,16.37167,-1.900931,2013,3,60,2
2013-03-01 03:00:00,15.97662,-1.251852,2013,3,60,3
2013-03-01 03:30:00,15.68373,-0.7738327,2013,3,60,3
2013-03-01 03:59:59,15.47027,-0.4625052,2013,3,60,3
2013-03-01 04:30:00,15.31985,-0.1362229,2013,3,60,4
2013-03-01 05:00:00,15.06068,-0.1516973,2013,3,60,5
2013-03-01 05:29:59,14.79544,-0.2022407,2013,3,60,5
2013-03-01 06:00:00,14.5414,0.1201355,2013,3,60,6
2013-03-01 06:30:00,14.29859,3.662571,2013,3,60,6
2013-03-01 06:59:59,14.14946,9.30456,2013,3,60,6
2013-03-01 07:30:00,14.08085,19.94431,2013,3,60,7
2013-03-01 08:00:00,14.042,22.88751,2013,3,60,8
2013-03-01 08:29:59,13.94123,43.95868,2013,3,60,8
2013-03-01 09:00:00,14.00009,39.86373,2013,3,60,9
2013-03-01 09:30:00,14.07748,43.39773,2013,3,60,9
2013-03-01 09:59:59,14.13625,53.59212,2013,3,60,9
2013-03-01 10:30:00,14.24662,86.03748,2013,3,60,10
2013-03-01 11:00:00,14.33945,92.93824,2013,3,60,11
2013-03-01 11:29:59,14.31258,161.0444,2013,3,60,11
2013-03-01 12:00:00,14.46564,181.4051,2013,3,60,12
2013-03-01 12:30:00,14.63999,161.7272,2013,3,60,12
2013-03-01 12:59:59,14.77312,189.2535,2013,3,60,12
2013-03-01 13:30:00,14.87858,146.7705,2013,3,60,13
2013-03-01 14:00:00,14.9481,193.1013,2013,3,60,14
2013-03-01 14:29:59,15.35782,263.7632,2013,3,60,14
2013-03-01 15:00:00,15.82194,261.6507,2013,3,60,15
2013-03-01 15:30:00,15.89238,229.6318,2013,3,60,15
2013-03-01 15:59:59,15.75978,138.7593,2013,3,60,15
2013-03-01 16:30:00,15.66136,107.0121,2013,3,60,16
2013-03-01 17:00:00,15.55989,68.4435,2013,3,60,17
2013-03-01 17:29:59,15.46621,37.3903,2013,3,60,17
2013-03-01 18:00:00,15.41316,12.72769,2013,3,60,18
2013-03-01 18:30:00,15.43868,3.174587,2013,3,60,18
2013-03-01 18:59:59,15.41152,0.3342102,2013,3,60,18
2013-03-01 19:30:00,15.4204,-0.04517902,2013,3,60,19
2013-03-01 20:00:00,15.46316,-0.004443085,2013,3,60,20
2013-03-01 20:29:59,15.45342,-0.04755212,2013,3,60,20
2013-03-01 21:00:00,15.42257,-0.001421996,2013,3,60,21
2013-03-01 21:30:00,15.40719,-0.04092248,2013,3,60,21
2013-03-01 21:59:59,15.29657,-0.1091793,2013,3,60,21
2013-03-01 22:30:00,15.23743,-0.06365933,2013,3,60,22
2013-03-01 23:00:00,15.21252,-0.0501974,2013,3,60,23
2013-03-01 23:29:59,15.16963,-0.06182043,2013,3,60,23
2013-03-02 00:00:00,15.11519,-0.0704346,2013,3,61,0
2013-03-02 00:30:00,15.03813,-0.06574212,2013,3,61,0
2013-03-02 00:59:59,14.96584,-0.07215717,2013,3,61,0
2013-03-02 01:30:00,14.96322,-0.08002251,2013,3,61,1
2013-03-02 02:00:00,14.89136,-0.1148816,2013,3,61,2
2013-03-02 02:29:59,14.78398,-0.1044058,2013,3,61,2
2013-03-02 03:00:00,14.71506,-0.1072123,2013,3,61,3
2013-03-02 03:30:00,14.66202,-0.09904417,2013,3,61,3
2013-03-02 03:59:59,14.65731,-0.09270199,2013,3,61,3
2013-03-02 04:30:00,14.75826,-0.1180622,2013,3,61,4
2013-03-02 05:00:00,14.79745,-0.1262593,2013,3,61,5
2013-03-02 05:29:59,14.8703,-0.129839,2013,3,61,5
2013-03-02 06:00:00,14.85337,0.9719492,2013,3,61,6
2013-03-02 06:30:00,14.78366,15.26894,2013,3,61,6
2013-03-02 06:59:59,14.90225,53.56089,2013,3,61,6
2013-03-02 07:30:00,14.99785,83.19564,2013,3,61,7
2013-03-02 08:00:00,15.21877,140.6392,2013,3,61,8
2013-03-02 08:29:59,15.5527,160.6782,2013,3,61,8
2013-03-02 09:00:00,15.75868,207.3794,2013,3,61,9
2013-03-02 09:30:00,16.13835,186.5892,2013,3,61,9
2013-03-02 09:59:59,16.43596,238.5962,2013,3,61,9
2013-03-02 10:30:00,16.81126,240.2728,2013,3,61,10
2013-03-02 11:00:00,17.48009,332.4737,2013,3,61,11
2013-03-02 11:29:59,17.91824,401.8847,2013,3,61,11
2013-03-02 12:00:00,18.4139,410.3408,2013,3,61,12
2013-03-02 12:30:00,18.64385,181.1813,2013,3,61,12
2013-03-02 12:59:59,18.95402,215.9878,2013,3,61,12
2013-03-02 13:30:00,19.00813,160.4261,2013,3,61,13
2013-03-02 14:00:00,18.98953,167.553,2013,3,61,14
2013-03-02 14:29:59,19.11788,183.701,2013,3,61,14
2013-03-02 15:00:00,19.54374,291.8592,2013,3,61,15
2013-03-02 15:30:00,19.75964,137.0926,2013,3,61,15
2013-03-02 15:59:59,19.4671,115.9639,2013,3,61,15
2013-03-02 16:30:00,19.18571,87.86839,2013,3,61,16
2013-03-02 17:00:00,18.18165,73.91795,2013,3,61,17
2013-03-02 17:29:59,18.87115,86.01234,2013,3,61,17
2013-03-02 18:00:00,19.6546,49.12234,2013,3,61,18
2013-03-02 18:30:00,19.68292,10.53714,2013,3,61,18
2013-03-02 18:59:59,19.61311,-0.2516099,2013,3,61,18
2013-03-02 19:30:00,19.43197,-0.9270621,2013,3,61,19
2013-03-02 20:00:00,19.32259,-1.723814,2013,3,61,20
2013-03-02 20:29:59,19.12811,-2.699203,2013,3,61,20
2013-03-02 21:00:00,18.96147,-1.541274,2013,3,61,21
2013-03-02 21:30:00,18.82275,-0.5378048,2013,3,61,21
2013-03-02 21:59:59,18.82666,-0.7949132,2013,3,61,21
2013-03-02 22:30:00,18.88849,-1.643122,2013,3,61,22
2013-03-02 23:00:00,19.04681,-0.6655145,2013,3,61,23
2013-03-02 23:29:59,19.12583,-0.8063223,2013,3,61,23
2013-03-03 00:00:00,19.14501,-0.7314485,2013,3,62,0
2013-03-03 00:30:00,19.24327,-1.055669,2013,3,62,0
2013-03-03 00:59:59,19.16058,-2.071234,2013,3,62,0
2013-03-03 01:30:00,19.00404,-1.609055,2013,3,62,1
2013-03-03 02:00:00,19.06048,-0.7067714,2013,3,62,2
2013-03-03 02:29:59,19.05311,-1.099283,2013,3,62,2
2013-03-03 03:00:00,18.943,-0.8414266,2013,3,62,3
2013-03-03 03:30:00,18.81164,-0.5595542,2013,3,62,3
2013-03-03 03:59:59,18.83861,-0.6176954,2013,3,62,3
2013-03-03 04:30:00,18.87057,-0.6775832,2013,3,62,4
2013-03-03 05:00:00,18.9223,-0.6653147,2013,3,62,5
2013-03-03 05:29:59,18.89733,-0.8876876,2013,3,62,5
2013-03-03 06:00:00,18.83723,0.7852859,2013,3,62,6
2013-03-03 06:30:00,18.52774,34.75797,2013,3,62,6
2013-03-03 06:59:59,18.92534,153.0811,2013,3,62,6
2013-03-03 07:30:00,19.74236,271.9622,2013,3,62,7
2013-03-03 08:00:00,20.33502,393.0192,2013,3,62,8
2013-03-03 08:29:59,20.93804,509.0327,2013,3,62,8
2013-03-03 09:00:00,21.86152,620.6462,2013,3,62,9
2013-03-03 09:30:00,22.53343,719.4461,2013,3,62,9
2013-03-03 09:59:59,23.2197,827.1152,2013,3,62,9
2013-03-03 10:30:00,23.67126,896.6296,2013,3,62,10
2013-03-03 11:00:00,24.18757,794.2293,2013,3,62,11
2013-03-03 11:29:59,24.68881,977.2495,2013,3,62,11
2013-03-03 12:00:00,25.31837,896.0613,2013,3,62,12
2013-03-03 12:30:00,25.51794,793.2945,2013,3,62,12
2013-03-03 12:59:59,25.96398,691.9919,2013,3,62,12
2013-03-03 13:30:00,26.84356,852.8629,2013,3,62,13
2013-03-03 14:00:00,27.36961,926.541,2013,3,62,14
2013-03-03 14:29:59,27.75042,832.9559,2013,3,62,14
2013-03-03 15:00:00,28.30578,771.3371,2013,3,62,15
2013-03-03 15:30:00,28.73936,702.7012,2013,3,62,15
2013-03-03 15:59:59,29.3022,600.4464,2013,3,62,15
2013-03-03 16:30:00,29.5089,486.8526,2013,3,62,16
2013-03-03 17:00:00,29.75777,371.6544,2013,3,62,17
2013-03-03 17:29:59,29.94017,250.9959,2013,3,62,17
2013-03-03 18:00:00,29.95817,133.1111,2013,3,62,18
2013-03-03 18:30:00,29.56744,34.31952,2013,3,62,18
2013-03-03 18:59:59,28.96162,-3.739856,2013,3,62,18
2013-03-03 19:30:00,28.78726,-4.200284,2013,3,62,19
2013-03-03 20:00:00,27.86123,-5.125732,2013,3,62,20
2013-03-03 20:29:59,26.82862,-5.267458,2013,3,62,20
2013-03-03 21:00:00,25.9424,-4.201024,2013,3,62,21
2013-03-03 21:30:00,25.12149,-4.076743,2013,3,62,21
2013-03-03 21:59:59,24.96605,-3.613806,2013,3,62,21
2013-03-03 22:30:00,24.42382,-3.6184,2013,3,62,22
2013-03-03 23:00:00,23.99925,-2.852432,2013,3,62,23
2013-03-03 23:29:59,23.3485,-2.516371,2013,3,62,23
2013-03-04 00:00:00,23.07588,-2.455742,2013,3,63,0
2013-03-04 00:30:00,22.59483,-3.118819,2013,3,63,0
2013-03-04 00:59:59,21.85271,-3.626649,2013,3,63,0
2013-03-04 01:30:00,21.28617,-3.1538,2013,3,63,1
2013-03-04 02:00:00,21.08284,-2.932667,2013,3,63,2
2013-03-04 02:29:59,20.99272,-3.255886,2013,3,63,2
2013-03-04 03:00:00,20.74055,-3.504241,2013,3,63,3
2013-03-04 03:30:00,20.11802,-2.918679,2013,3,63,3
2013-03-04 03:59:59,20.21287,-1.859512,2013,3,63,3
2013-03-04 04:30:00,19.85965,-1.737483,2013,3,63,4
2013-03-04 05:00:00,20.11701,-0.585426,2013,3,63,5
2013-03-04 05:29:59,20.95496,-1.354058,2013,3,63,5
2013-03-04 06:00:00,21.06655,1.289785,2013,3,63,6
2013-03-04 06:30:00,20.91726,50.5071,2013,3,63,6
2013-03-04 06:59:59,20.79957,151.5856,2013,3,63,6
2013-03-04 07:30:00,21.59907,271.1282,2013,3,63,7
2013-03-04 08:00:00,23.41943,393.808,2013,3,63,8
2013-03-04 08:29:59,25.4466,511.6054,2013,3,63,8
2013-03-04 09:00:00,26.61289,621.314,2013,3,63,9
2013-03-04 09:30:00,27.66143,720.1538,2013,3,63,9
2013-03-04 09:59:59,28.5922,804.2384,2013,3,63,9
2013-03-04 10:30:00,29.35093,874.9465,2013,3,63,10
2013-03-04 11:00:00,30.04432,931.321,2013,3,63,11
2013-03-04 11:29:59,30.69921,971.9653,2013,3,63,11
2013-03-04 12:00:00,31.47633,996.5578,2013,3,63,12
2013-03-04 12:30:00,31.9178,999.2248,2013,3,63,12
2013-03-04 12:59:59,32.41184,982.4911,2013,3,63,12
2013-03-04 13:30:00,33.11717,953.462,2013,3,63,13
2013-03-04 14:00:00,33.48141,908.3087,2013,3,63,14
2013-03-04 14:29:59,34.24446,855.5836,2013,3,63,14
2013-03-04 15:00:00,34.47996,731.0153,2013,3,63,15
2013-03-04 15:30:00,34.90905,613.0961,2013,3,63,15
2013-03-04 15:59:59,35.31366,633.4792,2013,3,63,15
2013-03-04 16:30:00,35.39064,485.6553,2013,3,63,16
2013-03-04 17:00:00,35.39958,325.4376,2013,3,63,17
2013-03-04 17:29:59,35.10266,176.818,2013,3,63,17
2013-03-04 18:00:00,34.98916,120.3741,2013,3,63,18
2013-03-04 18:30:00,34.62768,31.63794,2013,3,63,18
2013-03-04 18:59:59,33.84716,-4.625278,2013,3,63,18
2013-03-04 19:30:00,33.02736,-5.08501,2013,3,63,19
2013-03-04 20:00:00,32.39187,-4.849866,2013,3,63,20
2013-03-04 20:29:59,30.53592,-5.714206,2013,3,63,20
2013-03-04 21:00:00,29.54266,-5.086379,2013,3,63,21
2013-03-04 21:30:00,28.89489,-4.539652,2013,3,63,21
2013-03-04 21:59:59,28.38723,-4.675273,2013,3,63,21
2013-03-04 22:30:00,27.48598,-4.56031,2013,3,63,22
2013-03-04 23:00:00,26.94609,-4.300168,2013,3,63,23
2013-03-04 23:29:59,26.5519,-4.077151,2013,3,63,23
2013-03-05 00:00:00,26.37312,-4.006822,2013,3,64,0
2013-03-05 00:30:00,26.06271,-4.070881,2013,3,64,0
2013-03-05 00:59:59,24.64789,-4.655573,2013,3,64,0
2013-03-05 01:30:00,24.20692,-3.625335,2013,3,64,1
2013-03-05 02:00:00,23.96421,-3.712117,2013,3,64,2
2013-03-05 02:29:59,23.45172,-3.761117,2013,3,64,2
2013-03-05 03:00:00,22.76598,-3.801549,2013,3,64,3
2013-03-05 03:30:00,22.13641,-3.606883,2013,3,64,3
2013-03-05 03:59:59,21.62071,-3.488935,2013,3,64,3
2013-03-05 04:30:00,21.35987,-3.460574,2013,3,64,4
2013-03-05 05:00:00,20.96252,-3.493326,2013,3,64,5
2013-03-05 05:29:59,20.65742,-3.340055,2013,3,64,5
2013-03-05 06:00:00,20.31428,0.2950521,2013,3,64,6
2013-03-05 06:30:00,20.25464,46.02368,2013,3,64,6
2013-03-05 06:59:59,20.8128,144.9783,2013,3,64,6
2013-03-05 07:30:00,21.76493,263.3576,2013,3,64,7
2013-03-05 08:00:00,23.01001,383.8974,2013,3,64,8
2013-03-05 08:29:59,23.95509,500.5116,2013,3,64,8
2013-03-05 09:00:00,24.98735,608.8762,2013,3,64,9
2013-03-05 09:30:00,25.80316,706.9122,2013,3,64,9
2013-03-05 09:59:59,26.5161,791.7405,2013,3,64,9
2013-03-05 10:30:00,27.26157,862.2191,2013,3,64,10
2013-03-05 11:00:00,28.02667,917.0834,2013,3,64,11
2013-03-05 11:29:59,28.70457,951.2463,2013,3,64,11
2013-03-05 12:00:00,29.45804,969.4396,2013,3,64,12
2013-03-05 12:30:00,30.44825,974.8887,2013,3,64,12
2013-03-05 12:59:59,30.89935,963.026,2013,3,64,12
2013-03-05 13:30:00,31.86466,933.2463,2013,3,64,13
2013-03-05 14:00:00,32.52655,889.8595,2013,3,64,14
2013-03-05 14:29:59,32.61444,830.8092,2013,3,64,14
2013-03-05 15:00:00,33.52865,765.6144,2013,3,64,15
2013-03-05 15:30:00,33.47345,576.8051,2013,3,64,15
2013-03-05 15:59:59,33.19727,204.2817,2013,3,64,15
2013-03-05 16:30:00,33.58723,278.6359,2013,3,64,16
2013-03-05 17:00:00,33.87693,330.3791,2013,3,64,17
2013-03-05 17:29:59,34.08738,219.326,2013,3,64,17
2013-03-05 18:00:00,33.71279,84.83646,2013,3,64,18
2013-03-05 18:30:00,32.97615,10.81621,2013,3,64,18
2013-03-05 18:59:59,32.09865,-3.892564,2013,3,64,18
2013-03-05 19:30:00,31.53138,-4.191741,2013,3,64,19
2013-03-05 20:00:00,30.8876,-4.661946,2013,3,64,20
2013-03-05 20:29:59,29.96464,-4.529155,2013,3,64,20
2013-03-05 21:00:00,29.43775,-4.447942,2013,3,64,21
2013-03-05 21:30:00,28.84394,-3.940544,2013,3,64,21
2013-03-05 21:59:59,28.55126,-3.437314,2013,3,64,21
2013-03-05 22:30:00,28.11806,-3.798829,2013,3,64,22
2013-03-05 23:00:00,27.31937,-3.428519,2013,3,64,23
2013-03-05 23:29:59,26.97902,-3.807667,2013,3,64,23
2013-03-06 00:00:00,26.45221,-3.822106,2013,3,65,0
2013-03-06 00:30:00,25.79993,-3.812114,2013,3,65,0
2013-03-06 00:59:59,25.17639,-3.689529,2013,3,65,0
2013-03-06 01:30:00,24.57616,-3.392056,2013,3,65,1
2013-03-06 02:00:00,24.11275,-2.64917,2013,3,65,2
2013-03-06 02:29:59,23.77473,-2.405957,2013,3,65,2
2013-03-06 03:00:00,23.11141,-2.886838,2013,3,65,3
2013-03-06 03:30:00,22.63384,-3.099677,2013,3,65,3
2013-03-06 03:59:59,22.20559,-3.051782,2013,3,65,3
2013-03-06 04:30:00,21.55023,-2.146884,2013,3,65,4
2013-03-06 05:00:00,20.67855,-2.743355,2013,3,65,5
2013-03-06 05:29:59,20.48224,-1.83774,2013,3,65,5
2013-03-06 06:00:00,20.29586,-0.4025901,2013,3,65,6
2013-03-06 06:30:00,20.32397,15.57073,2013,3,65,6
2013-03-06 06:59:59,20.72672,52.65699,2013,3,65,6
2013-03-06 07:30:00,20.67846,109.0225,2013,3,65,7
2013-03-06 08:00:00,20.961,142.6765,2013,3,65,8
2013-03-06 08:29:59,21.01264,288.0925,2013,3,65,8
2013-03-06 09:00:00,21.28551,265.625,2013,3,65,9
2013-03-06 09:30:00,21.8902,435.2192,2013,3,65,9
2013-03-06 09:59:59,22.92745,740.1149,2013,3,65,9
2013-03-06 10:30:00,23.97446,863.9088,2013,3,65,10
2013-03-06 11:00:00,24.97328,742.4247,2013,3,65,11
2013-03-06 11:29:59,25.57408,877.9191,2013,3,65,11
2013-03-06 12:00:00,26.47755,962.1098,2013,3,65,12
2013-03-06 12:30:00,26.95478,983.8281,2013,3,65,12
2013-03-06 12:59:59,27.66603,972.3022,2013,3,65,12
2013-03-06 13:30:00,27.90126,946.2614,2013,3,65,13
2013-03-06 14:00:00,28.61749,871.0698,2013,3,65,14
2013-03-06 14:29:59,28.60858,782.6088,2013,3,65,14
2013-03-06 15:00:00,28.74947,783.0099,2013,3,65,15
2013-03-06 15:30:00,29.11146,619.6035,2013,3,65,15
2013-03-06 15:59:59,29.16286,433.4344,2013,3,65,15
2013-03-06 16:30:00,29.20737,459.5051,2013,3,65,16
2013-03-06 17:00:00,28.76661,392.6861,2013,3,65,17
2013-03-06 17:29:59,28.12949,166.0742,2013,3,65,17
2013-03-06 18:00:00,27.62729,126.4045,2013,3,65,18
2013-03-06 18:30:00,26.75583,20.39992,2013,3,65,18
2013-03-06 18:59:59,26.02528,-2.873554,2013,3,65,18
2013-03-06 19:30:00,25.36809,-3.638416,2013,3,65,19
2013-03-06 20:00:00,24.84467,-3.742956,2013,3,65,20
2013-03-06 20:29:59,24.23932,-3.600399,2013,3,65,20
2013-03-06 21:00:00,23.72217,-3.528767,2013,3,65,21
2013-03-06 21:30:00,23.18441,-3.585916,2013,3,65,21
2013-03-06 21:59:59,22.80431,-3.706955,2013,3,65,21
2013-03-06 22:30:00,22.38713,-3.72201,2013,3,65,22
2013-03-06 23:00:00,21.90788,-3.868613,2013,3,65,23
2013-03-06 23:29:59,21.42357,-3.340994,2013,3,65,23
2013-03-07 00:00:00,21.04946,-3.257596,2013,3,66,0
2013-03-07 00:30:00,20.97404,-0.6948082,2013,3,66,0
2013-03-07 00:59:59,20.34972,-3.098458,2013,3,66,0
2013-03-07 01:30:00,19.60834,-3.930024,2013,3,66,1
2013-03-07 02:00:00,19.1639,-3.697127,2013,3,66,2
2013-03-07 02:29:59,18.80841,-3.80104,2013,3,66,2
2013-03-07 03:00:00,18.47416,-3.887751,2013,3,66,3
2013-03-07 03:30:00,18.17858,-4.012718,2013,3,66,3
2013-03-07 03:59:59,17.9282,-3.852077,2013,3,66,3
2013-03-07 04:30:00,17.74072,-3.732864,2013,3,66,4
2013-03-07 05:00:00,17.51693,-3.727969,2013,3,66,5
2013-03-07 05:29:59,17.30953,-3.543584,2013,3,66,5
2013-03-07 06:00:00,17.27445,-0.6012248,2013,3,66,6
2013-03-07 06:30:00,17.49222,42.27151,2013,3,66,6
2013-03-07 06:59:59,18.06534,138.6706,2013,3,66,6
2013-03-07 07:30:00,18.52206,132.0755,2013,3,66,7
2013-03-07 08:00:00,18.66852,132.7593,2013,3,66,8
2013-03-07 08:29:59,19.07847,192.2565,2013,3,66,8
2013-03-07 09:00:00,19.2291,191.5956,2013,3,66,9
2013-03-07 09:30:00,19.51285,134.685,2013,3,66,9
2013-03-07 09:59:59,19.50646,163.7102,2013,3,66,9
2013-03-07 10:30:00,19.79286,263.1387,2013,3,66,10
2013-03-07 11:00:00,20.13718,273.1935,2013,3,66,11
2013-03-07 11:29:59,20.27345,250.3004,2013,3,66,11
2013-03-07 12:00:00,20.2886,225.3401,2013,3,66,12
2013-03-07 12:30:00,20.36677,301.3594,2013,3,66,12
2013-03-07 12:59:59,20.64442,321.9234,2013,3,66,12
2013-03-07 13:30:00,20.70834,316.1972,2013,3,66,13
2013-03-07 14:00:00,20.80647,308.7449,2013,3,66,14
2013-03-07 14:29:59,20.72665,328.8076,2013,3,66,14
2013-03-07 15:00:00,20.69198,240.657,2013,3,66,15
2013-03-07 15:30:00,20.49607,203.9229,2013,3,66,15
2013-03-07 15:59:59,20.49363,210.7479,2013,3,66,15
2013-03-07 16:30:00,20.68301,259.575,2013,3,66,16
2013-03-07 17:00:00,20.99189,336.2812,2013,3,66,17
2013-03-07 17:29:59,21.18841,227.0733,2013,3,66,17
2013-03-07 18:00:00,21.00802,122.4174,2013,3,66,18
2013-03-07 18:30:00,20.43934,23.34182,2013,3,66,18
2013-03-07 18:59:59,20.11206,-3.347324,2013,3,66,18
2013-03-07 19:30:00,19.67182,-4.144765,2013,3,66,19
2013-03-07 20:00:00,19.2625,-3.821781,2013,3,66,20
2013-03-07 20:29:59,18.88764,-3.735221,2013,3,66,20
2013-03-07 21:00:00,18.5198,-3.732229,2013,3,66,21
2013-03-07 21:30:00,18.24374,-3.48234,2013,3,66,21
2013-03-07 21:59:59,18.1261,-3.453018,2013,3,66,21
2013-03-07 22:30:00,17.88066,-3.477243,2013,3,66,22
2013-03-07 23:00:00,17.69512,-3.838211,2013,3,66,23
2013-03-07 23:29:59,17.41331,-3.706523,2013,3,66,23
2013-03-08 00:00:00,17.20776,-3.565896,2013,3,67,0
2013-03-08 00:30:00,17.34447,-3.804346,2013,3,67,0
2013-03-08 00:59:59,17.02042,-3.186545,2013,3,67,0
2013-03-08 01:30:00,17.1279,-3.050681,2013,3,67,1
2013-03-08 02:00:00,16.91932,-3.499621,2013,3,67,2
2013-03-08 02:29:59,16.85351,-3.162748,2013,3,67,2
2013-03-08 03:00:00,16.27112,-2.759281,2013,3,67,3
2013-03-08 03:30:00,16.05268,-2.536377,2013,3,67,3
2013-03-08 03:59:59,16.05877,-2.843919,2013,3,67,3
2013-03-08 04:30:00,15.7913,-3.425087,2013,3,67,4
2013-03-08 05:00:00,15.90205,-3.507249,2013,3,67,5
2013-03-08 05:29:59,15.73964,-3.659481,2013,3,67,5
2013-03-08 06:00:00,15.50132,-0.8985959,2013,3,67,6
2013-03-08 06:30:00,15.45374,35.01564,2013,3,67,6
2013-03-08 06:59:59,15.90749,118.0754,2013,3,67,6
2013-03-08 07:30:00,16.97062,259.8948,2013,3,67,7
2013-03-08 08:00:00,18.15034,380.971,2013,3,67,8
2013-03-08 08:29:59,19.22106,469.924,2013,3,67,8
2013-03-08 09:00:00,20.00689,556.423,2013,3,67,9
2013-03-08 09:30:00,20.90273,685.6302,2013,3,67,9
2013-03-08 09:59:59,21.42242,510.1681,2013,3,67,9
2013-03-08 10:30:00,22.02798,685.3369,2013,3,67,10
2013-03-08 11:00:00,22.77363,884.4675,2013,3,67,11
2013-03-08 11:29:59,23.61985,875.1297,2013,3,67,11
2013-03-08 12:00:00,23.84377,916.1251,2013,3,67,12
2013-03-08 12:30:00,24.41397,953.1292,2013,3,67,12
2013-03-08 12:59:59,25.00809,959.0696,2013,3,67,12
2013-03-08 13:30:00,25.29789,951.8412,2013,3,67,13
2013-03-08 14:00:00,25.77651,906.3761,2013,3,67,14
2013-03-08 14:29:59,26.16239,845.9299,2013,3,67,14
2013-03-08 15:00:00,26.18859,771.4512,2013,3,67,15
2013-03-08 15:30:00,26.16544,680.0856,2013,3,67,15
2013-03-08 15:59:59,26.35352,569.9297,2013,3,67,15
2013-03-08 16:30:00,26.24385,456.0712,2013,3,67,16
2013-03-08 17:00:00,26.16947,332.4357,2013,3,67,17
2013-03-08 17:29:59,25.93682,214.4842,2013,3,67,17
2013-03-08 18:00:00,25.56591,98.91876,2013,3,67,18
2013-03-08 18:30:00,25.11106,15.3822,2013,3,67,18
2013-03-08 18:59:59,24.44843,-4.593937,2013,3,67,18
2013-03-08 19:30:00,23.8502,-4.902886,2013,3,67,19
2013-03-08 20:00:00,23.21342,-4.735984,2013,3,67,20
2013-03-08 20:29:59,22.64259,-4.640494,2013,3,67,20
2013-03-08 21:00:00,22.23834,-4.513213,2013,3,67,21
2013-03-08 21:30:00,21.79319,-4.463408,2013,3,67,21
2013-03-08 21:59:59,21.45409,-4.378372,2013,3,67,21
2013-03-08 22:30:00,21.11829,-4.353562,2013,3,67,22
2013-03-08 23:00:00,20.77729,-4.439222,2013,3,67,23
2013-03-08 23:29:59,20.47292,-4.408474,2013,3,67,23
2013-03-09 00:00:00,19.84641,-4.733632,2013,3,68,0
2013-03-09 00:30:00,19.37239,-4.466962,2013,3,68,0
2013-03-09 00:59:59,19.06156,-4.214741,2013,3,68,0
2013-03-09 01:30:00,18.86588,-3.929181,2013,3,68,1
2013-03-09 02:00:00,18.72839,-3.935349,2013,3,68,2
2013-03-09 02:29:59,18.54159,-3.780082,2013,3,68,2
2013-03-09 03:00:00,18.37234,-3.782196,2013,3,68,3
2013-03-09 03:30:00,17.99659,-4.066233,2013,3,68,3
2013-03-09 03:59:59,17.5998,-4.023294,2013,3,68,3
2013-03-09 04:30:00,17.50632,-3.843872,2013,3,68,4
2013-03-09 05:00:00,17.24884,-3.948998,2013,3,68,5
2013-03-09 05:29:59,16.84518,-3.811965,2013,3,68,5
2013-03-09 06:00:00,16.48546,-0.8631827,2013,3,68,6
2013-03-09 06:30:00,16.7163,35.181,2013,3,68,6
2013-03-09 06:59:59,17.19485,137.7187,2013,3,68,6
2013-03-09 07:30:00,17.86996,259.5953,2013,3,68,7
2013-03-09 08:00:00,18.49752,381.9457,2013,3,68,8
2013-03-09 08:29:59,19.2549,498.9148,2013,3,68,8
2013-03-09 09:00:00,19.87098,609.1215,2013,3,68,9
2013-03-09 09:30:00,20.58939,708.4774,2013,3,68,9
2013-03-09 09:59:59,21.46759,793.5677,2013,3,68,9
2013-03-09 10:30:00,22.20308,864.3375,2013,3,68,10
2013-03-09 11:00:00,22.89087,897.3151,2013,3,68,11
2013-03-09 11:29:59,23.29889,759.6044,2013,3,68,11
2013-03-09 12:00:00,24.04418,1058.164,2013,3,68,12
2013-03-09 12:30:00,24.29574,908.2676,2013,3,68,12
2013-03-09 12:59:59,25.10033,866.9623,2013,3,68,12
2013-03-09 13:30:00,25.68107,954.4648,2013,3,68,13
2013-03-09 14:00:00,25.94382,864.5651,2013,3,68,14
2013-03-09 14:29:59,26.50625,825.1956,2013,3,68,14
2013-03-09 15:00:00,26.84986,773.3023,2013,3,68,15
2013-03-09 15:30:00,27.16819,693.1265,2013,3,68,15
2013-03-09 15:59:59,27.46333,551.7556,2013,3,68,15
2013-03-09 16:30:00,27.4799,376.3885,2013,3,68,16
2013-03-09 17:00:00,27.51221,235.5994,2013,3,68,17
2013-03-09 17:29:59,27.21944,106.1484,2013,3,68,17
2013-03-09 18:00:00,26.76187,61.33391,2013,3,68,18
2013-03-09 18:30:00,26.20294,3.57975,2013,3,68,18
2013-03-09 18:59:59,25.68289,-3.93604,2013,3,68,18
2013-03-09 19:30:00,25.21275,-4.21714,2013,3,68,19
2013-03-09 20:00:00,24.74846,-3.911617,2013,3,68,20
2013-03-09 20:29:59,24.27246,-4.72196,2013,3,68,20
2013-03-09 21:00:00,23.67152,-4.156909,2013,3,68,21
2013-03-09 21:30:00,23.06679,-3.444733,2013,3,68,21
2013-03-09 21:59:59,22.68856,-3.349132,2013,3,68,21
2013-03-09 22:30:00,22.25548,-3.128433,2013,3,68,22
2013-03-09 23:00:00,22.00593,-2.094077,2013,3,68,23
2013-03-09 23:29:59,22.01692,-2.141485,2013,3,68,23
2013-03-10 00:00:00,21.99117,-2.273383,2013,3,69,0
2013-03-10 00:30:00,21.92397,-2.759893,2013,3,69,0
2013-03-10 00:59:59,21.62829,-2.645312,2013,3,69,0
2013-03-10 01:30:00,21.35438,-2.392202,2013,3,69,1
2013-03-10 02:00:00,21.48858,-1.978457,2013,3,69,2
2013-03-10 02:29:59,21.28027,-2.01619,2013,3,69,2
2013-03-10 03:00:00,20.89162,-1.839739,2013,3,69,3
2013-03-10 03:30:00,20.72093,-1.675235,2013,3,69,3
2013-03-10 03:59:59,20.68499,-1.716715,2013,3,69,3
2013-03-10 04:30:00,20.57645,-1.670091,2013,3,69,4
2013-03-10 05:00:00,20.33443,-1.772547,2013,3,69,5
2013-03-10 05:29:59,20.12177,-1.741019,2013,3,69,5
2013-03-10 06:00:00,19.84147,-0.3148719,2013,3,69,6
2013-03-10 06:30:00,19.54975,22.46689,2013,3,69,6
2013-03-10 06:59:59,19.67279,77.70564,2013,3,69,6
2013-03-10 07:30:00,19.95385,235.1949,2013,3,69,7
2013-03-10 08:00:00,20.15857,149.7683,2013,3,69,8
2013-03-10 08:29:59,20.61914,244.0847,2013,3,69,8
2013-03-10 09:00:00,21.17823,443.6497,2013,3,69,9
2013-03-10 09:30:00,21.80863,610.263,2013,3,69,9
2013-03-10 09:59:59,22.45697,660.9316,2013,3,69,9
2013-03-10 10:30:00,23.44263,782.0724,2013,3,69,10
2013-03-10 11:00:00,24.44875,619.7336,2013,3,69,11
2013-03-10 11:29:59,25.39604,974.046,2013,3,69,11
2013-03-10 12:00:00,26.85672,956.2715,2013,3,69,12
2013-03-10 12:30:00,27.38653,962.6686,2013,3,69,12
2013-03-10 12:59:59,27.99067,951.9857,2013,3,69,12
2013-03-10 13:30:00,28.45531,924.9307,2013,3,69,13
2013-03-10 14:00:00,29.12235,880.3192,2013,3,69,14
2013-03-10 14:29:59,29.86083,817.1766,2013,3,69,14
2013-03-10 15:00:00,30.14259,741.8435,2013,3,69,15
2013-03-10 15:30:00,30.48492,655.2983,2013,3,69,15
2013-03-10 15:59:59,30.70822,548.5847,2013,3,69,15
2013-03-10 16:30:00,31.1924,452.5182,2013,3,69,16
2013-03-10 17:00:00,31.26016,278.2072,2013,3,69,17
2013-03-10 17:29:59,30.89821,127.4136,2013,3,69,17
2013-03-10 18:00:00,30.80882,35.90248,2013,3,69,18
2013-03-10 18:30:00,30.27236,8.944028,2013,3,69,18
2013-03-10 18:59:59,29.2769,-3.720286,2013,3,69,18
2013-03-10 19:30:00,28.84499,-3.376699,2013,3,69,19
2013-03-10 20:00:00,28.55183,-3.035303,2013,3,69,20
2013-03-10 20:29:59,28.24411,-2.34323,2013,3,69,20
2013-03-10 21:00:00,28.19686,-1.747073,2013,3,69,21
2013-03-10 21:30:00,28.305,-2.163204,2013,3,69,21
2013-03-10 21:59:59,27.78809,-2.537334,2013,3,69,21
2013-03-10 22:30:00,25.14263,-2.606572,2013,3,69,22
2013-03-10 23:00:00,24.51231,-1.833628,2013,3,69,23
2013-03-10 23:29:59,23.72044,-2.657687,2013,3,69,23
2013-03-11 00:00:00,23.19091,-2.706896,2013,3,70,0
2013-03-11 00:30:00,22.6353,-2.293943,2013,3,70,0
2013-03-11 00:59:59,22.39747,-2.018416,2013,3,70,0
2013-03-11 01:30:00,22.42645,-1.591311,2013,3,70,1
2013-03-11 02:00:00,22.66683,-2.847421,2013,3,70,2
2013-03-11 02:29:59,22.03819,-3.712406,2013,3,70,2
2013-03-11 03:00:00,21.05573,-1.169936,2013,3,70,3
2013-03-11 03:30:00,20.42929,-5.156035,2013,3,70,3
2013-03-11 03:59:59,20.37865,-1.806857,2013,3,70,3
2013-03-11 04:30:00,20.58527,-2.904032,2013,3,70,4
2013-03-11 05:00:00,20.13362,-4.686081,2013,3,70,5
2013-03-11 05:29:59,19.56154,-2.642369,2013,3,70,5
2013-03-11 06:00:00,19.42066,-1.717724,2013,3,70,6
2013-03-11 06:30:00,19.58419,3.718652,2013,3,70,6
2013-03-11 06:59:59,19.46207,7.076484,2013,3,70,6
2013-03-11 07:30:00,18.97826,49.54577,2013,3,70,7
2013-03-11 08:00:00,19.03184,72.2366,2013,3,70,8
2013-03-11 08:29:59,19.07299,124.8379,2013,3,70,8
2013-03-11 09:00:00,19.03028,71.39581,2013,3,70,9
2013-03-11 09:30:00,18.90763,104.5922,2013,3,70,9
2013-03-11 09:59:59,18.89342,88.36867,2013,3,70,9
2013-03-11 10:30:00,18.87791,83.08707,2013,3,70,10
2013-03-11 11:00:00,19.00745,231.3759,2013,3,70,11
2013-03-11 11:29:59,19.37971,95.54208,2013,3,70,11
2013-03-11 12:00:00,19.46622,161.4869,2013,3,70,12
2013-03-11 12:30:00,20.1033,298.7236,2013,3,70,12
2013-03-11 12:59:59,21.40738,661.8433,2013,3,70,12
2013-03-11 13:30:00,22.66891,747.6276,2013,3,70,13
2013-03-11 14:00:00,24.28383,899.9125,2013,3,70,14
2013-03-11 14:29:59,25.14425,709.7203,2013,3,70,14
2013-03-11 15:00:00,26.01867,496.6727,2013,3,70,15
2013-03-11 15:30:00,25.46573,178.8424,2013,3,70,15
2013-03-11 15:59:59,25.67403,218.1586,2013,3,70,15
2013-03-11 16:30:00,26.19431,197.4503,2013,3,70,16
2013-03-11 17:00:00,26.38796,122.2095,2013,3,70,17
2013-03-11 17:29:59,26.39623,73.07178,2013,3,70,17
2013-03-11 18:00:00,26.26329,27.27872,2013,3,70,18
2013-03-11 18:30:00,25.71835,2.667588,2013,3,70,18
2013-03-11 18:59:59,25.16493,-1.455119,2013,3,70,18
2013-03-11 19:30:00,24.90086,-0.9258538,2013,3,70,19
2013-03-11 20:00:00,25.22754,-1.083246,2013,3,70,20
2013-03-11 20:29:59,25.02637,-1.522405,2013,3,70,20
2013-03-11 21:00:00,24.86751,-1.241515,2013,3,70,21
2013-03-11 21:30:00,24.78552,-0.6268387,2013,3,70,21
2013-03-11 21:59:59,24.87909,-1.233955,2013,3,70,21
2013-03-11 22:30:00,24.55909,-1.529216,2013,3,70,22
2013-03-11 23:00:00,22.60629,-2.060454,2013,3,70,23
2013-03-11 23:29:59,20.92018,-1.589407,2013,3,70,23
2013-03-12 00:00:00,20.25065,-1.325007,2013,3,71,0
2013-03-12 00:30:00,19.63419,-0.9257783,2013,3,71,0
2013-03-12 00:59:59,19.12211,-0.6497881,2013,3,71,0
2013-03-12 01:30:00,18.7062,-0.5225533,2013,3,71,1
2013-03-12 02:00:00,18.4299,-0.4817866,2013,3,71,2
2013-03-12 02:29:59,18.23033,-0.4281189,2013,3,71,2
2013-03-12 03:00:00,18.24611,-0.4158898,2013,3,71,3
2013-03-12 03:30:00,18.25944,-0.4474443,2013,3,71,3
2013-03-12 03:59:59,18.02626,-0.5643229,2013,3,71,3
2013-03-12 04:30:00,17.75705,-1.860532,2013,3,71,4
2013-03-12 05:00:00,17.10797,-2.581527,2013,3,71,5
2013-03-12 05:29:59,16.3735,-2.294648,2013,3,71,5
2013-03-12 06:00:00,15.44857,-1.927102,2013,3,71,6
2013-03-12 06:30:00,14.63347,11.48549,2013,3,71,6
2013-03-12 06:59:59,14.2047,27.00747,2013,3,71,6
2013-03-12 07:30:00,14.08047,63.13126,2013,3,71,7
2013-03-12 08:00:00,13.94984,99.65466,2013,3,71,8
2013-03-12 08:29:59,14.46498,230.7929,2013,3,71,8
2013-03-12 09:00:00,15.24506,390.0653,2013,3,71,9
2013-03-12 09:30:00,16.14138,735.8527,2013,3,71,9
2013-03-12 09:59:59,16.55918,908.6412,2013,3,71,9
2013-03-12 10:30:00,16.80667,835.8763,2013,3,71,10
2013-03-12 11:00:00,17.08479,933.3237,2013,3,71,11
2013-03-12 11:29:59,17.45308,979.3945,2013,3,71,11
2013-03-12 12:00:00,18.19932,1000.65,2013,3,71,12
2013-03-12 12:30:00,18.72341,1005.594,2013,3,71,12
2013-03-12 12:59:59,19.15865,993.9343,2013,3,71,12
2013-03-12 13:30:00,19.69297,963.1068,2013,3,71,13
2013-03-12 14:00:00,20.20679,919.0076,2013,3,71,14
2013-03-12 14:29:59,20.70401,854.0871,2013,3,71,14
2013-03-12 15:00:00,21.37396,774.7528,2013,3,71,15
2013-03-12 15:30:00,21.83907,682.4816,2013,3,71,15
2013-03-12 15:59:59,22.01336,579.5549,2013,3,71,15
2013-03-12 16:30:00,22.18839,465.6182,2013,3,71,16
2013-03-12 17:00:00,22.30951,344.4038,2013,3,71,17
2013-03-12 17:29:59,22.10109,219.7376,2013,3,71,17
2013-03-12 18:00:00,21.76763,102.1201,2013,3,71,18
2013-03-12 18:30:00,21.22946,13.31426,2013,3,71,18
2013-03-12 18:59:59,20.67959,-5.459978,2013,3,71,18
2013-03-12 19:30:00,20.01875,-5.360499,2013,3,71,19
2013-03-12 20:00:00,19.48587,-5.241892,2013,3,71,20
2013-03-12 20:29:59,18.90573,-5.285706,2013,3,71,20
2013-03-12 21:00:00,18.40635,-5.071528,2013,3,71,21
2013-03-12 21:30:00,17.90983,-4.99467,2013,3,71,21
2013-03-12 21:59:59,17.32646,-4.85446,2013,3,71,21
2013-03-12 22:30:00,16.83445,-4.635212,2013,3,71,22
2013-03-12 23:00:00,16.44258,-4.451266,2013,3,71,23
2013-03-12 23:29:59,15.99752,-4.378201,2013,3,71,23
2013-03-13 00:00:00,15.54817,-4.314439,2013,3,72,0
2013-03-13 00:30:00,15.17709,-4.217501,2013,3,72,0
2013-03-13 00:59:59,14.75238,-4.252477,2013,3,72,0
2013-03-13 01:30:00,14.37599,-4.106532,2013,3,72,1
2013-03-13 02:00:00,14.07994,-4.193428,2013,3,72,2
2013-03-13 02:29:59,13.71444,-4.151861,2013,3,72,2
2013-03-13 03:00:00,13.37628,-4.343147,2013,3,72,3
2013-03-13 03:30:00,13.11473,-4.277264,2013,3,72,3
2013-03-13 03:59:59,12.87377,-4.267987,2013,3,72,3
2013-03-13 04:30:00,12.60243,-4.12076,2013,3,72,4
2013-03-13 05:00:00,12.26768,-4.387134,2013,3,72,5
2013-03-13 05:29:59,11.9202,-4.161159,2013,3,72,5
2013-03-13 06:00:00,11.72083,-2.182477,2013,3,72,6
2013-03-13 06:30:00,11.69615,21.24452,2013,3,72,6
2013-03-13 06:59:59,12.0338,113.4121,2013,3,72,6
2013-03-13 07:30:00,12.58668,251.244,2013,3,72,7
2013-03-13 08:00:00,13.28074,375.4905,2013,3,72,8
2013-03-13 08:29:59,13.951,496.0865,2013,3,72,8
2013-03-13 09:00:00,14.41121,608.5541,2013,3,72,9
2013-03-13 09:30:00,15.38553,708.0682,2013,3,72,9
2013-03-13 09:59:59,15.81886,795.3739,2013,3,72,9
2013-03-13 10:30:00,16.58964,866.4725,2013,3,72,10
2013-03-13 11:00:00,17.23092,921.9857,2013,3,72,11
2013-03-13 11:29:59,17.98489,960.0203,2013,3,72,11
2013-03-13 12:00:00,18.51065,981.2134,2013,3,72,12
2013-03-13 12:30:00,19.25883,984.9821,2013,3,72,12
2013-03-13 12:59:59,20.06186,971.1744,2013,3,72,12
2013-03-13 13:30:00,20.82806,941.2299,2013,3,72,13
2013-03-13 14:00:00,21.43237,894.5801,2013,3,72,14
2013-03-13 14:29:59,21.83982,835.1712,2013,3,72,14
2013-03-13 15:00:00,22.49104,754.3041,2013,3,72,15
2013-03-13 15:30:00,22.73235,663.9003,2013,3,72,15
2013-03-13 15:59:59,23.09647,561.5977,2013,3,72,15
2013-03-13 16:30:00,23.26696,449.795,2013,3,72,16
2013-03-13 17:00:00,23.15206,331.1549,2013,3,72,17
2013-03-13 17:29:59,23.09801,209.8619,2013,3,72,17
2013-03-13 18:00:00,22.8179,89.69927,2013,3,72,18
2013-03-13 18:30:00,22.32874,8.711401,2013,3,72,18
2013-03-13 18:59:59,21.84141,-4.975461,2013,3,72,18
2013-03-13 19:30:00,21.38243,-5.179649,2013,3,72,19
2013-03-13 20:00:00,20.73894,-5.263899,2013,3,72,20
2013-03-13 20:29:59,20.25168,-4.926652,2013,3,72,20
2013-03-13 21:00:00,19.92548,-4.93196,2013,3,72,21
2013-03-13 21:30:00,19.47823,-4.765011,2013,3,72,21
2013-03-13 21:59:59,18.99973,-4.773789,2013,3,72,21
2013-03-13 22:30:00,18.6397,-4.608536,2013,3,72,22
2013-03-13 23:00:00,18.36209,-4.382946,2013,3,72,23
2013-03-13 23:29:59,18.19082,-4.267905,2013,3,72,23
2013-03-14 00:00:00,17.9041,-4.16791,2013,3,73,0
2013-03-14 00:30:00,17.54626,-4.149915,2013,3,73,0
2013-03-14 00:59:59,17.06563,-3.854525,2013,3,73,0
2013-03-14 01:30:00,16.62801,-3.247751,2013,3,73,1
2013-03-14 02:00:00,16.45034,-2.997796,2013,3,73,2
2013-03-14 02:29:59,16.19892,-3.02641,2013,3,73,2
2013-03-14 03:00:00,15.95308,-3.078852,2013,3,73,3
2013-03-14 03:30:00,15.53245,-3.04341,2013,3,73,3
2013-03-14 03:59:59,15.28175,-3.085232,2013,3,73,3
2013-03-14 04:30:00,15.09364,-3.303867,2013,3,73,4
2013-03-14 05:00:00,14.89709,-3.014287,2013,3,73,5
2013-03-14 05:29:59,14.61626,-2.915662,2013,3,73,5
2013-03-14 06:00:00,14.32255,-0.2668621,2013,3,73,6
2013-03-14 06:30:00,14.16613,13.36677,2013,3,73,6
2013-03-14 06:59:59,14.23266,47.26097,2013,3,73,6
2013-03-14 07:30:00,14.43825,57.01698,2013,3,73,7
2013-03-14 08:00:00,14.62515,63.33496,2013,3,73,8
2013-03-14 08:29:59,14.94247,122.7797,2013,3,73,8
2013-03-14 09:00:00,15.37035,174.8203,2013,3,73,9
2013-03-14 09:30:00,15.76456,216.3633,2013,3,73,9
2013-03-14 09:59:59,16.31631,272.9047,2013,3,73,9
2013-03-14 10:30:00,16.72037,233.8699,2013,3,73,10
2013-03-14 11:00:00,17.3893,242.1205,2013,3,73,11
2013-03-14 11:29:59,18.35489,390.275,2013,3,73,11
2013-03-14 12:00:00,18.84254,332.6496,2013,3,73,12
2013-03-14 12:30:00,19.41749,325.1137,2013,3,73,12
2013-03-14 12:59:59,20.13397,382.1945,2013,3,73,12
2013-03-14 13:30:00,20.84609,536.8887,2013,3,73,13
2013-03-14 14:00:00,21.23125,439.02,2013,3,73,14
2013-03-14 14:29:59,21.51323,398.9373,2013,3,73,14
2013-03-14 15:00:00,21.90797,413.1823,2013,3,73,15
2013-03-14 15:30:00,22.11741,490.8447,2013,3,73,15
2013-03-14 15:59:59,22.26615,305.5427,2013,3,73,15
2013-03-14 16:30:00,22.72935,413.2951,2013,3,73,16
2013-03-14 17:00:00,23.30494,310.5021,2013,3,73,17
2013-03-14 17:29:59,23.33796,184.5266,2013,3,73,17
2013-03-14 18:00:00,23.13904,62.26846,2013,3,73,18
2013-03-14 18:30:00,23.00569,7.658987,2013,3,73,18
2013-03-14 18:59:59,22.77791,-2.839401,2013,3,73,18
2013-03-14 19:30:00,22.43141,-3.411674,2013,3,73,19
2013-03-14 20:00:00,22.06847,-3.156436,2013,3,73,20
2013-03-14 20:29:59,21.6709,-3.067196,2013,3,73,20
2013-03-14 21:00:00,21.25386,-2.823911,2013,3,73,21
2013-03-14 21:30:00,20.92151,-2.755847,2013,3,73,21
2013-03-14 21:59:59,20.54179,-2.397105,2013,3,73,21
2013-03-14 22:30:00,20.13801,-1.664988,2013,3,73,22
2013-03-14 23:00:00,20.66037,-1.269323,2013,3,73,23
2013-03-14 23:29:59,20.91225,-1.921638,2013,3,73,23
2013-03-15 00:00:00,20.5853,-1.75093,2013,3,74,0
2013-03-15 00:30:00,20.39418,-1.615026,2013,3,74,0
2013-03-15 00:59:59,20.26768,-1.403037,2013,3,74,0
2013-03-15 01:30:00,20.05216,-2.442213,2013,3,74,1
2013-03-15 02:00:00,19.6301,-1.521953,2013,3,74,2
2013-03-15 02:29:59,19.43279,-1.148906,2013,3,74,2
2013-03-15 03:00:00,19.23632,-6.030381,2013,3,74,3
2013-03-15 03:30:00,19.02469,-0.9278597,2013,3,74,3
2013-03-15 03:59:59,18.91533,-0.8238217,2013,3,74,3
2013-03-15 04:30:00,19.01084,-1.121513,2013,3,74,4
2013-03-15 05:00:00,18.73599,-2.49683,2013,3,74,5
2013-03-15 05:29:59,18.46078,-1.082448,2013,3,74,5
2013-03-15 06:00:00,18.42963,-0.3868611,2013,3,74,6
2013-03-15 06:30:00,18.55729,15.0324,2013,3,74,6
2013-03-15 06:59:59,18.82739,52.54564,2013,3,74,6
2013-03-15 07:30:00,19.3599,175.8232,2013,3,74,7
2013-03-15 08:00:00,20.56592,256.319,2013,3,74,8
2013-03-15 08:29:59,21.89427,442.9744,2013,3,74,8
2013-03-15 09:00:00,23.30486,576.1016,2013,3,74,9
2013-03-15 09:30:00,24.24668,573.5985,2013,3,74,9
2013-03-15 09:59:59,24.98951,639.7645,2013,3,74,9
2013-03-15 10:30:00,25.6737,681.5409,2013,3,74,10
2013-03-15 11:00:00,26.20634,708.8289,2013,3,74,11
2013-03-15 11:29:59,26.87884,847.9218,2013,3,74,11
2013-03-15 12:00:00,27.84983,909.1002,2013,3,74,12
2013-03-15 12:30:00,28.76667,933.2126,2013,3,74,12
2013-03-15 12:59:59,29.75449,927.3613,2013,3,74,12
2013-03-15 13:30:00,31.1126,891.3248,2013,3,74,13
2013-03-15 14:00:00,31.85467,819.0366,2013,3,74,14
2013-03-15 14:29:59,32.28804,658.298,2013,3,74,14
2013-03-15 15:00:00,32.36095,544.3456,2013,3,74,15
2013-03-15 15:30:00,32.93129,710.7648,2013,3,74,15
2013-03-15 15:59:59,33.59868,530.5535,2013,3,74,15
2013-03-15 16:30:00,33.75775,389.1006,2013,3,74,16
2013-03-15 17:00:00,33.98656,185.8189,2013,3,74,17
2013-03-15 17:29:59,33.8053,53.28202,2013,3,74,17
2013-03-15 18:00:00,31.68977,-1.336987,2013,3,74,18
2013-03-15 18:30:00,25.05204,-7.24114,2013,3,74,18
2013-03-15 18:59:59,24.29526,-4.064589,2013,3,74,18
2013-03-15 19:30:00,23.79621,-2.280973,2013,3,74,19
2013-03-15 20:00:00,23.2989,-2.440712,2013,3,74,20
2013-03-15 20:29:59,22.4618,-1.865441,2013,3,74,20
2013-03-15 21:00:00,21.65384,-1.423428,2013,3,74,21
2013-03-15 21:30:00,21.41958,-0.8697448,2013,3,74,21
2013-03-15 21:59:59,21.59463,-0.04627388,2013,3,74,21
2013-03-15 22:30:00,21.74352,-0.484077,2013,3,74,22
2013-03-15 23:00:00,21.86131,-0.2488433,2013,3,74,23
2013-03-15 23:29:59,22.19513,-0.1293587,2013,3,74,23
2013-03-16 00:00:00,21.94128,-0.5144413,2013,3,75,0
2013-03-16 00:30:00,21.67178,-1.021003,2013,3,75,0
2013-03-16 00:59:59,21.52956,-1.041126,2013,3,75,0
2013-03-16 01:30:00,21.26428,-1.636477,2013,3,75,1
2013-03-16 02:00:00,21.21708,-0.7546043,2013,3,75,2
2013-03-16 02:29:59,21.03882,-0.576681,2013,3,75,2
2013-03-16 03:00:00,20.46191,-3.630837,2013,3,75,3
2013-03-16 03:30:00,19.66353,-3.452469,2013,3,75,3
2013-03-16 03:59:59,19.59629,-2.980417,2013,3,75,3
2013-03-16 04:30:00,19.60827,-2.691296,2013,3,75,4
2013-03-16 05:00:00,19.23021,-2.677268,2013,3,75,5
2013-03-16 05:29:59,18.77068,-2.678286,2013,3,75,5
2013-03-16 06:00:00,18.21325,-1.246779,2013,3,75,6
2013-03-16 06:30:00,18.0394,14.51959,2013,3,75,6
2013-03-16 06:59:59,18.15769,93.38948,2013,3,75,6
2013-03-16 07:30:00,18.87988,208.5432,2013,3,75,7
2013-03-16 08:00:00,19.58366,257.1721,2013,3,75,8
2013-03-16 08:29:59,20.46061,465.0559,2013,3,75,8
2013-03-16 09:00:00,21.30822,539.6157,2013,3,75,9
2013-03-16 09:30:00,22.07576,676.9953,2013,3,75,9
2013-03-16 09:59:59,23.19182,751.363,2013,3,75,9
2013-03-16 10:30:00,24.21652,717.8243,2013,3,75,10
2013-03-16 11:00:00,25.10845,886.9908,2013,3,75,11
2013-03-16 11:29:59,26.10366,936.6473,2013,3,75,11
2013-03-16 12:00:00,26.86849,937.0414,2013,3,75,12
2013-03-16 12:30:00,28.15032,938.8448,2013,3,75,12
2013-03-16 12:59:59,29.23412,923.301,2013,3,75,12
2013-03-16 13:30:00,30.15829,859.6962,2013,3,75,13
2013-03-16 14:00:00,30.58991,831.1342,2013,3,75,14
2013-03-16 14:29:59,31.23884,782.3022,2013,3,75,14
2013-03-16 15:00:00,31.68826,720.3602,2013,3,75,15
2013-03-16 15:30:00,31.86995,347.2511,2013,3,75,15
2013-03-16 15:59:59,31.92634,283.5417,2013,3,75,15
2013-03-16 16:30:00,31.82323,180.0373,2013,3,75,16
2013-03-16 17:00:00,31.90364,80.81635,2013,3,75,17
2013-03-16 17:29:59,30.7384,7.223938,2013,3,75,17
2013-03-16 18:00:00,27.77271,-7.296081,2013,3,75,18
2013-03-16 18:30:00,24.55302,-9.65015,2013,3,75,18
2013-03-16 18:59:59,23.29979,-4.236006,2013,3,75,18
2013-03-16 19:30:00,22.76652,-4.262643,2013,3,75,19
2013-03-16 20:00:00,22.29392,-5.183005,2013,3,75,20
2013-03-16 20:29:59,21.24739,-2.262339,2013,3,75,20
2013-03-16 21:00:00,21.04671,-1.686709,2013,3,75,21
2013-03-16 21:30:00,20.73608,-1.203844,2013,3,75,21
2013-03-16 21:59:59,20.6622,-1.544331,2013,3,75,21
2013-03-16 22:30:00,20.27141,-2.037777,2013,3,75,22
2013-03-16 23:00:00,20.50319,-0.8418127,2013,3,75,23
2013-03-16 23:29:59,20.69304,-2.867825,2013,3,75,23
2013-03-17 00:00:00,20.31316,-2.28992,2013,3,76,0
2013-03-17 00:30:00,20.39687,-2.600087,2013,3,76,0
2013-03-17 00:59:59,19.96918,-2.11972,2013,3,76,0
2013-03-17 01:30:00,20.17555,-1.6032,2013,3,76,1
2013-03-17 02:00:00,20.14212,-1.843061,2013,3,76,2
2013-03-17 02:29:59,20.09168,-1.916907,2013,3,76,2
2013-03-17 03:00:00,20.32615,-2.086322,2013,3,76,3
2013-03-17 03:30:00,20.52081,-2.223001,2013,3,76,3
2013-03-17 03:59:59,20.74619,-2.001855,2013,3,76,3
2013-03-17 04:30:00,20.84845,-2.49186,2013,3,76,4
2013-03-17 05:00:00,20.63513,-2.578789,2013,3,76,5
2013-03-17 05:29:59,20.29234,-2.515259,2013,3,76,5
2013-03-17 06:00:00,19.97799,-0.8965268,2013,3,76,6
2013-03-17 06:30:00,19.91901,14.72918,2013,3,76,6
2013-03-17 06:59:59,20.47613,90.97582,2013,3,76,6
2013-03-17 07:30:00,21.42544,222.5321,2013,3,76,7
2013-03-17 08:00:00,22.29647,340.5518,2013,3,76,8
2013-03-17 08:29:59,23.20019,455.8672,2013,3,76,8
2013-03-17 09:00:00,24.18774,570.252,2013,3,76,9
2013-03-17 09:30:00,25.16841,634.2194,2013,3,76,9
2013-03-17 09:59:59,26.38026,743.5179,2013,3,76,9
2013-03-17 10:30:00,27.23736,778.1013,2013,3,76,10
2013-03-17 11:00:00,28.21275,755.3834,2013,3,76,11
2013-03-17 11:29:59,29.21566,872.846,2013,3,76,11
2013-03-17 12:00:00,30.04393,867.7583,2013,3,76,12
2013-03-17 12:30:00,30.4849,867.8066,2013,3,76,12
2013-03-17 12:59:59,31.17562,803.2695,2013,3,76,12
2013-03-17 13:30:00,31.75449,788.48,2013,3,76,13
2013-03-17 14:00:00,32.51773,844.5333,2013,3,76,14
2013-03-17 14:29:59,33.2279,765.1309,2013,3,76,14
2013-03-17 15:00:00,33.83055,612.3618,2013,3,76,15
2013-03-17 15:30:00,34.17688,665.9573,2013,3,76,15
2013-03-17 15:59:59,34.43015,500.2245,2013,3,76,15
2013-03-17 16:30:00,34.51229,414.3268,2013,3,76,16
2013-03-17 17:00:00,35.25171,264.0975,2013,3,76,17
2013-03-17 17:29:59,35.3694,145.1745,2013,3,76,17
2013-03-17 18:00:00,32.48066,18.5532,2013,3,76,18
2013-03-17 18:30:00,28.97317,-1.108396,2013,3,76,18
2013-03-17 18:59:59,26.59642,NA,2013,3,76,18
2013-03-17 19:30:00,25.77584,-2.751106,2013,3,76,19
2013-03-17 20:00:00,24.69593,-2.937688,2013,3,76,20
2013-03-17 20:29:59,23.69105,-3.190409,2013,3,76,20
2013-03-17 21:00:00,23.12956,-2.564138,2013,3,76,21
2013-03-17 21:30:00,22.62396,-3.900648,2013,3,76,21
2013-03-17 21:59:59,21.67286,-4.878831,2013,3,76,21
2013-03-17 22:30:00,21.50518,-3.142586,2013,3,76,22
2013-03-17 23:00:00,21.37426,-2.992182,2013,3,76,23
2013-03-17 23:29:59,21.0895,-3.032627,2013,3,76,23
2013-03-18 00:00:00,20.96601,-2.665099,2013,3,77,0
2013-03-18 00:30:00,20.89961,-2.500905,2013,3,77,0
2013-03-18 00:59:59,21.14261,-2.628932,2013,3,77,0
2013-03-18 01:30:00,21.02552,-2.73568,2013,3,77,1
2013-03-18 02:00:00,20.76203,-2.688771,2013,3,77,2
2013-03-18 02:29:59,20.61274,-2.719279,2013,3,77,2
2013-03-18 03:00:00,20.22185,-2.684927,2013,3,77,3
2013-03-18 03:30:00,20.02214,-2.9559,2013,3,77,3
2013-03-18 03:59:59,19.86863,-2.987086,2013,3,77,3
2013-03-18 04:30:00,19.48006,-3.166574,2013,3,77,4
2013-03-18 05:00:00,18.99763,-2.957905,2013,3,77,5
2013-03-18 05:29:59,18.94336,-2.710701,2013,3,77,5
2013-03-18 06:00:00,18.83042,-1.782342,2013,3,77,6
2013-03-18 06:30:00,18.85499,13.16855,2013,3,77,6
2013-03-18 06:59:59,19.19132,88.62025,2013,3,77,6
2013-03-18 07:30:00,20.00398,209.1986,2013,3,77,7
2013-03-18 08:00:00,20.50739,257.052,2013,3,77,8
2013-03-18 08:29:59,22.19769,420.3343,2013,3,77,8
2013-03-18 09:00:00,23.7532,581.6779,2013,3,77,9
2013-03-18 09:30:00,24.98196,650.5912,2013,3,77,9
2013-03-18 09:59:59,25.97632,743.3127,2013,3,77,9
2013-03-18 10:30:00,26.85694,808.2232,2013,3,77,10
2013-03-18 11:00:00,27.88498,857.3273,2013,3,77,11
2013-03-18 11:29:59,29.14812,894.2173,2013,3,77,11
2013-03-18 12:00:00,30.42853,913.6041,2013,3,77,12
2013-03-18 12:30:00,31.96486,917.114,2013,3,77,12
2013-03-18 12:59:59,32.99005,905.3729,2013,3,77,12
2013-03-18 13:30:00,33.8147,878.8702,2013,3,77,13
2013-03-18 14:00:00,34.39405,838.1437,2013,3,77,14
2013-03-18 14:29:59,34.60202,718.3644,2013,3,77,14
2013-03-18 15:00:00,34.97142,672.5185,2013,3,77,15
2013-03-18 15:30:00,35.99181,630.6833,2013,3,77,15
2013-03-18 15:59:59,35.76448,431.6938,2013,3,77,15
2013-03-18 16:30:00,35.77322,357.4262,2013,3,77,16
2013-03-18 17:00:00,35.56256,211.3055,2013,3,77,17
2013-03-18 17:29:59,35.80316,177.8585,2013,3,77,17
2013-03-18 18:00:00,35.28538,36.78791,2013,3,77,18
2013-03-18 18:30:00,34.09197,-0.6823667,2013,3,77,18
2013-03-18 18:59:59,32.34944,-4.886619,2013,3,77,18
2013-03-18 19:30:00,31.01768,-4.577539,2013,3,77,19
2013-03-18 20:00:00,30.30635,-4.2105,2013,3,77,20
2013-03-18 20:29:59,29.59859,-4.192157,2013,3,77,20
2013-03-18 21:00:00,28.79534,-4.235501,2013,3,77,21
2013-03-18 21:30:00,28.1685,-4.246908,2013,3,77,21
2013-03-18 21:59:59,27.37683,-4.214769,2013,3,77,21
2013-03-18 22:30:00,26.72069,-4.322477,2013,3,77,22
2013-03-18 23:00:00,26.17601,-4.077514,2013,3,77,23
2013-03-18 23:29:59,25.76501,-4.000466,2013,3,77,23
2013-03-19 00:00:00,25.32263,-3.880246,2013,3,78,0
2013-03-19 00:30:00,24.81271,-3.882889,2013,3,78,0
2013-03-19 00:59:59,24.25082,-3.741652,2013,3,78,0
2013-03-19 01:30:00,23.88062,-3.702499,2013,3,78,1
2013-03-19 02:00:00,23.5914,-3.567615,2013,3,78,2
2013-03-19 02:29:59,23.10175,-3.585252,2013,3,78,2
2013-03-19 03:00:00,22.67799,-3.24692,2013,3,78,3
2013-03-19 03:30:00,22.22083,-3.51668,2013,3,78,3
2013-03-19 03:59:59,21.66878,-3.537927,2013,3,78,3
2013-03-19 04:30:00,21.42071,-3.4601,2013,3,78,4
2013-03-19 05:00:00,21.17741,-3.220484,2013,3,78,5
2013-03-19 05:29:59,20.69309,-3.315312,2013,3,78,5
2013-03-19 06:00:00,20.40731,-1.30006,2013,3,78,6
2013-03-19 06:30:00,20.73221,16.99721,2013,3,78,6
2013-03-19 06:59:59,20.71154,70.2442,2013,3,78,6
2013-03-19 07:30:00,21.56098,211.5733,2013,3,78,7
2013-03-19 08:00:00,22.32522,311.7851,2013,3,78,8
2013-03-19 08:29:59,23.29657,401.7399,2013,3,78,8
2013-03-19 09:00:00,24.86089,566.8926,2013,3,78,9
2013-03-19 09:30:00,26.77006,657.7575,2013,3,78,9
2013-03-19 09:59:59,28.44579,735.7996,2013,3,78,9
2013-03-19 10:30:00,29.9586,799.8442,2013,3,78,10
2013-03-19 11:00:00,31.25115,860.5225,2013,3,78,11
2013-03-19 11:29:59,32.1563,900.4777,2013,3,78,11
2013-03-19 12:00:00,33.14745,914.3834,2013,3,78,12
2013-03-19 12:30:00,33.76923,914.9645,2013,3,78,12
2013-03-19 12:59:59,34.34113,910.2339,2013,3,78,12
2013-03-19 13:30:00,34.63731,879.8141,2013,3,78,13
2013-03-19 14:00:00,35.2323,846.1866,2013,3,78,14
2013-03-19 14:29:59,35.8565,722.2867,2013,3,78,14
2013-03-19 15:00:00,36.22656,676.9521,2013,3,78,15
2013-03-19 15:30:00,35.99399,246.7837,2013,3,78,15
2013-03-19 15:59:59,36.18323,463.4515,2013,3,78,15
2013-03-19 16:30:00,36.33955,383.1149,2013,3,78,16
2013-03-19 17:00:00,36.52213,289.5707,2013,3,78,17
2013-03-19 17:29:59,36.4543,158.1352,2013,3,78,17
2013-03-19 18:00:00,35.95644,55.44948,2013,3,78,18
2013-03-19 18:30:00,34.76583,-2.209633,2013,3,78,18
2013-03-19 18:59:59,33.83508,-5.450807,2013,3,78,18
2013-03-19 19:30:00,33.10767,-4.548207,2013,3,78,19
2013-03-19 20:00:00,33.19644,-2.854856,2013,3,78,20
2013-03-19 20:29:59,32.74391,-2.81331,2013,3,78,20
2013-03-19 21:00:00,32.58441,-2.498721,2013,3,78,21
2013-03-19 21:30:00,32.37266,-2.551919,2013,3,78,21
2013-03-19 21:59:59,30.90583,-4.427796,2013,3,78,21
2013-03-19 22:30:00,30.76824,-1.478288,2013,3,78,22
2013-03-19 23:00:00,31.12826,-0.6976657,2013,3,78,23
2013-03-19 23:29:59,30.14595,-1.974941,2013,3,78,23
2013-03-20 00:00:00,30.00011,-3.374379,2013,3,79,0
2013-03-20 00:30:00,29.21425,-1.994186,2013,3,79,0
2013-03-20 00:59:59,28.52166,-2.317812,2013,3,79,0
2013-03-20 01:30:00,27.73881,-2.336454,2013,3,79,1
2013-03-20 02:00:00,27.55801,-3.420548,2013,3,79,2
2013-03-20 02:29:59,27.2683,-3.378503,2013,3,79,2
2013-03-20 03:00:00,27.32875,-2.407825,2013,3,79,3
2013-03-20 03:30:00,27.36085,-2.596839,2013,3,79,3
2013-03-20 03:59:59,26.81336,-3.831109,2013,3,79,3
2013-03-20 04:30:00,26.1341,-2.917,2013,3,79,4
2013-03-20 05:00:00,25.59591,-3.635269,2013,3,79,5
2013-03-20 05:29:59,24.58709,-3.628311,2013,3,79,5
2013-03-20 06:00:00,24.40873,-2.921882,2013,3,79,6
2013-03-20 06:30:00,24.13414,10.93977,2013,3,79,6
2013-03-20 06:59:59,23.08616,48.47372,2013,3,79,6
2013-03-20 07:30:00,22.7815,137.714,2013,3,79,7
2013-03-20 08:00:00,23.12006,217.4983,2013,3,79,8
2013-03-20 08:29:59,23.62825,421.1636,2013,3,79,8
2013-03-20 09:00:00,24.26748,488.8622,2013,3,79,9
2013-03-20 09:30:00,24.61709,666.6622,2013,3,79,9
2013-03-20 09:59:59,25.16554,744.7689,2013,3,79,9
2013-03-20 10:30:00,25.11318,814.3861,2013,3,79,10
2013-03-20 11:00:00,25.60371,866.9638,2013,3,79,11
2013-03-20 11:29:59,26.02765,905.7497,2013,3,79,11
2013-03-20 12:00:00,26.60398,909.3927,2013,3,79,12
2013-03-20 12:30:00,26.80352,927.1793,2013,3,79,12
2013-03-20 12:59:59,27.2332,915.2853,2013,3,79,12
2013-03-20 13:30:00,28.07087,885.5797,2013,3,79,13
2013-03-20 14:00:00,28.66616,834.969,2013,3,79,14
2013-03-20 14:29:59,28.90307,807.7178,2013,3,79,14
2013-03-20 15:00:00,29.08527,705.0789,2013,3,79,15
2013-03-20 15:30:00,28.81584,634.5549,2013,3,79,15
2013-03-20 15:59:59,28.53312,549.2454,2013,3,79,15
2013-03-20 16:30:00,27.62926,272.6868,2013,3,79,16
2013-03-20 17:00:00,27.36018,265.0254,2013,3,79,17
2013-03-20 17:29:59,26.69278,104.499,2013,3,79,17
2013-03-20 18:00:00,26.24935,23.52471,2013,3,79,18
2013-03-20 18:30:00,25.74746,-1.511687,2013,3,79,18
2013-03-20 18:59:59,25.14255,-3.686299,2013,3,79,18
2013-03-20 19:30:00,24.45127,-4.388383,2013,3,79,19
2013-03-20 20:00:00,23.8047,-4.205039,2013,3,79,20
2013-03-20 20:29:59,23.21756,-4.609992,2013,3,79,20
2013-03-20 21:00:00,22.76217,-4.167462,2013,3,79,21
2013-03-20 21:30:00,22.3358,-4.583061,2013,3,79,21
2013-03-20 21:59:59,21.89875,-3.937657,2013,3,79,21
2013-03-20 22:30:00,21.29917,-3.919235,2013,3,79,22
2013-03-20 23:00:00,21.02677,-3.210691,2013,3,79,23
2013-03-20 23:29:59,21.01374,-3.691695,2013,3,79,23
2013-03-21 00:00:00,20.72029,-3.549497,2013,3,80,0
2013-03-21 00:30:00,20.56666,-3.225459,2013,3,80,0
2013-03-21 00:59:59,19.70692,-3.624109,2013,3,80,0
2013-03-21 01:30:00,18.67806,-3.094841,2013,3,80,1
2013-03-21 02:00:00,17.82047,-2.977105,2013,3,80,2
2013-03-21 02:29:59,17.27512,-2.813377,2013,3,80,2
2013-03-21 03:00:00,16.8354,-2.656743,2013,3,80,3
2013-03-21 03:30:00,16.44182,-2.844337,2013,3,80,3
2013-03-21 03:59:59,16.06756,-1.633788,2013,3,80,3
2013-03-21 04:30:00,16.03955,-0.8966231,2013,3,80,4
2013-03-21 05:00:00,15.78666,-2.173856,2013,3,80,5
2013-03-21 05:29:59,15.42428,-2.071491,2013,3,80,5
2013-03-21 06:00:00,15.20018,-1.824102,2013,3,80,6
2013-03-21 06:30:00,15.08587,6.109483,2013,3,80,6
2013-03-21 06:59:59,15.07738,34.8929,2013,3,80,6
2013-03-21 07:30:00,15.2115,89.71968,2013,3,80,7
2013-03-21 08:00:00,15.54217,173.22,2013,3,80,8
2013-03-21 08:29:59,15.72573,248.3441,2013,3,80,8
2013-03-21 09:00:00,15.99568,313.8161,2013,3,80,9
2013-03-21 09:30:00,16.45218,334.2449,2013,3,80,9
2013-03-21 09:59:59,16.75614,380.423,2013,3,80,9
2013-03-21 10:30:00,17.32368,386.1588,2013,3,80,10
2013-03-21 11:00:00,17.88093,536.9357,2013,3,80,11
2013-03-21 11:29:59,18.43179,556.6591,2013,3,80,11
2013-03-21 12:00:00,19.10563,786.9815,2013,3,80,12
2013-03-21 12:30:00,19.91837,806.231,2013,3,80,12
2013-03-21 12:59:59,20.47964,706.5117,2013,3,80,12
2013-03-21 13:30:00,21.3672,803.1661,2013,3,80,13
2013-03-21 14:00:00,22.28704,751.4617,2013,3,80,14
2013-03-21 14:29:59,22.4374,453.571,2013,3,80,14
2013-03-21 15:00:00,22.67616,321.8748,2013,3,80,15
2013-03-21 15:30:00,22.72302,221.6834,2013,3,80,15
2013-03-21 15:59:59,22.80272,231.0152,2013,3,80,15
2013-03-21 16:30:00,22.74086,204.6547,2013,3,80,16
2013-03-21 17:00:00,22.89277,186.8108,2013,3,80,17
2013-03-21 17:29:59,22.70461,81.82291,2013,3,80,17
2013-03-21 18:00:00,22.24587,19.2141,2013,3,80,18
2013-03-21 18:30:00,21.35327,-0.435951,2013,3,80,18
2013-03-21 18:59:59,20.77631,-4.230378,2013,3,80,18
2013-03-21 19:30:00,20.30467,-3.961003,2013,3,80,19
2013-03-21 20:00:00,19.82148,-4.231885,2013,3,80,20
2013-03-21 20:29:59,19.31395,-3.887079,2013,3,80,20
2013-03-21 21:00:00,18.94051,-3.927786,2013,3,80,21
2013-03-21 21:30:00,18.49345,-3.886146,2013,3,80,21
2013-03-21 21:59:59,18.02412,-3.974694,2013,3,80,21
2013-03-21 22:30:00,17.58817,-4.128676,2013,3,80,22
2013-03-21 23:00:00,17.27034,-4.061902,2013,3,80,23
2013-03-21 23:29:59,17.01644,-3.934347,2013,3,80,23
2013-03-22 00:00:00,16.72551,-3.663539,2013,3,81,0
2013-03-22 00:30:00,16.43873,-3.636003,2013,3,81,0
2013-03-22 00:59:59,16.4137,-3.614326,2013,3,81,0
2013-03-22 01:30:00,16.2692,-3.097965,2013,3,81,1
2013-03-22 02:00:00,16.23702,-2.528605,2013,3,81,2
2013-03-22 02:29:59,16.02071,-2.641562,2013,3,81,2
2013-03-22 03:00:00,15.89065,-2.643574,2013,3,81,3
2013-03-22 03:30:00,15.85677,-2.702774,2013,3,81,3
2013-03-22 03:59:59,15.90098,-2.782543,2013,3,81,3
2013-03-22 04:30:00,15.61763,-2.488836,2013,3,81,4
2013-03-22 05:00:00,15.8359,-2.389377,2013,3,81,5
2013-03-22 05:29:59,15.70244,-2.306195,2013,3,81,5
2013-03-22 06:00:00,15.20065,-2.044935,2013,3,81,6
2013-03-22 06:30:00,14.85481,15.81454,2013,3,81,6
2013-03-22 06:59:59,14.85691,61.88353,2013,3,81,6
2013-03-22 07:30:00,15.58485,179.5311,2013,3,81,7
2013-03-22 08:00:00,17.06826,314.1655,2013,3,81,8
2013-03-22 08:29:59,18.45008,462.2941,2013,3,81,8
2013-03-22 09:00:00,19.33927,484.5166,2013,3,81,9
2013-03-22 09:30:00,19.92531,484.7021,2013,3,81,9
2013-03-22 09:59:59,20.82367,561.5474,2013,3,81,9
2013-03-22 10:30:00,21.3933,514.6252,2013,3,81,10
2013-03-22 11:00:00,21.96216,601.6826,2013,3,81,11
2013-03-22 11:29:59,22.50263,775.7881,2013,3,81,11
2013-03-22 12:00:00,23.11473,776.735,2013,3,81,12
2013-03-22 12:30:00,23.56555,565.9073,2013,3,81,12
2013-03-22 12:59:59,24.10654,682.9542,2013,3,81,12
2013-03-22 13:30:00,24.66818,896.467,2013,3,81,13
2013-03-22 14:00:00,25.45384,854.4518,2013,3,81,14
2013-03-22 14:29:59,26.18033,778.7695,2013,3,81,14
2013-03-22 15:00:00,26.84204,700.9282,2013,3,81,15
2013-03-22 15:30:00,26.72887,608.3764,2013,3,81,15
2013-03-22 15:59:59,27.05195,511.9423,2013,3,81,15
2013-03-22 16:30:00,27.27884,390.0125,2013,3,81,16
2013-03-22 17:00:00,27.52151,270.7134,2013,3,81,17
2013-03-22 17:29:59,27.42031,153.2641,2013,3,81,17
2013-03-22 18:00:00,26.9215,50.33559,2013,3,81,18
2013-03-22 18:30:00,26.23521,-2.571014,2013,3,81,18
2013-03-22 18:59:59,25.47846,-5.298319,2013,3,81,18
2013-03-22 19:30:00,24.82575,-5.330785,2013,3,81,19
2013-03-22 20:00:00,24.0199,-5.398589,2013,3,81,20
2013-03-22 20:29:59,23.16769,-5.14648,2013,3,81,20
2013-03-22 21:00:00,22.59676,-4.688696,2013,3,81,21
2013-03-22 21:30:00,22.09584,-4.512604,2013,3,81,21
2013-03-22 21:59:59,21.66681,-4.379048,2013,3,81,21
2013-03-22 22:30:00,21.28748,-4.511687,2013,3,81,22
2013-03-22 23:00:00,20.56901,-4.462125,2013,3,81,23
2013-03-22 23:29:59,20.04792,-4.175166,2013,3,81,23
2013-03-23 00:00:00,19.86276,-3.806217,2013,3,82,0
2013-03-23 00:30:00,19.02749,-4.20757,2013,3,82,0
2013-03-23 00:59:59,18.85625,-3.925714,2013,3,82,0
2013-03-23 01:30:00,18.44547,-3.822066,2013,3,82,1
2013-03-23 02:00:00,18.29617,-3.653865,2013,3,82,2
2013-03-23 02:29:59,18.47266,-3.859119,2013,3,82,2
2013-03-23 03:00:00,18.28182,-3.533491,2013,3,82,3
2013-03-23 03:30:00,18.21209,-3.744014,2013,3,82,3
2013-03-23 03:59:59,17.71166,-3.957237,2013,3,82,3
2013-03-23 04:30:00,17.54031,-3.420622,2013,3,82,4
2013-03-23 05:00:00,17.03895,-3.438447,2013,3,82,5
2013-03-23 05:29:59,16.43001,-3.21572,2013,3,82,5
2013-03-23 06:00:00,16.05978,-2.488038,2013,3,82,6
2013-03-23 06:30:00,16.01287,9.371457,2013,3,82,6
2013-03-23 06:59:59,16.69465,76.47575,2013,3,82,6
2013-03-23 07:30:00,17.75946,212.8215,2013,3,82,7
2013-03-23 08:00:00,19.18039,332.1644,2013,3,82,8
2013-03-23 08:29:59,20.35875,429.367,2013,3,82,8
2013-03-23 09:00:00,21.34821,477.8443,2013,3,82,9
2013-03-23 09:30:00,23.12099,574.1926,2013,3,82,9
2013-03-23 09:59:59,23.87399,680.1218,2013,3,82,9
2013-03-23 10:30:00,24.96381,803.4747,2013,3,82,10
2013-03-23 11:00:00,26.21976,852.7398,2013,3,82,11
2013-03-23 11:29:59,27.07405,900.0972,2013,3,82,11
2013-03-23 12:00:00,27.33893,850.5037,2013,3,82,12
2013-03-23 12:30:00,28.19862,890.3746,2013,3,82,12
2013-03-23 12:59:59,28.98153,810.4561,2013,3,82,12
2013-03-23 13:30:00,29.36923,926.599,2013,3,82,13
2013-03-23 14:00:00,30.0232,865.2817,2013,3,82,14
2013-03-23 14:29:59,30.35792,725.7899,2013,3,82,14
2013-03-23 15:00:00,29.88818,541.3425,2013,3,82,15
2013-03-23 15:30:00,30.27153,522.4589,2013,3,82,15
2013-03-23 15:59:59,30.4025,476.2736,2013,3,82,15
2013-03-23 16:30:00,30.45504,298.3544,2013,3,82,16
2013-03-23 17:00:00,30.61706,126.1126,2013,3,82,17
2013-03-23 17:29:59,30.30269,69.7977,2013,3,82,17
2013-03-23 18:00:00,30.02486,23.96152,2013,3,82,18
2013-03-23 18:30:00,29.56655,-2.715058,2013,3,82,18
2013-03-23 18:59:59,29.09605,-5.17789,2013,3,82,18
2013-03-23 19:30:00,28.6975,-3.989433,2013,3,82,19
2013-03-23 20:00:00,27.50091,-4.249949,2013,3,82,20
2013-03-23 20:29:59,27.11078,-4.178365,2013,3,82,20
2013-03-23 21:00:00,26.64354,-4.581587,2013,3,82,21
2013-03-23 21:30:00,26.22902,-4.273022,2013,3,82,21
2013-03-23 21:59:59,25.71684,-3.886707,2013,3,82,21
2013-03-23 22:30:00,25.01772,-4.442808,2013,3,82,22
2013-03-23 23:00:00,24.20854,-4.248717,2013,3,82,23
2013-03-23 23:29:59,24.19098,-4.250791,2013,3,82,23
2013-03-24 00:00:00,23.0133,-4.49312,2013,3,83,0
2013-03-24 00:30:00,22.28759,-4.021176,2013,3,83,0
2013-03-24 00:59:59,22.12271,-4.316987,2013,3,83,0
2013-03-24 01:30:00,21.72855,-4.459152,2013,3,83,1
2013-03-24 02:00:00,21.26777,-4.146619,2013,3,83,2
2013-03-24 02:29:59,21.04554,-3.845501,2013,3,83,2
2013-03-24 03:00:00,20.4693,-3.89111,2013,3,83,3
2013-03-24 03:30:00,20.06006,-3.872693,2013,3,83,3
2013-03-24 03:59:59,19.68767,-4.104798,2013,3,83,3
2013-03-24 04:30:00,19.11825,-4.234642,2013,3,83,4
2013-03-24 05:00:00,18.31173,-4.171546,2013,3,83,5
2013-03-24 05:29:59,17.38891,-3.981842,2013,3,83,5
2013-03-24 06:00:00,16.75887,-3.307158,2013,3,83,6
2013-03-24 06:30:00,16.51893,9.829179,2013,3,83,6
2013-03-24 06:59:59,16.79386,75.46162,2013,3,83,6
2013-03-24 07:30:00,17.18289,213.0865,2013,3,83,7
2013-03-24 08:00:00,17.95247,331.6889,2013,3,83,8
2013-03-24 08:29:59,19.00364,447.8968,2013,3,83,8
2013-03-24 09:00:00,20.1043,556.0087,2013,3,83,9
2013-03-24 09:30:00,21.53043,651.7847,2013,3,83,9
2013-03-24 09:59:59,23.129,734.9949,2013,3,83,9
2013-03-24 10:30:00,24.58226,804.151,2013,3,83,10
2013-03-24 11:00:00,25.98211,859.4454,2013,3,83,11
2013-03-24 11:29:59,26.99923,897.3726,2013,3,83,11
2013-03-24 12:00:00,27.7418,917.0688,2013,3,83,12
2013-03-24 12:30:00,28.52404,917.7183,2013,3,83,12
2013-03-24 12:59:59,29.23791,904.7656,2013,3,83,12
2013-03-24 13:30:00,29.57929,873.7966,2013,3,83,13
2013-03-24 14:00:00,29.92322,823.8145,2013,3,83,14
2013-03-24 14:29:59,30.16693,762.1817,2013,3,83,14
2013-03-24 15:00:00,30.45705,685.6109,2013,3,83,15
2013-03-24 15:30:00,30.51276,595.0812,2013,3,83,15
2013-03-24 15:59:59,30.56845,491.7503,2013,3,83,15
2013-03-24 16:30:00,30.63049,380.1839,2013,3,83,16
2013-03-24 17:00:00,30.6495,262.6045,2013,3,83,17
2013-03-24 17:29:59,30.6114,146.5556,2013,3,83,17
2013-03-24 18:00:00,30.33236,44.27961,2013,3,83,18
2013-03-24 18:30:00,29.94188,-3.803792,2013,3,83,18
2013-03-24 18:59:59,29.73384,-5.26692,2013,3,83,18
2013-03-24 19:30:00,29.2163,-4.1436,2013,3,83,19
2013-03-24 20:00:00,28.62313,-3.895703,2013,3,83,20
2013-03-24 20:29:59,28.16742,-3.848311,2013,3,83,20
2013-03-24 21:00:00,27.57402,-3.785493,2013,3,83,21
2013-03-24 21:30:00,26.80146,-3.769528,2013,3,83,21
2013-03-24 21:59:59,26.5439,-3.792528,2013,3,83,21
2013-03-24 22:30:00,26.09702,-3.824498,2013,3,83,22
2013-03-24 23:00:00,25.07621,-4.84427,2013,3,83,23
2013-03-24 23:29:59,24.50785,-3.716675,2013,3,83,23
2013-03-25 00:00:00,24.388,-3.353343,2013,3,84,0
2013-03-25 00:30:00,23.70056,-4.3336,2013,3,84,0
2013-03-25 00:59:59,23.06915,-4.076005,2013,3,84,0
2013-03-25 01:30:00,22.52153,-3.747573,2013,3,84,1
2013-03-25 02:00:00,22.39811,-3.715184,2013,3,84,2
2013-03-25 02:29:59,21.94446,-3.814719,2013,3,84,2
2013-03-25 03:00:00,21.73973,-3.97706,2013,3,84,3
2013-03-25 03:30:00,21.37285,-3.107272,2013,3,84,3
2013-03-25 03:59:59,21.2487,-2.495982,2013,3,84,3
2013-03-25 04:30:00,20.7449,-2.643736,2013,3,84,4
2013-03-25 05:00:00,20.6516,-2.292564,2013,3,84,5
2013-03-25 05:29:59,20.09623,-2.262039,2013,3,84,5
2013-03-25 06:00:00,19.89216,-1.433432,2013,3,84,6
2013-03-25 06:30:00,19.74845,14.11502,2013,3,84,6
2013-03-25 06:59:59,19.8536,87.03638,2013,3,84,6
2013-03-25 07:30:00,19.77509,113.5239,2013,3,84,7
2013-03-25 08:00:00,20.93353,325.2486,2013,3,84,8
2013-03-25 08:29:59,23.96803,442.0347,2013,3,84,8
2013-03-25 09:00:00,25.49778,489.3684,2013,3,84,9
2013-03-25 09:30:00,27.3513,589.3014,2013,3,84,9
2013-03-25 09:59:59,28.90195,737.9083,2013,3,84,9
2013-03-25 10:30:00,30.32928,740.574,2013,3,84,10
2013-03-25 11:00:00,30.91653,676.7599,2013,3,84,11
2013-03-25 11:29:59,31.59685,887.7439,2013,3,84,11
2013-03-25 12:00:00,32.35866,867.0292,2013,3,84,12
2013-03-25 12:30:00,33.03698,742.1674,2013,3,84,12
2013-03-25 12:59:59,33.40053,752.1563,2013,3,84,12
2013-03-25 13:30:00,34.36068,869.2019,2013,3,84,13
2013-03-25 14:00:00,35.10838,784.4831,2013,3,84,14
2013-03-25 14:29:59,35.34205,679.6771,2013,3,84,14
2013-03-25 15:00:00,36.03792,639.827,2013,3,84,15
2013-03-25 15:30:00,36.97699,620.9037,2013,3,84,15
2013-03-25 15:59:59,37.16509,484.797,2013,3,84,15
2013-03-25 16:30:00,37.00774,382.7392,2013,3,84,16
2013-03-25 17:00:00,36.56542,216.2227,2013,3,84,17
2013-03-25 17:29:59,35.65702,68.45538,2013,3,84,17
2013-03-25 18:00:00,35.02344,24.23153,2013,3,84,18
2013-03-25 18:30:00,34.43733,-4.184152,2013,3,84,18
2013-03-25 18:59:59,33.66667,-5.078983,2013,3,84,18
2013-03-25 19:30:00,32.45774,-5.241133,2013,3,84,19
2013-03-25 20:00:00,31.67785,-4.913364,2013,3,84,20
2013-03-25 20:29:59,31.09414,-3.997415,2013,3,84,20
2013-03-25 21:00:00,30.42116,-3.791562,2013,3,84,21
2013-03-25 21:30:00,28.66892,-3.535409,2013,3,84,21
2013-03-25 21:59:59,27.97724,-3.429688,2013,3,84,21
2013-03-25 22:30:00,26.93401,-3.330216,2013,3,84,22
2013-03-25 23:00:00,25.9714,-3.106373,2013,3,84,23
2013-03-25 23:29:59,25.23089,-3.291446,2013,3,84,23
2013-03-26 00:00:00,24.60401,-3.20362,2013,3,85,0
2013-03-26 00:30:00,24.04174,-3.316277,2013,3,85,0
2013-03-26 00:59:59,23.61629,-2.705114,2013,3,85,0
2013-03-26 01:30:00,23.27503,-2.502335,2013,3,85,1
2013-03-26 02:00:00,22.87107,-2.596515,2013,3,85,2
2013-03-26 02:29:59,22.45066,-2.671949,2013,3,85,2
2013-03-26 03:00:00,22.19192,-2.724871,2013,3,85,3
2013-03-26 03:30:00,21.87119,-2.919981,2013,3,85,3
2013-03-26 03:59:59,21.60539,-2.578721,2013,3,85,3
2013-03-26 04:30:00,21.57595,-2.347254,2013,3,85,4
2013-03-26 05:00:00,21.32378,-2.594195,2013,3,85,5
2013-03-26 05:29:59,20.87548,-2.591407,2013,3,85,5
2013-03-26 06:00:00,20.60995,-2.182646,2013,3,85,6
2013-03-26 06:30:00,20.62565,2.578434,2013,3,85,6
2013-03-26 06:59:59,20.59075,17.56353,2013,3,85,6
2013-03-26 07:30:00,20.73672,50.39503,2013,3,85,7
2013-03-26 08:00:00,21.1614,134.0596,2013,3,85,8
2013-03-26 08:29:59,21.25328,273.1176,2013,3,85,8
2013-03-26 09:00:00,21.54222,279.1967,2013,3,85,9
2013-03-26 09:30:00,19.61569,242.5284,2013,3,85,9
2013-03-26 09:59:59,17.55501,142.6664,2013,3,85,9
2013-03-26 10:30:00,14.50253,113.7775,2013,3,85,10
2013-03-26 11:00:00,14.47252,243.1876,2013,3,85,11
2013-03-26 11:29:59,15.41025,544.9352,2013,3,85,11
2013-03-26 12:00:00,17.07386,907.3801,2013,3,85,12
2013-03-26 12:30:00,18.14776,832.7886,2013,3,85,12
2013-03-26 12:59:59,18.94672,847.9446,2013,3,85,12
2013-03-26 13:30:00,19.68305,876.1514,2013,3,85,13
2013-03-26 14:00:00,18.94577,819.7258,2013,3,85,14
2013-03-26 14:29:59,17.99683,645.8399,2013,3,85,14
2013-03-26 15:00:00,18.87336,659.504,2013,3,85,15
2013-03-26 15:30:00,19.58606,546.7392,2013,3,85,15
2013-03-26 15:59:59,18.91821,329.1301,2013,3,85,15
2013-03-26 16:30:00,18.94231,289.1891,2013,3,85,16
2013-03-26 17:00:00,18.35099,141.9936,2013,3,85,17
2013-03-26 17:29:59,17.51005,59.11547,2013,3,85,17
2013-03-26 18:00:00,16.87991,13.86908,2013,3,85,18
2013-03-26 18:30:00,15.74678,-5.077241,2013,3,85,18
2013-03-26 18:59:59,15.19786,-5.10128,2013,3,85,18
2013-03-26 19:30:00,14.84761,-4.237278,2013,3,85,19
2013-03-26 20:00:00,14.40762,-1.718476,2013,3,85,20
2013-03-26 20:29:59,13.77699,-2.107903,2013,3,85,20
2013-03-26 21:00:00,13.73859,-1.269323,2013,3,85,21
2013-03-26 21:30:00,13.47506,-1.395732,2013,3,85,21
2013-03-26 21:59:59,13.13407,-2.399338,2013,3,85,21
2013-03-26 22:30:00,13.01973,-2.429745,2013,3,85,22
2013-03-26 23:00:00,12.48442,-2.698319,2013,3,85,23
2013-03-26 23:29:59,11.83798,-5.348491,2013,3,85,23
2013-03-27 00:00:00,11.73557,-5.89317,2013,3,86,0
2013-03-27 00:30:00,11.53609,-5.509243,2013,3,86,0
2013-03-27 00:59:59,11.32537,-2.39283,2013,3,86,0
2013-03-27 01:30:00,11.52076,-1.640175,2013,3,86,1
2013-03-27 02:00:00,11.66714,-1.816337,2013,3,86,2
2013-03-27 02:29:59,11.81789,-3.13274,2013,3,86,2
2013-03-27 03:00:00,11.50277,-4.245724,2013,3,86,3
2013-03-27 03:30:00,11.00802,-4.396174,2013,3,86,3
2013-03-27 03:59:59,10.48757,-4.236379,2013,3,86,3
2013-03-27 04:30:00,10.02761,-4.260098,2013,3,86,4
2013-03-27 05:00:00,9.663434,-4.198969,2013,3,86,5
2013-03-27 05:29:59,9.439451,-4.203041,2013,3,86,5
2013-03-27 06:00:00,9.066805,-3.678642,2013,3,86,6
2013-03-27 06:30:00,8.840322,8.010086,2013,3,86,6
2013-03-27 06:59:59,9.32897,74.55757,2013,3,86,6
2013-03-27 07:30:00,10.57842,216.5986,2013,3,86,7
2013-03-27 08:00:00,11.56874,337.944,2013,3,86,8
2013-03-27 08:29:59,12.53543,457.3663,2013,3,86,8
2013-03-27 09:00:00,13.43673,567.6917,2013,3,86,9
2013-03-27 09:30:00,14.27655,666.9944,2013,3,86,9
2013-03-27 09:59:59,15.17286,709.0854,2013,3,86,9
2013-03-27 10:30:00,15.49453,797.2167,2013,3,86,10
2013-03-27 11:00:00,16.07238,851.4593,2013,3,86,11
2013-03-27 11:29:59,16.6221,885.1232,2013,3,86,11
2013-03-27 12:00:00,17.08853,844.5485,2013,3,86,12
2013-03-27 12:30:00,17.54572,845.9141,2013,3,86,12
2013-03-27 12:59:59,18.24059,926.7599,2013,3,86,12
2013-03-27 13:30:00,18.60862,865.6368,2013,3,86,13
2013-03-27 14:00:00,19.12373,841.2679,2013,3,86,14
2013-03-27 14:29:59,19.23355,774.0383,2013,3,86,14
2013-03-27 15:00:00,20.00203,700.5138,2013,3,86,15
2013-03-27 15:30:00,20.03663,580.3741,2013,3,86,15
2013-03-27 15:59:59,20.09269,426.9865,2013,3,86,15
2013-03-27 16:30:00,20.26717,383.0092,2013,3,86,16
2013-03-27 17:00:00,20.27001,267.97,2013,3,86,17
2013-03-27 17:29:59,20.14696,148.766,2013,3,86,17
2013-03-27 18:00:00,19.79006,44.28257,2013,3,86,18
2013-03-27 18:30:00,19.27567,-2.748734,2013,3,86,18
2013-03-27 18:59:59,18.88369,-4.943331,2013,3,86,18
2013-03-27 19:30:00,18.35624,-5.206231,2013,3,86,19
2013-03-27 20:00:00,17.82553,-5.13377,2013,3,86,20
2013-03-27 20:29:59,17.52258,-4.971002,2013,3,86,20
2013-03-27 21:00:00,16.98774,-4.714877,2013,3,86,21
2013-03-27 21:30:00,16.41031,-4.634085,2013,3,86,21
2013-03-27 21:59:59,15.92189,-4.416488,2013,3,86,21
2013-03-27 22:30:00,15.45791,-4.292105,2013,3,86,22
2013-03-27 23:00:00,14.85441,-4.273917,2013,3,86,23
2013-03-27 23:29:59,14.32561,-4.20111,2013,3,86,23
2013-03-28 00:00:00,14.33283,-3.958815,2013,3,87,0
2013-03-28 00:30:00,14.27481,-3.991545,2013,3,87,0
2013-03-28 00:59:59,14.03313,-3.967765,2013,3,87,0
2013-03-28 01:30:00,13.63779,-4.207059,2013,3,87,1
2013-03-28 02:00:00,13.24335,-3.977813,2013,3,87,2
2013-03-28 02:29:59,13.00107,-3.985318,2013,3,87,2
2013-03-28 03:00:00,12.71236,-3.98391,2013,3,87,3
2013-03-28 03:30:00,12.41987,-4.004842,2013,3,87,3
2013-03-28 03:59:59,12.1174,-3.956561,2013,3,87,3
2013-03-28 04:30:00,11.82056,-4.018624,2013,3,87,4
2013-03-28 05:00:00,11.44857,-4.049962,2013,3,87,5
2013-03-28 05:29:59,11.06301,-4.065307,2013,3,87,5
2013-03-28 06:00:00,10.79033,-3.645353,2013,3,87,6
2013-03-28 06:30:00,10.59777,9.224792,2013,3,87,6
2013-03-28 06:59:59,10.8371,72.94334,2013,3,87,6
2013-03-28 07:30:00,11.8697,201.4648,2013,3,87,7
2013-03-28 08:00:00,12.8749,323.6846,2013,3,87,8
2013-03-28 08:29:59,13.48479,444.3927,2013,3,87,8
2013-03-28 09:00:00,14.47983,552.0158,2013,3,87,9
2013-03-28 09:30:00,15.16847,653.1961,2013,3,87,9
2013-03-28 09:59:59,15.81406,737.6208,2013,3,87,9
2013-03-28 10:30:00,16.48631,807.0134,2013,3,87,10
2013-03-28 11:00:00,17.00188,857.7546,2013,3,87,11
2013-03-28 11:29:59,17.49935,892.5074,2013,3,87,11
2013-03-28 12:00:00,17.96379,915.5601,2013,3,87,12
2013-03-28 12:30:00,18.18625,917.9798,2013,3,87,12
2013-03-28 12:59:59,18.98881,898.6833,2013,3,87,12
2013-03-28 13:30:00,19.33893,866.8628,2013,3,87,13
2013-03-28 14:00:00,19.85965,818.5163,2013,3,87,14
2013-03-28 14:29:59,20.14909,756.7409,2013,3,87,14
2013-03-28 15:00:00,20.40941,674.9348,2013,3,87,15
2013-03-28 15:30:00,20.76042,580.6504,2013,3,87,15
2013-03-28 15:59:59,20.87548,477.4543,2013,3,87,15
2013-03-28 16:30:00,20.84938,365.2353,2013,3,87,16
2013-03-28 17:00:00,20.77884,246.7785,2013,3,87,17
2013-03-28 17:29:59,20.69319,129.9694,2013,3,87,17
2013-03-28 18:00:00,20.34179,32.07501,2013,3,87,18
2013-03-28 18:30:00,19.83234,-4.553654,2013,3,87,18
2013-03-28 18:59:59,19.32199,-5.78791,2013,3,87,18
2013-03-28 19:30:00,18.63378,-5.352275,2013,3,87,19
2013-03-28 20:00:00,18.12961,-5.033003,2013,3,87,20
2013-03-28 20:29:59,17.96271,-4.67814,2013,3,87,20
2013-03-28 21:00:00,17.72097,-4.785985,2013,3,87,21
2013-03-28 21:30:00,16.99885,-4.807152,2013,3,87,21
2013-03-28 21:59:59,16.44737,-4.659644,2013,3,87,21
2013-03-28 22:30:00,16.14487,-4.397267,2013,3,87,22
2013-03-28 23:00:00,16.0266,-4.273565,2013,3,87,23
2013-03-28 23:29:59,15.8374,-4.225255,2013,3,87,23
2013-03-29 00:00:00,15.38785,-4.302321,2013,3,88,0
2013-03-29 00:30:00,14.8429,-4.104296,2013,3,88,0
2013-03-29 00:59:59,14.59157,-4.198905,2013,3,88,0
2013-03-29 01:30:00,14.29243,-4.207846,2013,3,88,1
2013-03-29 02:00:00,13.99528,-4.071118,2013,3,88,2
2013-03-29 02:29:59,13.70732,-4.152525,2013,3,88,2
2013-03-29 03:00:00,13.47506,-4.084133,2013,3,88,3
2013-03-29 03:30:00,13.27014,-4.114187,2013,3,88,3
2013-03-29 03:59:59,12.94401,-4.131236,2013,3,88,3
2013-03-29 04:30:00,12.65375,-4.108674,2013,3,88,4
2013-03-29 05:00:00,12.15546,-4.136928,2013,3,88,5
2013-03-29 05:29:59,11.84074,-3.80699,2013,3,88,5
2013-03-29 06:00:00,11.67579,-3.599058,2013,3,88,6
2013-03-29 06:30:00,11.59643,7.97568,2013,3,88,6
2013-03-29 06:59:59,12.06529,71.64621,2013,3,88,6
2013-03-29 07:30:00,12.98727,202.1357,2013,3,88,7
2013-03-29 08:00:00,13.91973,321.655,2013,3,88,8
2013-03-29 08:29:59,15.0634,438.5314,2013,3,88,8
2013-03-29 09:00:00,16.27947,545.5676,2013,3,88,9
2013-03-29 09:30:00,17.04942,641.5662,2013,3,88,9
2013-03-29 09:59:59,18.02439,725.3715,2013,3,88,9
2013-03-29 10:30:00,18.52822,796.2364,2013,3,88,10
2013-03-29 11:00:00,19.45218,847.9634,2013,3,88,11
2013-03-29 11:29:59,19.88568,867.233,2013,3,88,11
2013-03-29 12:00:00,20.251,907.7907,2013,3,88,12
2013-03-29 12:30:00,20.81101,906.751,2013,3,88,12
2013-03-29 12:59:59,21.42414,893.3812,2013,3,88,12
2013-03-29 13:30:00,22.09213,859.9448,2013,3,88,13
2013-03-29 14:00:00,22.24096,813.5746,2013,3,88,14
2013-03-29 14:29:59,22.7604,749.5335,2013,3,88,14
2013-03-29 15:00:00,23.04913,667.7296,2013,3,88,15
2013-03-29 15:30:00,23.20747,575.9715,2013,3,88,15
2013-03-29 15:59:59,23.83202,471.6742,2013,3,88,15
2013-03-29 16:30:00,23.82204,359.6253,2013,3,88,16
2013-03-29 17:00:00,23.63389,241.2828,2013,3,88,17
2013-03-29 17:29:59,23.49228,126.4143,2013,3,88,17
2013-03-29 18:00:00,22.86062,29.1146,2013,3,88,18
2013-03-29 18:30:00,22.20088,-4.48844,2013,3,88,18
2013-03-29 18:59:59,21.67075,-5.414976,2013,3,88,18
2013-03-29 19:30:00,21.20222,-5.317697,2013,3,88,19
2013-03-29 20:00:00,20.5914,-5.601422,2013,3,88,20
2013-03-29 20:29:59,19.93982,-5.4716,2013,3,88,20
2013-03-29 21:00:00,19.47026,-4.977488,2013,3,88,21
2013-03-29 21:30:00,18.90116,-4.845316,2013,3,88,21
2013-03-29 21:59:59,18.6083,-4.875236,2013,3,88,21
2013-03-29 22:30:00,18.09773,-4.849418,2013,3,88,22
2013-03-29 23:00:00,17.51829,-4.438837,2013,3,88,23
2013-03-29 23:29:59,17.27016,-4.36409,2013,3,88,23
2013-03-30 00:00:00,16.93453,-4.220346,2013,3,89,0
2013-03-30 00:30:00,16.61913,-4.063357,2013,3,89,0
2013-03-30 00:59:59,16.01297,-3.886745,2013,3,89,0
2013-03-30 01:30:00,15.71681,-4.137,2013,3,89,1
2013-03-30 02:00:00,15.18867,-4.054443,2013,3,89,2
2013-03-30 02:29:59,14.84177,-3.918256,2013,3,89,2
2013-03-30 03:00:00,14.5572,-3.912764,2013,3,89,3
2013-03-30 03:30:00,14.3205,-3.821282,2013,3,89,3
2013-03-30 03:59:59,14.00622,-3.715194,2013,3,89,3
2013-03-30 04:30:00,13.61641,-3.731322,2013,3,89,4
2013-03-30 05:00:00,13.16252,-3.582011,2013,3,89,5
2013-03-30 05:29:59,13.03226,-3.517251,2013,3,89,5
2013-03-30 06:00:00,13.15406,-3.252724,2013,3,89,6
2013-03-30 06:30:00,13.1288,7.077699,2013,3,89,6
2013-03-30 06:59:59,13.28134,70.0112,2013,3,89,6
2013-03-30 07:30:00,13.90784,199.2026,2013,3,89,7
2013-03-30 08:00:00,15.04654,317.4533,2013,3,89,8
2013-03-30 08:29:59,15.95814,432.3855,2013,3,89,8
2013-03-30 09:00:00,17.14694,538.3253,2013,3,89,9
2013-03-30 09:30:00,18.51474,632.2026,2013,3,89,9
2013-03-30 09:59:59,19.78449,715.7784,2013,3,89,9
2013-03-30 10:30:00,20.86116,782.2137,2013,3,89,10
2013-03-30 11:00:00,21.71379,833.1978,2013,3,89,11
2013-03-30 11:29:59,21.9894,875.5048,2013,3,89,11
2013-03-30 12:00:00,22.6832,898.5663,2013,3,89,12
2013-03-30 12:30:00,23.09303,897.9385,2013,3,89,12
2013-03-30 12:59:59,23.6641,817.6458,2013,3,89,12
2013-03-30 13:30:00,24.18311,857.3566,2013,3,89,13
2013-03-30 14:00:00,24.51376,810.4379,2013,3,89,14
2013-03-30 14:29:59,24.8597,744.1603,2013,3,89,14
2013-03-30 15:00:00,24.97443,664.84,2013,3,89,15
2013-03-30 15:30:00,25.31726,571.5912,2013,3,89,15
2013-03-30 15:59:59,25.39792,461.2668,2013,3,89,15
2013-03-30 16:30:00,25.23761,357.8633,2013,3,89,16
2013-03-30 17:00:00,24.89745,249.0891,2013,3,89,17
2013-03-30 17:29:59,24.64936,126.5676,2013,3,89,17
2013-03-30 18:00:00,24.1327,26.10472,2013,3,89,18
2013-03-30 18:30:00,23.45137,-4.929425,2013,3,89,18
2013-03-30 18:59:59,22.68223,-5.430765,2013,3,89,18
2013-03-30 19:30:00,21.91587,-5.248938,2013,3,89,19
2013-03-30 20:00:00,21.30231,-5.130012,2013,3,89,20
2013-03-30 20:29:59,20.72418,-5.159221,2013,3,89,20
2013-03-30 21:00:00,20.07716,-5.130929,2013,3,89,21
2013-03-30 21:30:00,19.38794,-4.87863,2013,3,89,21
2013-03-30 21:59:59,18.83075,-4.870714,2013,3,89,21
2013-03-30 22:30:00,18.36008,-4.695389,2013,3,89,22
2013-03-30 23:00:00,17.83801,-4.56229,2013,3,89,23
2013-03-30 23:29:59,17.443,-4.844706,2013,3,89,23
2013-03-31 00:00:00,16.94156,-4.513955,2013,3,90,0
2013-03-31 00:30:00,16.41468,-4.691902,2013,3,90,0
2013-03-31 00:59:59,15.90956,-4.466773,2013,3,90,0
2013-03-31 01:30:00,15.72017,-4.145556,2013,3,90,1
2013-03-31 02:00:00,15.21667,-4.200899,2013,3,90,2
2013-03-31 02:29:59,14.89385,-4.099355,2013,3,90,2
2013-03-31 03:00:00,14.55927,-3.985177,2013,3,90,3
2013-03-31 03:30:00,14.21757,-3.981144,2013,3,90,3
2013-03-31 03:59:59,13.91921,-4.028994,2013,3,90,3
2013-03-31 04:30:00,13.52351,-3.922675,2013,3,90,4
2013-03-31 05:00:00,13.25388,-4.012474,2013,3,90,5
2013-03-31 05:29:59,13.1492,-4.192366,2013,3,90,5
2013-03-31 06:00:00,13.0444,-3.534385,2013,3,90,6
2013-03-31 06:30:00,12.66497,6.200158,2013,3,90,6
2013-03-31 06:59:59,12.69742,70.86427,2013,3,90,6
2013-03-31 07:30:00,13.27672,200.0084,2013,3,90,7
2013-03-31 08:00:00,14.49739,318.5056,2013,3,90,8
2013-03-31 08:29:59,15.94885,436.0993,2013,3,90,8
2013-03-31 09:00:00,16.91385,542.1833,2013,3,90,9
2013-03-31 09:30:00,18.10957,636.4553,2013,3,90,9
2013-03-31 09:59:59,19.12012,719.1569,2013,3,90,9
2013-03-31 10:30:00,20.05526,784.4663,2013,3,90,10
2013-03-31 11:00:00,21.07427,837.4777,2013,3,90,11
2013-03-31 11:29:59,21.65132,845.6561,2013,3,90,11
2013-03-31 12:00:00,22.44915,922.1637,2013,3,90,12
2013-03-31 12:30:00,22.78407,901.091,2013,3,90,12
2013-03-31 12:59:59,23.14932,881.7654,2013,3,90,12
2013-03-31 13:30:00,23.74862,848.634,2013,3,90,13
2013-03-31 14:00:00,24.09135,796.7795,2013,3,90,14
2013-03-31 14:29:59,24.59444,737.2123,2013,3,90,14
2013-03-31 15:00:00,25.02978,660.9488,2013,3,90,15
2013-03-31 15:30:00,25.01977,568.274,2013,3,90,15
2013-03-31 15:59:59,25.53396,466.2527,2013,3,90,15
2013-03-31 16:30:00,25.2925,354.2437,2013,3,90,16
2013-03-31 17:00:00,25.25788,237.4115,2013,3,90,17
2013-03-31 17:29:59,25.07882,122.6299,2013,3,90,17
2013-03-31 18:00:00,24.56662,26.38712,2013,3,90,18
2013-03-31 18:30:00,23.76268,-5.280556,2013,3,90,18
2013-03-31 18:59:59,23.00479,-5.726377,2013,3,90,18
2013-03-31 19:30:00,22.44732,-5.786449,2013,3,90,19
2013-03-31 20:00:00,21.77919,-5.736521,2013,3,90,20
2013-03-31 20:29:59,20.94883,-5.585251,2013,3,90,20
2013-03-31 21:00:00,20.23289,-5.619276,2013,3,90,21
2013-03-31 21:30:00,19.75651,-5.277324,2013,3,90,21
2013-03-31 21:59:59,19.25886,-5.102804,2013,3,90,21
2013-03-31 22:30:00,18.47407,-5.106256,2013,3,90,22
2013-03-31 23:00:00,18.12564,-4.789104,2013,3,90,23
2013-03-31 23:29:59,18.00726,-4.535281,2013,3,90,23
2013-04-01 00:00:00,17.82117,-4.51396,2013,4,91,0
2013-04-01 00:30:00,17.7547,-4.835942,2013,4,91,0
2013-04-01 00:59:59,17.37842,-4.595268,2013,4,91,0
2013-04-01 01:30:00,16.9818,-4.193018,2013,4,91,1
2013-04-01 02:00:00,16.74189,-4.057571,2013,4,91,2
2013-04-01 02:29:59,16.64669,-3.841745,2013,4,91,2
2013-04-01 03:00:00,16.35733,-4.172766,2013,4,91,3
2013-04-01 03:30:00,15.72592,-3.898216,2013,4,91,3
2013-04-01 03:59:59,15.45138,-3.708272,2013,4,91,3
2013-04-01 04:30:00,15.51871,-3.44755,2013,4,91,4
2013-04-01 05:00:00,15.22834,-3.339645,2013,4,91,5
2013-04-01 05:29:59,14.99582,-3.214606,2013,4,91,5
2013-04-01 06:00:00,14.93425,-2.793828,2013,4,91,6
2013-04-01 06:30:00,14.54878,9.342164,2013,4,91,6
2013-04-01 06:59:59,14.44909,68.73179,2013,4,91,6
2013-04-01 07:30:00,14.74322,146.3167,2013,4,91,7
2013-04-01 08:00:00,16.05884,318.4203,2013,4,91,8
2013-04-01 08:29:59,17.46574,391.5986,2013,4,91,8
2013-04-01 09:00:00,18.90144,448.8315,2013,4,91,9
2013-04-01 09:30:00,20.45214,542.623,2013,4,91,9
2013-04-01 09:59:59,21.1515,606.5021,2013,4,91,9
2013-04-01 10:30:00,22.09727,618.2668,2013,4,91,10
2013-04-01 11:00:00,22.40085,562.5839,2013,4,91,11
2013-04-01 11:29:59,22.52138,469.3189,2013,4,91,11
2013-04-01 12:00:00,22.6239,580.871,2013,4,91,12
2013-04-01 12:30:00,23.52375,854.9532,2013,4,91,12
2013-04-01 12:59:59,23.88445,770.9713,2013,4,91,12
2013-04-01 13:30:00,24.40793,719.645,2013,4,91,13
2013-04-01 14:00:00,24.73853,528.2245,2013,4,91,14
2013-04-01 14:29:59,24.60371,397.0002,2013,4,91,14
2013-04-01 15:00:00,24.72064,361.7335,2013,4,91,15
2013-04-01 15:30:00,24.73824,299.8036,2013,4,91,15
2013-04-01 15:59:59,24.78131,188.6029,2013,4,91,15
2013-04-01 16:30:00,24.77721,145.1757,2013,4,91,16
2013-04-01 17:00:00,24.67318,87.44949,2013,4,91,17
2013-04-01 17:29:59,24.39548,36.07359,2013,4,91,17
2013-04-01 18:00:00,23.98135,5.06801,2013,4,91,18
2013-04-01 18:30:00,23.4224,-3.200515,2013,4,91,18
2013-04-01 18:59:59,23.11439,-3.393879,2013,4,91,18
2013-04-01 19:30:00,22.78835,-3.670493,2013,4,91,19
2013-04-01 20:00:00,22.48528,-3.282425,2013,4,91,20
2013-04-01 20:29:59,22.30694,-3.354658,2013,4,91,20
2013-04-01 21:00:00,21.8398,-3.86549,2013,4,91,21
2013-04-01 21:30:00,21.46129,-4.8944,2013,4,91,21
2013-04-01 21:59:59,21.16454,-4.863839,2013,4,91,21
2013-04-01 22:30:00,20.54656,-4.814441,2013,4,91,22
2013-04-01 23:00:00,19.96516,-3.866244,2013,4,91,23
2013-04-01 23:29:59,19.66424,-3.22473,2013,4,91,23
2013-04-02 00:00:00,19.37721,-3.752059,2013,4,92,0
2013-04-02 00:30:00,19.05151,-3.985956,2013,4,92,0
2013-04-02 00:59:59,18.73705,-3.940895,2013,4,92,0
2013-04-02 01:30:00,18.62843,-3.565332,2013,4,92,1
2013-04-02 02:00:00,18.85184,-3.745943,2013,4,92,2
2013-04-02 02:29:59,18.3639,-3.638837,2013,4,92,2
2013-04-02 03:00:00,18.13382,-3.485906,2013,4,92,3
2013-04-02 03:30:00,18.0009,-3.287249,2013,4,92,3
2013-04-02 03:59:59,17.59141,-3.113544,2013,4,92,3
2013-04-02 04:30:00,17.27553,-2.864625,2013,4,92,4
2013-04-02 05:00:00,16.91327,-3.409671,2013,4,92,5
2013-04-02 05:29:59,15.92124,-3.979223,2013,4,92,5
2013-04-02 06:00:00,15.60265,-3.497547,2013,4,92,6
2013-04-02 06:30:00,15.55392,6.531741,2013,4,92,6
2013-04-02 06:59:59,14.96011,47.30172,2013,4,92,6
2013-04-02 07:30:00,15.40303,207.036,2013,4,92,7
2013-04-02 08:00:00,16.62511,299.4842,2013,4,92,8
2013-04-02 08:29:59,17.93888,457.6463,2013,4,92,8
2013-04-02 09:00:00,19.28779,422.869,2013,4,92,9
2013-04-02 09:30:00,20.31874,533.4583,2013,4,92,9
2013-04-02 09:59:59,21.84726,768.1735,2013,4,92,9
2013-04-02 10:30:00,22.91798,612.7771,2013,4,92,10
2013-04-02 11:00:00,23.79748,788.3553,2013,4,92,11
2013-04-02 11:29:59,24.37408,746.0341,2013,4,92,11
2013-04-02 12:00:00,25.02091,897.616,2013,4,92,12
2013-04-02 12:30:00,25.45621,903.732,2013,4,92,12
2013-04-02 12:59:59,25.87429,875.3814,2013,4,92,12
2013-04-02 13:30:00,26.19073,845.2969,2013,4,92,13
2013-04-02 14:00:00,26.61814,787.9557,2013,4,92,14
2013-04-02 14:29:59,26.67657,725.6852,2013,4,92,14
2013-04-02 15:00:00,26.97761,653.5524,2013,4,92,15
2013-04-02 15:30:00,27.4405,558.2598,2013,4,92,15
2013-04-02 15:59:59,27.37669,451.7913,2013,4,92,15
2013-04-02 16:30:00,27.51393,340.9349,2013,4,92,16
2013-04-02 17:00:00,27.60715,223.438,2013,4,92,17
2013-04-02 17:29:59,27.33647,113.0709,2013,4,92,17
2013-04-02 18:00:00,26.65904,20.51259,2013,4,92,18
2013-04-02 18:30:00,25.90138,-5.244884,2013,4,92,18
2013-04-02 18:59:59,25.2585,-5.222329,2013,4,92,18
2013-04-02 19:30:00,24.38218,-5.014958,2013,4,92,19
2013-04-02 20:00:00,23.49334,-5.16075,2013,4,92,20
2013-04-02 20:29:59,22.49003,-4.969437,2013,4,92,20
2013-04-02 21:00:00,21.91512,-4.579443,2013,4,92,21
2013-04-02 21:30:00,21.82678,-4.366206,2013,4,92,21
2013-04-02 21:59:59,21.57884,-4.637171,2013,4,92,21
2013-04-02 22:30:00,21.11176,-4.615602,2013,4,92,22
2013-04-02 23:00:00,20.40412,-4.546282,2013,4,92,23
2013-04-02 23:29:59,19.82477,-4.14293,2013,4,92,23
2013-04-03 00:00:00,19.54842,-4.016097,2013,4,93,0
2013-04-03 00:30:00,19.1679,-3.881194,2013,4,93,0
2013-04-03 00:59:59,18.94386,-3.884336,2013,4,93,0
2013-04-03 01:30:00,18.62179,-3.857838,2013,4,93,1
2013-04-03 02:00:00,18.42172,-3.61274,2013,4,93,2
2013-04-03 02:29:59,17.99376,-3.689078,2013,4,93,2
2013-04-03 03:00:00,17.54055,-3.777351,2013,4,93,3
2013-04-03 03:30:00,17.17728,-3.748289,2013,4,93,3
2013-04-03 03:59:59,16.68448,-3.959031,2013,4,93,3
2013-04-03 04:30:00,16.23107,-3.65583,2013,4,93,4
2013-04-03 05:00:00,15.84988,-3.650307,2013,4,93,5
2013-04-03 05:29:59,15.50043,-3.646043,2013,4,93,5
2013-04-03 06:00:00,15.35248,-3.185008,2013,4,93,6
2013-04-03 06:30:00,15.37724,5.885381,2013,4,93,6
2013-04-03 06:59:59,15.45319,76.40394,2013,4,93,6
2013-04-03 07:30:00,16.10472,187.9123,2013,4,93,7
2013-04-03 08:00:00,18.21379,302.5737,2013,4,93,8
2013-04-03 08:29:59,19.57771,416.2914,2013,4,93,8
2013-04-03 09:00:00,20.8598,522.6602,2013,4,93,9
2013-04-03 09:30:00,21.98584,617.1187,2013,4,93,9
2013-04-03 09:59:59,22.92458,698.2523,2013,4,93,9
2013-04-03 10:30:00,23.92233,764.5505,2013,4,93,10
2013-04-03 11:00:00,24.41496,815.5988,2013,4,93,11
2013-04-03 11:29:59,25.34819,849.1346,2013,4,93,11
2013-04-03 12:00:00,25.75901,865.4863,2013,4,93,12
2013-04-03 12:30:00,26.50415,864.662,2013,4,93,12
2013-04-03 12:59:59,26.91875,848.949,2013,4,93,12
2013-04-03 13:30:00,27.55308,814.862,2013,4,93,13
2013-04-03 14:00:00,27.96771,769.2137,2013,4,93,14
2013-04-03 14:29:59,28.52695,707.8177,2013,4,93,14
2013-04-03 15:00:00,28.58451,628.8337,2013,4,93,15
2013-04-03 15:30:00,28.95327,540.0207,2013,4,93,15
2013-04-03 15:59:59,28.90073,439.8735,2013,4,93,15
2013-04-03 16:30:00,28.85406,330.1848,2013,4,93,16
2013-04-03 17:00:00,28.78411,216.5958,2013,4,93,17
2013-04-03 17:29:59,28.53717,106.0876,2013,4,93,17
2013-04-03 18:00:00,28.08208,16.30809,2013,4,93,18
2013-04-03 18:30:00,27.21346,-5.351151,2013,4,93,18
2013-04-03 18:59:59,26.28129,-5.487552,2013,4,93,18
2013-04-03 19:30:00,25.23723,-5.576876,2013,4,93,19
2013-04-03 20:00:00,24.3649,-5.526581,2013,4,93,20
2013-04-03 20:29:59,23.85002,-5.326724,2013,4,93,20
2013-04-03 21:00:00,23.33867,-5.132121,2013,4,93,21
2013-04-03 21:30:00,22.53697,-5.009985,2013,4,93,21
2013-04-03 21:59:59,22.13806,-5.135261,2013,4,93,21
2013-04-03 22:30:00,21.93436,-4.655578,2013,4,93,22
2013-04-03 23:00:00,21.68705,-4.79894,2013,4,93,23
2013-04-03 23:29:59,21.17202,-4.378296,2013,4,93,23
2013-04-04 00:00:00,20.45082,-3.838496,2013,4,94,0
2013-04-04 00:30:00,20.3201,-3.888041,2013,4,94,0
2013-04-04 00:59:59,20.10111,-4.064009,2013,4,94,0
2013-04-04 01:30:00,19.987,-3.825729,2013,4,94,1
2013-04-04 02:00:00,19.37186,-4.367142,2013,4,94,2
2013-04-04 02:29:59,18.90999,-4.106928,2013,4,94,2
2013-04-04 03:00:00,19.15038,-4.081548,2013,4,94,3
2013-04-04 03:30:00,18.80752,-4.434453,2013,4,94,3
2013-04-04 03:59:59,18.44959,-4.271482,2013,4,94,3
2013-04-04 04:30:00,18.0773,-4.172565,2013,4,94,4
2013-04-04 05:00:00,17.61336,-3.806041,2013,4,94,5
2013-04-04 05:29:59,17.31972,-3.972455,2013,4,94,5
2013-04-04 06:00:00,17.25315,-3.812778,2013,4,94,6
2013-04-04 06:30:00,17.03405,5.287863,2013,4,94,6
2013-04-04 06:59:59,17.01885,78.57159,2013,4,94,6
2013-04-04 07:30:00,17.17233,187.8333,2013,4,94,7
2013-04-04 08:00:00,17.99752,302.8405,2013,4,94,8
2013-04-04 08:29:59,19.52122,416.151,2013,4,94,8
2013-04-04 09:00:00,21.42813,523.8983,2013,4,94,9
2013-04-04 09:30:00,22.7908,618.064,2013,4,94,9
2013-04-04 09:59:59,24.45265,699.4892,2013,4,94,9
2013-04-04 10:30:00,25.81302,766.6122,2013,4,94,10
2013-04-04 11:00:00,26.56143,818.2442,2013,4,94,11
2013-04-04 11:29:59,27.15021,854.1232,2013,4,94,11
2013-04-04 12:00:00,27.97176,868.613,2013,4,94,12
2013-04-04 12:30:00,28.63817,867.9198,2013,4,94,12
2013-04-04 12:59:59,28.90632,851.7096,2013,4,94,12
2013-04-04 13:30:00,29.42193,818.8981,2013,4,94,13
2013-04-04 14:00:00,29.60998,772.4796,2013,4,94,14
2013-04-04 14:29:59,29.90733,710.7462,2013,4,94,14
2013-04-04 15:00:00,30.09904,626.1993,2013,4,94,15
2013-04-04 15:30:00,30.55587,538.1661,2013,4,94,15
2013-04-04 15:59:59,30.36979,434.8952,2013,4,94,15
2013-04-04 16:30:00,30.38313,325.2446,2013,4,94,16
2013-04-04 17:00:00,30.23492,212.3387,2013,4,94,17
2013-04-04 17:29:59,30.06033,101.5275,2013,4,94,17
2013-04-04 18:00:00,29.52186,14.29089,2013,4,94,18
2013-04-04 18:30:00,28.95915,-5.771476,2013,4,94,18
2013-04-04 18:59:59,28.48106,-5.679365,2013,4,94,18
2013-04-04 19:30:00,27.9599,-5.198208,2013,4,94,19
2013-04-04 20:00:00,26.82343,-5.407316,2013,4,94,20
2013-04-04 20:29:59,26.13359,-4.413898,2013,4,94,20
2013-04-04 21:00:00,26.0156,-3.955916,2013,4,94,21
2013-04-04 21:30:00,25.37258,-3.990497,2013,4,94,21
2013-04-04 21:59:59,24.49206,-4.546926,2013,4,94,21
2013-04-04 22:30:00,23.83115,-4.224864,2013,4,94,22
2013-04-04 23:00:00,23.31231,-3.772166,2013,4,94,23
2013-04-04 23:29:59,22.57804,-4.386006,2013,4,94,23
2013-04-05 00:00:00,22.09039,-4.070707,2013,4,95,0
2013-04-05 00:30:00,21.78634,-4.21906,2013,4,95,0
2013-04-05 00:59:59,21.72615,-3.501832,2013,4,95,0
2013-04-05 01:30:00,21.35482,-3.806925,2013,4,95,1
2013-04-05 02:00:00,21.21774,-3.608469,2013,4,95,2
2013-04-05 02:29:59,20.96316,-3.804171,2013,4,95,2
2013-04-05 03:00:00,20.71164,-3.675822,2013,4,95,3
2013-04-05 03:30:00,20.22934,-4.042057,2013,4,95,3
2013-04-05 03:59:59,19.49843,-3.781596,2013,4,95,3
2013-04-05 04:30:00,19.60075,-3.167099,2013,4,95,4
2013-04-05 05:00:00,19.22305,-2.747023,2013,4,95,5
2013-04-05 05:29:59,19.57223,-2.070375,2013,4,95,5
2013-04-05 06:00:00,19.77181,-2.621713,2013,4,95,6
2013-04-05 06:30:00,19.53613,6.818419,2013,4,95,6
2013-04-05 06:59:59,19.05279,30.48654,2013,4,95,6
2013-04-05 07:30:00,19.16919,174.9538,2013,4,95,7
2013-04-05 08:00:00,20.6687,313.2257,2013,4,95,8
2013-04-05 08:29:59,21.64523,408.6986,2013,4,95,8
2013-04-05 09:00:00,24.14943,525.824,2013,4,95,9
2013-04-05 09:30:00,26.21938,508.1422,2013,4,95,9
2013-04-05 09:59:59,27.57633,640.4215,2013,4,95,9
2013-04-05 10:30:00,28.84387,784.1822,2013,4,95,10
2013-04-05 11:00:00,29.88031,652.1875,2013,4,95,11
2013-04-05 11:29:59,30.69127,771.4787,2013,4,95,11
2013-04-05 12:00:00,30.80887,676.623,2013,4,95,12
2013-04-05 12:30:00,31.01265,521.1511,2013,4,95,12
2013-04-05 12:59:59,31.534,872.6224,2013,4,95,12
2013-04-05 13:30:00,32.02196,815.0182,2013,4,95,13
2013-04-05 14:00:00,32.43119,761.0417,2013,4,95,14
2013-04-05 14:29:59,33.13542,693.6193,2013,4,95,14
2013-04-05 15:00:00,33.08702,616.3489,2013,4,95,15
2013-04-05 15:30:00,33.34049,522.9617,2013,4,95,15
2013-04-05 15:59:59,33.58664,425.4574,2013,4,95,15
2013-04-05 16:30:00,33.80866,314.2628,2013,4,95,16
2013-04-05 17:00:00,33.57743,202.9291,2013,4,95,17
2013-04-05 17:29:59,33.14737,77.05753,2013,4,95,17
2013-04-05 18:00:00,32.08789,3.058788,2013,4,95,18
2013-04-05 18:30:00,31.44987,-5.436028,2013,4,95,18
2013-04-05 18:59:59,30.71377,-6.060069,2013,4,95,18
2013-04-05 19:30:00,29.42466,-6.171848,2013,4,95,19
2013-04-05 20:00:00,28.49597,-5.149271,2013,4,95,20
2013-04-05 20:29:59,28.06507,-4.980052,2013,4,95,20
2013-04-05 21:00:00,27.50661,-4.859469,2013,4,95,21
2013-04-05 21:30:00,27.14204,-4.727206,2013,4,95,21
2013-04-05 21:59:59,26.21742,-4.746202,2013,4,95,21
2013-04-05 22:30:00,25.93451,-4.018688,2013,4,95,22
2013-04-05 23:00:00,25.39541,-4.412756,2013,4,95,23
2013-04-05 23:29:59,24.16253,-4.71315,2013,4,95,23
2013-04-06 00:00:00,23.98989,-3.661698,2013,4,96,0
2013-04-06 00:30:00,23.90077,-2.629959,2013,4,96,0
2013-04-06 00:59:59,23.76532,-2.901413,2013,4,96,0
2013-04-06 01:30:00,24.04385,-2.287653,2013,4,96,1
2013-04-06 02:00:00,23.41414,-3.480922,2013,4,96,2
2013-04-06 02:29:59,23.37574,-1.347126,2013,4,96,2
2013-04-06 03:00:00,22.77135,-2.327959,2013,4,96,3
2013-04-06 03:30:00,22.82982,-2.010838,2013,4,96,3
2013-04-06 03:59:59,23.17515,-1.204848,2013,4,96,3
2013-04-06 04:30:00,22.00451,-3.523224,2013,4,96,4
2013-04-06 05:00:00,20.59442,-3.562843,2013,4,96,5
2013-04-06 05:29:59,20.32405,-3.482336,2013,4,96,5
2013-04-06 06:00:00,20.3069,-3.044892,2013,4,96,6
2013-04-06 06:30:00,20.13168,8.066373,2013,4,96,6
2013-04-06 06:59:59,20.31189,101.6321,2013,4,96,6
2013-04-06 07:30:00,20.34594,156.4911,2013,4,96,7
2013-04-06 08:00:00,21.66117,299.6597,2013,4,96,8
2013-04-06 08:29:59,22.55787,362.8725,2013,4,96,8
2013-04-06 09:00:00,23.15125,331.679,2013,4,96,9
2013-04-06 09:30:00,23.35015,587.0488,2013,4,96,9
2013-04-06 09:59:59,25.13151,708.9091,2013,4,96,9
2013-04-06 10:30:00,26.7215,726.6014,2013,4,96,10
2013-04-06 11:00:00,27.98833,742.069,2013,4,96,11
2013-04-06 11:29:59,29.71023,843.954,2013,4,96,11
2013-04-06 12:00:00,30.34956,845.7906,2013,4,96,12
2013-04-06 12:30:00,31.33287,841.5659,2013,4,96,12
2013-04-06 12:59:59,32.09292,824.327,2013,4,96,12
2013-04-06 13:30:00,32.28563,793.1262,2013,4,96,13
2013-04-06 14:00:00,32.65659,745.618,2013,4,96,14
2013-04-06 14:29:59,32.86569,684.8549,2013,4,96,14
2013-04-06 15:00:00,33.03585,607.0842,2013,4,96,15
2013-04-06 15:30:00,32.66275,304.2766,2013,4,96,15
2013-04-06 15:59:59,33.19413,380.123,2013,4,96,15
2013-04-06 16:30:00,32.82069,167.7807,2013,4,96,16
2013-04-06 17:00:00,32.08258,77.74545,2013,4,96,17
2013-04-06 17:29:59,31.91285,71.26057,2013,4,96,17
2013-04-06 18:00:00,30.97841,2.153168,2013,4,96,18
2013-04-06 18:30:00,30.0282,-5.168459,2013,4,96,18
2013-04-06 18:59:59,29.13265,-4.658254,2013,4,96,18
2013-04-06 19:30:00,28.34488,-4.993738,2013,4,96,19
2013-04-06 20:00:00,27.49757,-4.919736,2013,4,96,20
2013-04-06 20:29:59,26.78842,-4.726959,2013,4,96,20
2013-04-06 21:00:00,26.01344,-4.422288,2013,4,96,21
2013-04-06 21:30:00,25.14393,-3.961702,2013,4,96,21
2013-04-06 21:59:59,24.45989,-3.851841,2013,4,96,21
2013-04-06 22:30:00,24.01952,-3.908694,2013,4,96,22
2013-04-06 23:00:00,23.50182,-4.116774,2013,4,96,23
2013-04-06 23:29:59,22.95448,-3.984702,2013,4,96,23
2013-04-07 00:00:00,22.53524,-3.755719,2013,4,97,0
2013-04-07 00:30:00,22.0242,-3.875059,2013,4,97,0
2013-04-07 00:59:59,21.39978,-3.64087,2013,4,97,0
2013-04-07 01:30:00,20.80134,-3.721786,2013,4,97,1
2013-04-07 02:00:00,20.18016,-3.707505,2013,4,97,2
2013-04-07 02:29:59,19.68308,-3.927377,2013,4,97,2
2013-04-07 03:00:00,19.28468,-3.933738,2013,4,97,3
2013-04-07 03:30:00,18.85032,-3.929993,2013,4,97,3
2013-04-07 03:59:59,18.54769,-3.896539,2013,4,97,3
2013-04-07 04:30:00,18.29019,-3.11824,2013,4,97,4
2013-04-07 05:00:00,18.16617,-3.031669,2013,4,97,5
2013-04-07 05:29:59,17.98294,-2.991364,2013,4,97,5
2013-04-07 06:00:00,17.61385,-3.05187,2013,4,97,6
2013-04-07 06:30:00,17.30945,3.136724,2013,4,97,6
2013-04-07 06:59:59,17.19606,48.72302,2013,4,97,6
2013-04-07 07:30:00,17.47835,109.5685,2013,4,97,7
2013-04-07 08:00:00,17.83914,148.8601,2013,4,97,8
2013-04-07 08:29:59,18.58676,275.3517,2013,4,97,8
2013-04-07 09:00:00,19.28282,264.0759,2013,4,97,9
2013-04-07 09:30:00,20.27972,476.5467,2013,4,97,9
2013-04-07 09:59:59,21.03261,484.089,2013,4,97,9
2013-04-07 10:30:00,21.86194,439.6664,2013,4,97,10
2013-04-07 11:00:00,22.75465,718.7059,2013,4,97,11
2013-04-07 11:29:59,23.92212,859.2735,2013,4,97,11
2013-04-07 12:00:00,24.76741,878.0722,2013,4,97,12
2013-04-07 12:30:00,25.87407,840.2335,2013,4,97,12
2013-04-07 12:59:59,26.59882,672.5986,2013,4,97,12
2013-04-07 13:30:00,28.05752,738.3292,2013,4,97,13
2013-04-07 14:00:00,28.85074,775.5803,2013,4,97,14
2013-04-07 14:29:59,29.12102,372.8217,2013,4,97,14
2013-04-07 15:00:00,29.13166,288.6899,2013,4,97,15
2013-04-07 15:30:00,29.31352,260.5727,2013,4,97,15
2013-04-07 15:59:59,29.70359,428.7531,2013,4,97,15
2013-04-07 16:30:00,29.53806,156.2296,2013,4,97,16
2013-04-07 17:00:00,29.17319,95.75903,2013,4,97,17
2013-04-07 17:29:59,29.05242,104.0779,2013,4,97,17
2013-04-07 18:00:00,28.53046,11.84145,2013,4,97,18
2013-04-07 18:30:00,27.89234,-4.452401,2013,4,97,18
2013-04-07 18:59:59,27.4394,-4.42064,2013,4,97,18
2013-04-07 19:30:00,26.94343,-4.659599,2013,4,97,19
2013-04-07 20:00:00,26.43956,-4.734377,2013,4,97,20
2013-04-07 20:29:59,25.72447,-5.051714,2013,4,97,20
2013-04-07 21:00:00,25.53756,-4.753774,2013,4,97,21
2013-04-07 21:30:00,25.03913,-5.04508,2013,4,97,21
2013-04-07 21:59:59,24.25847,-4.818592,2013,4,97,21
2013-04-07 22:30:00,23.85033,-4.071564,2013,4,97,22
2013-04-07 23:00:00,23.70728,-4.180908,2013,4,97,23
2013-04-07 23:29:59,23.56779,-4.264823,2013,4,97,23
2013-04-08 00:00:00,23.23752,-4.155226,2013,4,98,0
2013-04-08 00:30:00,23.04616,-3.888832,2013,4,98,0
2013-04-08 00:59:59,22.54842,-4.175418,2013,4,98,0
2013-04-08 01:30:00,22.13579,-3.832348,2013,4,98,1
2013-04-08 02:00:00,22.24618,-4.004341,2013,4,98,2
2013-04-08 02:29:59,21.86252,-3.986392,2013,4,98,2
2013-04-08 03:00:00,21.11351,-4.02037,2013,4,98,3
2013-04-08 03:30:00,20.95559,-3.619928,2013,4,98,3
2013-04-08 03:59:59,20.59759,-3.66642,2013,4,98,3
2013-04-08 04:30:00,20.158,-3.507542,2013,4,98,4
2013-04-08 05:00:00,19.41127,-3.897491,2013,4,98,5
2013-04-08 05:29:59,19.11979,-3.342448,2013,4,98,5
2013-04-08 06:00:00,18.97631,-3.412106,2013,4,98,6
2013-04-08 06:30:00,18.91874,5.930058,2013,4,98,6
2013-04-08 06:59:59,19.1024,70.00624,2013,4,98,6
2013-04-08 07:30:00,19.56494,171.6129,2013,4,98,7
2013-04-08 08:00:00,20.49084,284.3625,2013,4,98,8
2013-04-08 08:29:59,21.75699,397.4713,2013,4,98,8
2013-04-08 09:00:00,24.41383,565.3182,2013,4,98,9
2013-04-08 09:30:00,25.54832,606.2224,2013,4,98,9
2013-04-08 09:59:59,27.32005,669.9371,2013,4,98,9
2013-04-08 10:30:00,28.6416,727.8008,2013,4,98,10
2013-04-08 11:00:00,29.58501,784.3098,2013,4,98,11
2013-04-08 11:29:59,30.46685,818.4351,2013,4,98,11
2013-04-08 12:00:00,31.32531,835.2538,2013,4,98,12
2013-04-08 12:30:00,31.64754,836.7209,2013,4,98,12
2013-04-08 12:59:59,31.97864,732.3428,2013,4,98,12
2013-04-08 13:30:00,32.5109,821.6429,2013,4,98,13
2013-04-08 14:00:00,32.4973,633.1161,2013,4,98,14
2013-04-08 14:29:59,32.42458,453.7066,2013,4,98,14
2013-04-08 15:00:00,32.69709,514.9306,2013,4,98,15
2013-04-08 15:30:00,32.67705,316.8923,2013,4,98,15
2013-04-08 15:59:59,32.40758,145.6994,2013,4,98,15
2013-04-08 16:30:00,32.19242,59.14241,2013,4,98,16
2013-04-08 17:00:00,32.41602,183.2392,2013,4,98,17
2013-04-08 17:29:59,32.27531,62.03017,2013,4,98,17
2013-04-08 18:00:00,31.75167,4.230504,2013,4,98,18
2013-04-08 18:30:00,31.07569,-5.105739,2013,4,98,18
2013-04-08 18:59:59,30.55317,-5.396162,2013,4,98,18
2013-04-08 19:30:00,30.19098,-4.459486,2013,4,98,19
2013-04-08 20:00:00,30.1403,-4.285637,2013,4,98,20
2013-04-08 20:29:59,29.15123,-4.726293,2013,4,98,20
2013-04-08 21:00:00,28.22876,-3.780253,2013,4,98,21
2013-04-08 21:30:00,27.37606,-4.172694,2013,4,98,21
2013-04-08 21:59:59,27.04953,-3.70399,2013,4,98,21
2013-04-08 22:30:00,26.70777,-2.823995,2013,4,98,22
2013-04-08 23:00:00,25.93186,-3.498527,2013,4,98,23
2013-04-08 23:29:59,25.38087,-2.591271,2013,4,98,23
2013-04-09 00:00:00,24.53439,-2.429874,2013,4,99,0
2013-04-09 00:30:00,24.04252,-3.071548,2013,4,99,0
2013-04-09 00:59:59,24.17787,-3.613715,2013,4,99,0
2013-04-09 01:30:00,24.05821,-3.487418,2013,4,99,1
2013-04-09 02:00:00,24.08748,-3.594427,2013,4,99,2
2013-04-09 02:29:59,23.39004,-3.996553,2013,4,99,2
2013-04-09 03:00:00,23.17718,-3.204646,2013,4,99,3
2013-04-09 03:30:00,23.05911,-3.126359,2013,4,99,3
2013-04-09 03:59:59,23.11125,-2.452504,2013,4,99,3
2013-04-09 04:30:00,22.47178,-4.08206,2013,4,99,4
2013-04-09 05:00:00,22.25611,-4.056361,2013,4,99,5
2013-04-09 05:29:59,22.27319,-3.631987,2013,4,99,5
2013-04-09 06:00:00,21.87948,-3.333064,2013,4,99,6
2013-04-09 06:30:00,21.65376,6.194606,2013,4,99,6
2013-04-09 06:59:59,21.65059,68.93482,2013,4,99,6
2013-04-09 07:30:00,21.87408,170.0742,2013,4,99,7
2013-04-09 08:00:00,21.56959,281.4832,2013,4,99,8
2013-04-09 08:29:59,23.2882,392.4692,2013,4,99,8
2013-04-09 09:00:00,25.32092,498.2702,2013,4,99,9
2013-04-09 09:30:00,26.54506,591.884,2013,4,99,9
2013-04-09 09:59:59,27.94387,671.8566,2013,4,99,9
2013-04-09 10:30:00,28.78319,737.4958,2013,4,99,10
2013-04-09 11:00:00,29.78232,787.684,2013,4,99,11
2013-04-09 11:29:59,30.5438,821.6799,2013,4,99,11
2013-04-09 12:00:00,31.37891,837.5629,2013,4,99,12
2013-04-09 12:30:00,31.92453,836.7318,2013,4,99,12
2013-04-09 12:59:59,32.42637,818.4865,2013,4,99,12
2013-04-09 13:30:00,32.5017,786.1731,2013,4,99,13
2013-04-09 14:00:00,32.82568,739.4666,2013,4,99,14
2013-04-09 14:29:59,33.04056,678.0669,2013,4,99,14
2013-04-09 15:00:00,33.30695,602.6293,2013,4,99,15
2013-04-09 15:30:00,33.40081,521.3542,2013,4,99,15
2013-04-09 15:59:59,33.21604,411.6518,2013,4,99,15
2013-04-09 16:30:00,33.10963,299.2296,2013,4,99,16
2013-04-09 17:00:00,32.94687,173.0738,2013,4,99,17
2013-04-09 17:29:59,32.57514,53.92807,2013,4,99,17
2013-04-09 18:00:00,32.03623,2.934335,2013,4,99,18
2013-04-09 18:30:00,31.36844,-6.18477,2013,4,99,18
2013-04-09 18:59:59,30.62654,-5.646736,2013,4,99,18
2013-04-09 19:30:00,29.95602,-5.601997,2013,4,99,19
2013-04-09 20:00:00,28.92344,-4.86372,2013,4,99,20
2013-04-09 20:29:59,28.32297,-4.678327,2013,4,99,20
2013-04-09 21:00:00,27.64836,-4.950481,2013,4,99,21
2013-04-09 21:30:00,26.71079,-5.512868,2013,4,99,21
2013-04-09 21:59:59,26.18979,-4.923749,2013,4,99,21
2013-04-09 22:30:00,26.18711,-3.695826,2013,4,99,22
2013-04-09 23:00:00,25.92615,-4.75624,2013,4,99,23
2013-04-09 23:29:59,25.49931,-4.696011,2013,4,99,23
2013-04-10 00:00:00,24.44213,-5.208708,2013,4,100,0
2013-04-10 00:30:00,23.57632,-4.826527,2013,4,100,0
2013-04-10 00:59:59,23.52625,-4.460577,2013,4,100,0
2013-04-10 01:30:00,23.34175,-3.454785,2013,4,100,1
2013-04-10 02:00:00,23.46362,-3.079564,2013,4,100,2
2013-04-10 02:29:59,23.13138,-3.484778,2013,4,100,2
2013-04-10 03:00:00,22.49484,-4.087988,2013,4,100,3
2013-04-10 03:30:00,22.50757,-3.259646,2013,4,100,3
2013-04-10 03:59:59,22.53555,-3.930075,2013,4,100,3
2013-04-10 04:30:00,21.98762,-4.223995,2013,4,100,4
2013-04-10 05:00:00,21.67863,-3.949995,2013,4,100,5
2013-04-10 05:29:59,21.65739,-3.963389,2013,4,100,5
2013-04-10 06:00:00,20.80916,-4.155417,2013,4,100,6
2013-04-10 06:30:00,21.33109,6.730742,2013,4,100,6
2013-04-10 06:59:59,21.45408,69.34943,2013,4,100,6
2013-04-10 07:30:00,21.21216,170.2813,2013,4,100,7
2013-04-10 08:00:00,21.55864,282.81,2013,4,100,8
2013-04-10 08:29:59,23.20308,392.5732,2013,4,100,8
2013-04-10 09:00:00,25.22927,496.2649,2013,4,100,9
2013-04-10 09:30:00,26.79902,589.4292,2013,4,100,9
2013-04-10 09:59:59,28.43576,669.1661,2013,4,100,9
2013-04-10 10:30:00,29.8343,736.8836,2013,4,100,10
2013-04-10 11:00:00,31.03277,787.43,2013,4,100,11
2013-04-10 11:29:59,31.95549,822.2292,2013,4,100,11
2013-04-10 12:00:00,32.4645,838.8246,2013,4,100,12
2013-04-10 12:30:00,32.58516,843.1534,2013,4,100,12
2013-04-10 12:59:59,32.98174,793.6168,2013,4,100,12
2013-04-10 13:30:00,33.08496,599.8701,2013,4,100,13
2013-04-10 14:00:00,33.0923,711.3477,2013,4,100,14
2013-04-10 14:29:59,33.36961,698.7049,2013,4,100,14
2013-04-10 15:00:00,33.6307,558.0886,2013,4,100,15
2013-04-10 15:30:00,33.5998,433.9745,2013,4,100,15
2013-04-10 15:59:59,33.60391,305.394,2013,4,100,15
2013-04-10 16:30:00,33.67788,317.4175,2013,4,100,16
2013-04-10 17:00:00,33.54364,182.9469,2013,4,100,17
2013-04-10 17:29:59,33.18287,70.21095,2013,4,100,17
2013-04-10 18:00:00,32.44851,-1.023862,2013,4,100,18
2013-04-10 18:30:00,31.75792,-6.233949,2013,4,100,18
2013-04-10 18:59:59,31.1731,-5.92228,2013,4,100,18
2013-04-10 19:30:00,30.06419,-5.790696,2013,4,100,19
2013-04-10 20:00:00,29.2076,-5.515701,2013,4,100,20
2013-04-10 20:29:59,29.11319,-5.110094,2013,4,100,20
2013-04-10 21:00:00,28.05659,-5.254993,2013,4,100,21
2013-04-10 21:30:00,27.27149,-4.74864,2013,4,100,21
2013-04-10 21:59:59,27.248,-4.140623,2013,4,100,21
2013-04-10 22:30:00,26.71648,-4.05952,2013,4,100,22
2013-04-10 23:00:00,26.30805,-3.9923,2013,4,100,23
2013-04-10 23:29:59,25.23911,-4.113125,2013,4,100,23
2013-04-11 00:00:00,24.95705,-3.135089,2013,4,101,0
2013-04-11 00:30:00,24.47694,-2.196235,2013,4,101,0
2013-04-11 00:59:59,24.49555,-0.9884773,2013,4,101,0
2013-04-11 01:30:00,24.45786,-0.813414,2013,4,101,1
2013-04-11 02:00:00,22.9023,-3.044478,2013,4,101,2
2013-04-11 02:29:59,23.35198,-3.873931,2013,4,101,2
2013-04-11 03:00:00,23.00465,-4.023104,2013,4,101,3
2013-04-11 03:30:00,23.19337,-3.734381,2013,4,101,3
2013-04-11 03:59:59,22.50184,-3.884941,2013,4,101,3
2013-04-11 04:30:00,22.17155,-3.005627,2013,4,101,4
2013-04-11 05:00:00,21.41885,-2.377781,2013,4,101,5
2013-04-11 05:29:59,21.15538,-1.963497,2013,4,101,5
2013-04-11 06:00:00,20.65832,-1.112596,2013,4,101,6
2013-04-11 06:30:00,20.67555,7.749766,2013,4,101,6
2013-04-11 06:59:59,21.25701,76.08376,2013,4,101,6
2013-04-11 07:30:00,21.79955,137.8541,2013,4,101,7
2013-04-11 08:00:00,22.14371,225.8315,2013,4,101,8
2013-04-11 08:29:59,22.6585,367.6088,2013,4,101,8
2013-04-11 09:00:00,25.43325,422.0497,2013,4,101,9
2013-04-11 09:30:00,27.67658,545.4703,2013,4,101,9
2013-04-11 09:59:59,29.44303,662.4495,2013,4,101,9
2013-04-11 10:30:00,30.76992,649.746,2013,4,101,10
2013-04-11 11:00:00,32.15608,696.2592,2013,4,101,11
2013-04-11 11:29:59,32.68679,754.8339,2013,4,101,11
2013-04-11 12:00:00,33.0637,840.9502,2013,4,101,12
2013-04-11 12:30:00,33.21412,825.466,2013,4,101,12
2013-04-11 12:59:59,33.58096,800.172,2013,4,101,12
2013-04-11 13:30:00,33.68202,752.8635,2013,4,101,13
2013-04-11 14:00:00,33.65557,700.6629,2013,4,101,14
2013-04-11 14:29:59,34.04538,622.3403,2013,4,101,14
2013-04-11 15:00:00,34.02572,552.0335,2013,4,101,15
2013-04-11 15:30:00,34.04264,455.633,2013,4,101,15
2013-04-11 15:59:59,33.98045,396.2593,2013,4,101,15
2013-04-11 16:30:00,33.95686,286.4066,2013,4,101,16
2013-04-11 17:00:00,33.70129,123.766,2013,4,101,17
2013-04-11 17:29:59,33.38585,68.35324,2013,4,101,17
2013-04-11 18:00:00,32.68232,0.5347577,2013,4,101,18
2013-04-11 18:30:00,32.11444,-6.026181,2013,4,101,18
2013-04-11 18:59:59,31.55225,-5.876306,2013,4,101,18
2013-04-11 19:30:00,30.36778,-5.873462,2013,4,101,19
2013-04-11 20:00:00,29.54369,-5.611817,2013,4,101,20
2013-04-11 20:29:59,28.6597,-5.052557,2013,4,101,20
2013-04-11 21:00:00,28.8752,-4.656958,2013,4,101,21
2013-04-11 21:30:00,28.23399,-5.177887,2013,4,101,21
2013-04-11 21:59:59,27.50776,-4.16942,2013,4,101,21
2013-04-11 22:30:00,26.77775,-4.78132,2013,4,101,22
2013-04-11 23:00:00,26.56525,-3.444344,2013,4,101,23
2013-04-11 23:29:59,26.29731,-3.623353,2013,4,101,23
2013-04-12 00:00:00,25.67537,-4.68105,2013,4,102,0
2013-04-12 00:30:00,24.73279,-4.384933,2013,4,102,0
2013-04-12 00:59:59,24.23146,-4.319365,2013,4,102,0
2013-04-12 01:30:00,24.06012,-4.111497,2013,4,102,1
2013-04-12 02:00:00,23.65299,-4.313129,2013,4,102,2
2013-04-12 02:29:59,22.75013,-4.531166,2013,4,102,2
2013-04-12 03:00:00,22.53619,-3.519477,2013,4,102,3
2013-04-12 03:30:00,22.54704,-3.410033,2013,4,102,3
2013-04-12 03:59:59,22.71198,-2.169409,2013,4,102,3
2013-04-12 04:30:00,22.99775,-2.037822,2013,4,102,4
2013-04-12 05:00:00,22.08425,-2.782203,2013,4,102,5
2013-04-12 05:29:59,22.02267,-2.081402,2013,4,102,5
2013-04-12 06:00:00,22.08253,-2.507654,2013,4,102,6
2013-04-12 06:30:00,22.25758,1.650984,2013,4,102,6
2013-04-12 06:59:59,22.4663,26.58784,2013,4,102,6
2013-04-12 07:30:00,22.29866,144.4187,2013,4,102,7
2013-04-12 08:00:00,22.80352,219.5501,2013,4,102,8
2013-04-12 08:29:59,24.83313,334.0188,2013,4,102,8
2013-04-12 09:00:00,27.77928,480.4572,2013,4,102,9
2013-04-12 09:30:00,29.83597,584.9208,2013,4,102,9
2013-04-12 09:59:59,30.71611,659.8085,2013,4,102,9
2013-04-12 10:30:00,31.42373,713.559,2013,4,102,10
2013-04-12 11:00:00,31.80327,747.85,2013,4,102,11
2013-04-12 11:29:59,31.99634,807.0695,2013,4,102,11
2013-04-12 12:00:00,32.48178,838.6298,2013,4,102,12
2013-04-12 12:30:00,32.59795,829.9753,2013,4,102,12
2013-04-12 12:59:59,32.70977,621.6483,2013,4,102,12
2013-04-12 13:30:00,32.90488,496.4449,2013,4,102,13
2013-04-12 14:00:00,33.01305,454.3144,2013,4,102,14
2013-04-12 14:29:59,32.9505,358.2055,2013,4,102,14
2013-04-12 15:00:00,33.0183,420.6855,2013,4,102,15
2013-04-12 15:30:00,33.34093,398.3301,2013,4,102,15
2013-04-12 15:59:59,33.0426,164.6248,2013,4,102,15
2013-04-12 16:30:00,32.87328,63.71719,2013,4,102,16
2013-04-12 17:00:00,32.75559,35.72152,2013,4,102,17
2013-04-12 17:29:59,32.53606,16.22188,2013,4,102,17
2013-04-12 18:00:00,32.09135,-1.823117,2013,4,102,18
2013-04-12 18:30:00,31.41553,-4.253667,2013,4,102,18
2013-04-12 18:59:59,30.97536,-3.953497,2013,4,102,18
2013-04-12 19:30:00,30.47997,-3.439382,2013,4,102,19
2013-04-12 20:00:00,30.14931,-3.226492,2013,4,102,20
2013-04-12 20:29:59,29.92475,-3.14795,2013,4,102,20
2013-04-12 21:00:00,29.44025,-2.787357,2013,4,102,21
2013-04-12 21:30:00,28.12999,-3.205832,2013,4,102,21
2013-04-12 21:59:59,27.53732,-2.892675,2013,4,102,21
2013-04-12 22:30:00,27.09336,-2.871575,2013,4,102,22
2013-04-12 23:00:00,26.58943,-2.641794,2013,4,102,23
2013-04-12 23:29:59,26.44521,-2.509045,2013,4,102,23
2013-04-13 00:00:00,26.19668,-2.816218,2013,4,103,0
2013-04-13 00:30:00,25.90661,-2.955372,2013,4,103,0
2013-04-13 00:59:59,25.37648,-3.01326,2013,4,103,0
2013-04-13 01:30:00,24.8183,-2.4365,2013,4,103,1
2013-04-13 02:00:00,24.23889,-2.701789,2013,4,103,2
2013-04-13 02:29:59,23.47359,-3.16037,2013,4,103,2
2013-04-13 03:00:00,22.84133,-2.958898,2013,4,103,3
2013-04-13 03:30:00,22.35386,-3.613629,2013,4,103,3
2013-04-13 03:59:59,21.9141,-2.670584,2013,4,103,3
2013-04-13 04:30:00,21.88078,-2.366824,2013,4,103,4
2013-04-13 05:00:00,21.82189,-1.937136,2013,4,103,5
2013-04-13 05:29:59,21.42505,-1.710608,2013,4,103,5
2013-04-13 06:00:00,21.30622,-1.7255,2013,4,103,6
2013-04-13 06:30:00,21.17848,0.218455,2013,4,103,6
2013-04-13 06:59:59,21.14187,21.56268,2013,4,103,6
2013-04-13 07:30:00,21.37039,76.48966,2013,4,103,7
2013-04-13 08:00:00,21.73299,119.7981,2013,4,103,8
2013-04-13 08:29:59,22.44778,198.4386,2013,4,103,8
2013-04-13 09:00:00,23.14083,154.5699,2013,4,103,9
2013-04-13 09:30:00,23.63668,148.3929,2013,4,103,9
2013-04-13 09:59:59,24.20918,156.8427,2013,4,103,9
2013-04-13 10:30:00,24.69804,200.2882,2013,4,103,10
2013-04-13 11:00:00,25.04473,248.6121,2013,4,103,11
2013-04-13 11:29:59,25.40195,230.4,2013,4,103,11
2013-04-13 12:00:00,25.86811,262.3955,2013,4,103,12
2013-04-13 12:30:00,26.42367,353.6786,2013,4,103,12
2013-04-13 12:59:59,26.81563,483.8002,2013,4,103,12
2013-04-13 13:30:00,27.02131,361.6378,2013,4,103,13
2013-04-13 14:00:00,27.19549,340.8397,2013,4,103,14
2013-04-13 14:29:59,27.66257,344.6259,2013,4,103,14
2013-04-13 15:00:00,27.63131,262.073,2013,4,103,15
2013-04-13 15:30:00,27.82256,162.9251,2013,4,103,15
2013-04-13 15:59:59,27.69716,98.43491,2013,4,103,15
2013-04-13 16:30:00,27.5732,81.16399,2013,4,103,16
2013-04-13 17:00:00,27.46487,42.61468,2013,4,103,17
2013-04-13 17:29:59,27.32461,10.98225,2013,4,103,17
2013-04-13 18:00:00,27.11492,-0.575256,2013,4,103,18
2013-04-13 18:30:00,26.83405,-2.847625,2013,4,103,18
2013-04-13 18:59:59,26.65349,-2.212977,2013,4,103,18
2013-04-13 19:30:00,26.40372,-2.090802,2013,4,103,19
2013-04-13 20:00:00,26.20409,-1.978127,2013,4,103,20
2013-04-13 20:29:59,25.82696,-2.269092,2013,4,103,20
2013-04-13 21:00:00,25.42842,-2.200193,2013,4,103,21
2013-04-13 21:30:00,25.33333,-2.280144,2013,4,103,21
2013-04-13 21:59:59,25.21547,-1.830788,2013,4,103,21
2013-04-13 22:30:00,25.2572,-1.644165,2013,4,103,22
2013-04-13 23:00:00,25.15448,-1.434462,2013,4,103,23
2013-04-13 23:29:59,24.60136,-2.521938,2013,4,103,23
2013-04-14 00:00:00,24.62678,-1.772198,2013,4,104,0
2013-04-14 00:30:00,24.74407,-2.403552,2013,4,104,0
2013-04-14 00:59:59,24.47322,-1.777184,2013,4,104,0
2013-04-14 01:30:00,24.27105,-1.959806,2013,4,104,1
2013-04-14 02:00:00,23.56476,-1.871261,2013,4,104,2
2013-04-14 02:29:59,23.25822,-1.362797,2013,4,104,2
2013-04-14 03:00:00,23.19164,-1.41833,2013,4,104,3
2013-04-14 03:30:00,23.40222,-1.91676,2013,4,104,3
2013-04-14 03:59:59,23.33192,-1.362866,2013,4,104,3
2013-04-14 04:30:00,22.57366,-1.918765,2013,4,104,4
2013-04-14 05:00:00,23.00229,-0.8311363,2013,4,104,5
2013-04-14 05:29:59,22.88903,-1.443776,2013,4,104,5
2013-04-14 06:00:00,23.07775,-2.057662,2013,4,104,6
2013-04-14 06:30:00,23.09903,4.124002,2013,4,104,6
2013-04-14 06:59:59,22.93682,19.23888,2013,4,104,6
2013-04-14 07:30:00,22.59907,54.29718,2013,4,104,7
2013-04-14 08:00:00,22.49346,95.35709,2013,4,104,8
2013-04-14 08:29:59,22.64015,131.4516,2013,4,104,8
2013-04-14 09:00:00,23.55306,194.5985,2013,4,104,9
2013-04-14 09:30:00,24.29653,188.44,2013,4,104,9
2013-04-14 09:59:59,24.79402,195.005,2013,4,104,9
2013-04-14 10:30:00,25.57704,373.1109,2013,4,104,10
2013-04-14 11:00:00,26.03162,487.8888,2013,4,104,11
2013-04-14 11:29:59,26.74823,474.8208,2013,4,104,11
2013-04-14 12:00:00,27.53862,820.2203,2013,4,104,12
2013-04-14 12:30:00,28.16156,638.1219,2013,4,104,12
2013-04-14 12:59:59,28.37669,739.1457,2013,4,104,12
2013-04-14 13:30:00,29.1048,581.6233,2013,4,104,13
2013-04-14 14:00:00,29.16231,517.5621,2013,4,104,14
2013-04-14 14:29:59,29.86032,519.1077,2013,4,104,14
2013-04-14 15:00:00,29.76108,427.4015,2013,4,104,15
2013-04-14 15:30:00,29.6337,312.6797,2013,4,104,15
2013-04-14 15:59:59,29.68875,205.6189,2013,4,104,15
2013-04-14 16:30:00,29.63849,141.9961,2013,4,104,16
2013-04-14 17:00:00,29.56834,94.9276,2013,4,104,17
2013-04-14 17:29:59,29.36545,24.59159,2013,4,104,17
2013-04-14 18:00:00,28.99776,-2.191835,2013,4,104,18
2013-04-14 18:30:00,28.66837,-4.149846,2013,4,104,18
2013-04-14 18:59:59,28.10785,-3.845437,2013,4,104,18
2013-04-14 19:30:00,27.37085,-3.833393,2013,4,104,19
2013-04-14 20:00:00,26.07949,-4.439846,2013,4,104,20
2013-04-14 20:29:59,25.61412,-3.713839,2013,4,104,20
2013-04-14 21:00:00,25.12495,-3.533569,2013,4,104,21
2013-04-14 21:30:00,24.14363,-3.774048,2013,4,104,21
2013-04-14 21:59:59,23.78291,-3.698096,2013,4,104,21
2013-04-14 22:30:00,23.18886,-4.116132,2013,4,104,22
2013-04-14 23:00:00,22.6424,-4.140738,2013,4,104,23
2013-04-14 23:29:59,22.2018,-4.240129,2013,4,104,23
2013-04-15 00:00:00,22.01154,-3.854637,2013,4,105,0
2013-04-15 00:30:00,21.76184,-3.726385,2013,4,105,0
2013-04-15 00:59:59,21.43632,-3.986412,2013,4,105,0
2013-04-15 01:30:00,21.06657,-3.619151,2013,4,105,1
2013-04-15 02:00:00,20.601,-3.42017,2013,4,105,2
2013-04-15 02:29:59,20.24224,-3.311698,2013,4,105,2
2013-04-15 03:00:00,19.78462,-3.248606,2013,4,105,3
2013-04-15 03:30:00,19.57754,-2.869258,2013,4,105,3
2013-04-15 03:59:59,19.52163,-3.277191,2013,4,105,3
2013-04-15 04:30:00,19.1889,-3.127937,2013,4,105,4
2013-04-15 05:00:00,19.02403,-3.363401,2013,4,105,5
2013-04-15 05:29:59,18.65426,-3.334407,2013,4,105,5
2013-04-15 06:00:00,18.46225,-3.012591,2013,4,105,6
2013-04-15 06:30:00,18.39932,2.98993,2013,4,105,6
2013-04-15 06:59:59,18.56413,55.20532,2013,4,105,6
2013-04-15 07:30:00,18.44547,150.0958,2013,4,105,7
2013-04-15 08:00:00,19.2787,258.8477,2013,4,105,8
2013-04-15 08:29:59,20.87521,366.9715,2013,4,105,8
2013-04-15 09:00:00,21.65804,467.269,2013,4,105,9
2013-04-15 09:30:00,22.21906,559.9437,2013,4,105,9
2013-04-15 09:59:59,23.49779,589.9949,2013,4,105,9
2013-04-15 10:30:00,24.52235,667.4427,2013,4,105,10
2013-04-15 11:00:00,25.25102,706.1339,2013,4,105,11
2013-04-15 11:29:59,26.00831,755.8666,2013,4,105,11
2013-04-15 12:00:00,26.84499,777.1971,2013,4,105,12
2013-04-15 12:30:00,27.52426,804.855,2013,4,105,12
2013-04-15 12:59:59,27.94704,775.3132,2013,4,105,12
2013-04-15 13:30:00,28.34384,712.3541,2013,4,105,13
2013-04-15 14:00:00,28.82961,649.0064,2013,4,105,14
2013-04-15 14:29:59,29.62399,618.6198,2013,4,105,14
2013-04-15 15:00:00,28.91041,209.6522,2013,4,105,15
2013-04-15 15:30:00,29.58943,412.0524,2013,4,105,15
2013-04-15 15:59:59,29.27371,292.1948,2013,4,105,15
2013-04-15 16:30:00,29.08679,150.3822,2013,4,105,16
2013-04-15 17:00:00,28.99633,87.07213,2013,4,105,17
2013-04-15 17:29:59,28.75468,31.79121,2013,4,105,17
2013-04-15 18:00:00,28.22183,-1.998647,2013,4,105,18
2013-04-15 18:30:00,27.6627,-3.367712,2013,4,105,18
2013-04-15 18:59:59,27.24162,-3.147942,2013,4,105,18
2013-04-15 19:30:00,26.89277,-3.248695,2013,4,105,19
2013-04-15 20:00:00,26.27788,-3.043434,2013,4,105,20
2013-04-15 20:29:59,25.88139,-2.977995,2013,4,105,20
2013-04-15 21:00:00,25.55434,-2.479711,2013,4,105,21
2013-04-15 21:30:00,25.08563,-2.63277,2013,4,105,21
2013-04-15 21:59:59,24.74608,-2.410722,2013,4,105,21
2013-04-15 22:30:00,24.48722,-2.177182,2013,4,105,22
2013-04-15 23:00:00,24.18185,-2.277269,2013,4,105,23
2013-04-15 23:29:59,24.08033,-1.817787,2013,4,105,23
2013-04-16 00:00:00,23.80536,-1.810782,2013,4,106,0
2013-04-16 00:30:00,23.51662,-1.937469,2013,4,106,0
2013-04-16 00:59:59,23.29574,-1.922297,2013,4,106,0
2013-04-16 01:30:00,23.33279,-1.349719,2013,4,106,1
2013-04-16 02:00:00,23.3911,-1.813616,2013,4,106,2
2013-04-16 02:29:59,23.07202,-1.750586,2013,4,106,2
2013-04-16 03:00:00,22.79587,-1.747097,2013,4,106,3
2013-04-16 03:30:00,22.50601,-1.84472,2013,4,106,3
2013-04-16 03:59:59,22.17054,-1.935168,2013,4,106,3
2013-04-16 04:30:00,21.9749,-2.309886,2013,4,106,4
2013-04-16 05:00:00,21.7496,-2.279109,2013,4,106,5
2013-04-16 05:29:59,21.47565,-2.217451,2013,4,106,5
2013-04-16 06:00:00,21.21595,-2.794147,2013,4,106,6
2013-04-16 06:30:00,20.99681,0.8262725,2013,4,106,6
2013-04-16 06:59:59,20.80614,11.30045,2013,4,106,6
2013-04-16 07:30:00,20.76453,24.8915,2013,4,106,7
2013-04-16 08:00:00,21.02559,61.90038,2013,4,106,8
2013-04-16 08:29:59,21.60025,61.91924,2013,4,106,8
2013-04-16 09:00:00,22.13363,81.61441,2013,4,106,9
2013-04-16 09:30:00,22.83535,168.277,2013,4,106,9
2013-04-16 09:59:59,23.45646,172.2201,2013,4,106,9
2013-04-16 10:30:00,24.15511,291.2892,2013,4,106,10
2013-04-16 11:00:00,25.46688,721.287,2013,4,106,11
2013-04-16 11:29:59,26.57215,621.9048,2013,4,106,11
2013-04-16 12:00:00,26.99997,518.6697,2013,4,106,12
2013-04-16 12:30:00,27.69064,628.6715,2013,4,106,12
2013-04-16 12:59:59,28.04878,619.8553,2013,4,106,12
2013-04-16 13:30:00,28.63605,644.3778,2013,4,106,13
2013-04-16 14:00:00,28.80216,387.2177,2013,4,106,14
2013-04-16 14:29:59,28.9912,266.6949,2013,4,106,14
2013-04-16 15:00:00,28.93681,243.975,2013,4,106,15
2013-04-16 15:30:00,28.87514,159.4638,2013,4,106,15
2013-04-16 15:59:59,28.79297,126.021,2013,4,106,15
2013-04-16 16:30:00,28.61911,89.39278,2013,4,106,16
2013-04-16 17:00:00,28.50326,63.45695,2013,4,106,17
2013-04-16 17:29:59,28.29834,19.61501,2013,4,106,17
2013-04-16 18:00:00,27.9379,-1.901936,2013,4,106,18
2013-04-16 18:30:00,27.58818,-2.897514,2013,4,106,18
2013-04-16 18:59:59,27.31077,-2.715398,2013,4,106,18
2013-04-16 19:30:00,26.80363,-2.7971,2013,4,106,19
2013-04-16 20:00:00,26.23843,-2.693623,2013,4,106,20
2013-04-16 20:29:59,25.66071,-2.615309,2013,4,106,20
2013-04-16 21:00:00,25.25323,-2.71917,2013,4,106,21
2013-04-16 21:30:00,24.9066,-2.996707,2013,4,106,21
2013-04-16 21:59:59,24.49538,-3.247785,2013,4,106,21
2013-04-16 22:30:00,23.84394,-3.484432,2013,4,106,22
2013-04-16 23:00:00,23.17845,-3.433246,2013,4,106,23
2013-04-16 23:29:59,22.78427,-3.211831,2013,4,106,23
2013-04-17 00:00:00,22.37517,-2.206124,2013,4,107,0
2013-04-17 00:30:00,22.11073,-1.656164,2013,4,107,0
2013-04-17 00:59:59,21.91643,-1.812202,2013,4,107,0
2013-04-17 01:30:00,21.89952,-2.959144,2013,4,107,1
2013-04-17 02:00:00,21.62658,-2.128009,2013,4,107,2
2013-04-17 02:29:59,21.44267,-1.728842,2013,4,107,2
2013-04-17 03:00:00,21.36692,-1.720527,2013,4,107,3
2013-04-17 03:30:00,21.18933,-1.038597,2013,4,107,3
2013-04-17 03:59:59,21.36903,-0.8755887,2013,4,107,3
2013-04-17 04:30:00,21.23475,-1.030448,2013,4,107,4
2013-04-17 05:00:00,21.17395,-0.9545983,2013,4,107,5
2013-04-17 05:29:59,21.27209,-0.1558992,2013,4,107,5
2013-04-17 06:00:00,21.37557,-0.3076563,2013,4,107,6
2013-04-17 06:30:00,21.53568,0.6098776,2013,4,107,6
2013-04-17 06:59:59,21.64278,3.106546,2013,4,107,6
2013-04-17 07:30:00,20.52914,10.74064,2013,4,107,7
2013-04-17 08:00:00,19.04545,47.20417,2013,4,107,8
2013-04-17 08:29:59,18.98887,44.64321,2013,4,107,8
2013-04-17 09:00:00,19.16289,59.73655,2013,4,107,9
2013-04-17 09:30:00,19.11538,76.29241,2013,4,107,9
2013-04-17 09:59:59,19.41407,108.5911,2013,4,107,9
2013-04-17 10:30:00,19.69615,164.4719,2013,4,107,10
2013-04-17 11:00:00,19.92894,113.6024,2013,4,107,11
2013-04-17 11:29:59,19.71878,120.6815,2013,4,107,11
2013-04-17 12:00:00,19.51795,136.491,2013,4,107,12
2013-04-17 12:30:00,19.18447,112.0794,2013,4,107,12
2013-04-17 12:59:59,18.91131,69.77315,2013,4,107,12
2013-04-17 13:30:00,18.69812,91.88377,2013,4,107,13
2013-04-17 14:00:00,18.74338,99.3819,2013,4,107,14
2013-04-17 14:29:59,18.64311,70.42155,2013,4,107,14
2013-04-17 15:00:00,18.4289,61.6711,2013,4,107,15
2013-04-17 15:30:00,18.12355,57.68451,2013,4,107,15
2013-04-17 15:59:59,17.75293,29.95794,2013,4,107,15
2013-04-17 16:30:00,17.58607,18.66903,2013,4,107,16
2013-04-17 17:00:00,17.50182,15.43243,2013,4,107,17
2013-04-17 17:29:59,17.47238,6.50879,2013,4,107,17
2013-04-17 18:00:00,17.6072,-0.7237411,2013,4,107,18
2013-04-17 18:30:00,17.82901,-1.410409,2013,4,107,18
2013-04-17 18:59:59,17.9581,-1.127236,2013,4,107,18
2013-04-17 19:30:00,17.99455,-1.010355,2013,4,107,19
2013-04-17 20:00:00,17.78705,-0.846498,2013,4,107,20
2013-04-17 20:29:59,17.68566,-1.249931,2013,4,107,20
2013-04-17 21:00:00,17.51862,-1.945563,2013,4,107,21
2013-04-17 21:30:00,17.32247,-1.536862,2013,4,107,21
2013-04-17 21:59:59,17.24825,-1.719272,2013,4,107,21
2013-04-17 22:30:00,17.1434,-2.114663,2013,4,107,22
2013-04-17 23:00:00,16.90241,-2.153159,2013,4,107,23
2013-04-17 23:29:59,16.73108,-2.045792,2013,4,107,23
2013-04-18 00:00:00,16.6951,-2.273124,2013,4,108,0
2013-04-18 00:30:00,16.68289,-2.557793,2013,4,108,0
2013-04-18 00:59:59,16.09817,-2.525644,2013,4,108,0
2013-04-18 01:30:00,16.06449,-1.367375,2013,4,108,1
2013-04-18 02:00:00,15.99042,0.05201818,2013,4,108,2
2013-04-18 02:29:59,15.95384,0.002676895,2013,4,108,2
2013-04-18 03:00:00,15.86041,-0.07392991,2013,4,108,3
2013-04-18 03:30:00,15.76437,-0.06674568,2013,4,108,3
2013-04-18 03:59:59,16.15176,0.01251347,2013,4,108,3
2013-04-18 04:30:00,16.41299,-0.1321042,2013,4,108,4
2013-04-18 05:00:00,16.51482,-0.1505499,2013,4,108,5
2013-04-18 05:29:59,16.88417,-0.3661287,2013,4,108,5
2013-04-18 06:00:00,16.70215,-0.5580347,2013,4,108,6
2013-04-18 06:30:00,16.74054,1.224578,2013,4,108,6
2013-04-18 06:59:59,16.91,13.21282,2013,4,108,6
2013-04-18 07:30:00,16.95887,40.08635,2013,4,108,7
2013-04-18 08:00:00,17.15988,104.6075,2013,4,108,8
2013-04-18 08:29:59,17.60939,202.5212,2013,4,108,8
2013-04-18 09:00:00,18.18262,293.0536,2013,4,108,9
2013-04-18 09:30:00,18.92527,514.1244,2013,4,108,9
2013-04-18 09:59:59,19.80762,706.1754,2013,4,108,9
2013-04-18 10:30:00,20.21108,717.843,2013,4,108,10
2013-04-18 11:00:00,20.90659,718.3173,2013,4,108,11
2013-04-18 11:29:59,21.72299,621.2834,2013,4,108,11
2013-04-18 12:00:00,22.42586,642.0676,2013,4,108,12
2013-04-18 12:30:00,22.95528,440.5375,2013,4,108,12
2013-04-18 12:59:59,23.1562,569.9204,2013,4,108,12
2013-04-18 13:30:00,23.50508,473.8846,2013,4,108,13
2013-04-18 14:00:00,23.63335,422.3015,2013,4,108,14
2013-04-18 14:29:59,23.93006,434.6335,2013,4,108,14
2013-04-18 15:00:00,24.37303,515.6647,2013,4,108,15
2013-04-18 15:30:00,24.65098,450.7524,2013,4,108,15
2013-04-18 15:59:59,24.63231,203.2836,2013,4,108,15
2013-04-18 16:30:00,24.72479,197.6622,2013,4,108,16
2013-04-18 17:00:00,24.68217,87.65453,2013,4,108,17
2013-04-18 17:29:59,24.37605,42.01642,2013,4,108,17
2013-04-18 18:00:00,24.12154,-1.912609,2013,4,108,18
2013-04-18 18:30:00,24.01601,-3.328194,2013,4,108,18
2013-04-18 18:59:59,23.80357,-3.284565,2013,4,108,18
2013-04-18 19:30:00,23.57393,-2.660237,2013,4,108,19
2013-04-18 20:00:00,23.38242,-2.957259,2013,4,108,20
2013-04-18 20:29:59,23.11512,-2.069099,2013,4,108,20
2013-04-18 21:00:00,22.64748,-1.754814,2013,4,108,21
2013-04-18 21:30:00,22.33024,-2.173261,2013,4,108,21
2013-04-18 21:59:59,20.3293,-3.143569,2013,4,108,21
2013-04-18 22:30:00,20.33709,-1.77077,2013,4,108,22
2013-04-18 23:00:00,20.77591,-1.307485,2013,4,108,23
2013-04-18 23:29:59,20.42887,-1.415935,2013,4,108,23
2013-04-19 00:00:00,20.37737,-2.41534,2013,4,109,0
2013-04-19 00:30:00,19.80378,-2.771066,2013,4,109,0
2013-04-19 00:59:59,19.35723,-4.037995,2013,4,109,0
2013-04-19 01:30:00,18.87135,-3.432949,2013,4,109,1
2013-04-19 02:00:00,18.35581,-2.574152,2013,4,109,2
2013-04-19 02:29:59,18.82461,-1.790451,2013,4,109,2
2013-04-19 03:00:00,18.75389,-2.002003,2013,4,109,3
2013-04-19 03:30:00,18.10313,-2.105776,2013,4,109,3
2013-04-19 03:59:59,18.19339,-1.810105,2013,4,109,3
2013-04-19 04:30:00,18.06481,-2.240214,2013,4,109,4
2013-04-19 05:00:00,17.72067,-2.6599,2013,4,109,5
2013-04-19 05:29:59,17.23581,-2.345764,2013,4,109,5
2013-04-19 06:00:00,17.28532,-2.077715,2013,4,109,6
2013-04-19 06:30:00,17.40866,1.106823,2013,4,109,6
2013-04-19 06:59:59,17.38309,16.0448,2013,4,109,6
2013-04-19 07:30:00,17.78882,60.06015,2013,4,109,7
2013-04-19 08:00:00,17.98355,112.877,2013,4,109,8
2013-04-19 08:29:59,18.73101,201.6498,2013,4,109,8
2013-04-19 09:00:00,19.73177,321.4355,2013,4,109,9
2013-04-19 09:30:00,20.50179,296.0434,2013,4,109,9
2013-04-19 09:59:59,20.84571,236.7227,2013,4,109,9
2013-04-19 10:30:00,20.99694,255.3223,2013,4,109,10
2013-04-19 11:00:00,21.43347,295.0382,2013,4,109,11
2013-04-19 11:29:59,22.29301,395.3278,2013,4,109,11
2013-04-19 12:00:00,22.69636,420.8088,2013,4,109,12
2013-04-19 12:30:00,23.21798,500.4097,2013,4,109,12
2013-04-19 12:59:59,23.7672,530.7179,2013,4,109,12
2013-04-19 13:30:00,24.10205,238.4832,2013,4,109,13
2013-04-19 14:00:00,24.40377,597.7491,2013,4,109,14
2013-04-19 14:29:59,24.94969,426.4203,2013,4,109,14
2013-04-19 15:00:00,25.04806,391.5797,2013,4,109,15
2013-04-19 15:30:00,25.08276,222.6292,2013,4,109,15
2013-04-19 15:59:59,25.22259,177.5228,2013,4,109,15
2013-04-19 16:30:00,25.11695,109.9139,2013,4,109,16
2013-04-19 17:00:00,24.76394,72.29871,2013,4,109,17
2013-04-19 17:29:59,24.25672,53.48352,2013,4,109,17
2013-04-19 18:00:00,23.20776,-1.086671,2013,4,109,18
2013-04-19 18:30:00,22.5259,-2.861879,2013,4,109,18
2013-04-19 18:59:59,22.07399,-2.730163,2013,4,109,18
2013-04-19 19:30:00,21.63254,-3.355588,2013,4,109,19
2013-04-19 20:00:00,20.90247,-3.672506,2013,4,109,20
2013-04-19 20:29:59,20.42674,-3.331617,2013,4,109,20
2013-04-19 21:00:00,20.07054,-3.322609,2013,4,109,21
2013-04-19 21:30:00,19.73405,-3.364365,2013,4,109,21
2013-04-19 21:59:59,19.3922,-3.122729,2013,4,109,21
2013-04-19 22:30:00,19.14697,-2.823873,2013,4,109,22
2013-04-19 23:00:00,18.94566,-2.472401,2013,4,109,23
2013-04-19 23:29:59,18.82209,-2.621513,2013,4,109,23
2013-04-20 00:00:00,18.52651,-2.253083,2013,4,110,0
2013-04-20 00:30:00,18.3861,-2.579259,2013,4,110,0
2013-04-20 00:59:59,18.05682,-2.71347,2013,4,110,0
2013-04-20 01:30:00,17.90509,-2.120157,2013,4,110,1
2013-04-20 02:00:00,17.95971,-2.013566,2013,4,110,2
2013-04-20 02:29:59,17.89216,-2.452305,2013,4,110,2
2013-04-20 03:00:00,17.88197,-1.970613,2013,4,110,3
2013-04-20 03:30:00,18.05521,-1.525087,2013,4,110,3
2013-04-20 03:59:59,18.37055,-1.445404,2013,4,110,3
2013-04-20 04:30:00,18.34711,-1.824061,2013,4,110,4
2013-04-20 05:00:00,17.48822,-1.379697,2013,4,110,5
2013-04-20 05:29:59,17.99626,-1.342009,2013,4,110,5
2013-04-20 06:00:00,18.14702,-1.48039,2013,4,110,6
2013-04-20 06:30:00,17.90221,0.1060326,2013,4,110,6
2013-04-20 06:59:59,17.22673,19.07606,2013,4,110,6
2013-04-20 07:30:00,17.31229,70.63467,2013,4,110,7
2013-04-20 08:00:00,17.79274,133.2643,2013,4,110,8
2013-04-20 08:29:59,18.16168,186.6755,2013,4,110,8
2013-04-20 09:00:00,18.89103,305.2045,2013,4,110,9
2013-04-20 09:30:00,19.47621,206.8487,2013,4,110,9
2013-04-20 09:59:59,19.90313,328.4816,2013,4,110,9
2013-04-20 10:30:00,20.62181,434.7169,2013,4,110,10
2013-04-20 11:00:00,21.25443,520.504,2013,4,110,11
2013-04-20 11:29:59,21.24465,383.7966,2013,4,110,11
2013-04-20 12:00:00,21.1933,391.7123,2013,4,110,12
2013-04-20 12:30:00,21.88018,503.5322,2013,4,110,12
2013-04-20 12:59:59,22.384,493.8833,2013,4,110,12
2013-04-20 13:30:00,22.17401,416.692,2013,4,110,13
2013-04-20 14:00:00,22.03257,388.5429,2013,4,110,14
2013-04-20 14:29:59,22.02104,373.7282,2013,4,110,14
2013-04-20 15:00:00,22.05035,328.1598,2013,4,110,15
2013-04-20 15:30:00,21.98432,289.6491,2013,4,110,15
2013-04-20 15:59:59,22.21667,235.1172,2013,4,110,15
2013-04-20 16:30:00,21.92146,174.7783,2013,4,110,16
2013-04-20 17:00:00,21.45973,95.81785,2013,4,110,17
2013-04-20 17:29:59,21.20893,26.76128,2013,4,110,17
2013-04-20 18:00:00,20.82152,-1.969697,2013,4,110,18
2013-04-20 18:30:00,20.34711,-4.384031,2013,4,110,18
2013-04-20 18:59:59,19.69931,-4.532467,2013,4,110,18
2013-04-20 19:30:00,19.04697,-4.399631,2013,4,110,19
2013-04-20 20:00:00,18.45099,-4.736201,2013,4,110,20
2013-04-20 20:29:59,17.92088,-4.678561,2013,4,110,20
2013-04-20 21:00:00,17.56641,-4.518317,2013,4,110,21
2013-04-20 21:30:00,17.27244,-4.158138,2013,4,110,21
2013-04-20 21:59:59,16.76523,-3.875145,2013,4,110,21
2013-04-20 22:30:00,16.21748,-4.034172,2013,4,110,22
2013-04-20 23:00:00,15.75195,-3.955708,2013,4,110,23
2013-04-20 23:29:59,15.56718,-3.960089,2013,4,110,23
2013-04-21 00:00:00,15.08786,-3.898259,2013,4,111,0
2013-04-21 00:30:00,14.67686,-3.848357,2013,4,111,0
2013-04-21 00:59:59,14.18693,-3.720961,2013,4,111,0
2013-04-21 01:30:00,13.87344,-3.515386,2013,4,111,1
2013-04-21 02:00:00,13.7166,-3.544978,2013,4,111,2
2013-04-21 02:29:59,13.61855,-3.430567,2013,4,111,2
2013-04-21 03:00:00,13.30849,-3.552575,2013,4,111,3
2013-04-21 03:30:00,12.94394,-3.280791,2013,4,111,3
2013-04-21 03:59:59,12.59383,-2.600178,2013,4,111,3
2013-04-21 04:30:00,12.05078,-3.032282,2013,4,111,4
2013-04-21 05:00:00,11.86866,-2.391629,2013,4,111,5
2013-04-21 05:29:59,11.53402,-1.747438,2013,4,111,5
2013-04-21 06:00:00,11.88667,-0.529946,2013,4,111,6
2013-04-21 06:30:00,12.06583,1.782271,2013,4,111,6
2013-04-21 06:59:59,12.09659,15.13756,2013,4,111,6
2013-04-21 07:30:00,12.23309,43.80444,2013,4,111,7
2013-04-21 08:00:00,12.66967,78.61597,2013,4,111,8
2013-04-21 08:29:59,13.23178,169.1555,2013,4,111,8
2013-04-21 09:00:00,14.17405,286.2783,2013,4,111,9
2013-04-21 09:30:00,15.01285,501.2708,2013,4,111,9
2013-04-21 09:59:59,15.6157,468.1352,2013,4,111,9
2013-04-21 10:30:00,16.36447,492.4641,2013,4,111,10
2013-04-21 11:00:00,16.81688,282.1265,2013,4,111,11
2013-04-21 11:29:59,17.35041,444.5538,2013,4,111,11
2013-04-21 12:00:00,17.70817,430.9737,2013,4,111,12
2013-04-21 12:30:00,18.51266,771.7231,2013,4,111,12
2013-04-21 12:59:59,18.9825,712.1171,2013,4,111,12
2013-04-21 13:30:00,19.53858,690.6008,2013,4,111,13
2013-04-21 14:00:00,19.82324,673.282,2013,4,111,14
2013-04-21 14:29:59,20.3567,631.7486,2013,4,111,14
2013-04-21 15:00:00,20.40648,553.5825,2013,4,111,15
2013-04-21 15:30:00,20.29152,448.0801,2013,4,111,15
2013-04-21 15:59:59,20.10603,356.7475,2013,4,111,15
2013-04-21 16:30:00,19.8016,248.487,2013,4,111,16
2013-04-21 17:00:00,19.475,137.7231,2013,4,111,17
2013-04-21 17:29:59,19.02912,40.77652,2013,4,111,17
2013-04-21 18:00:00,18.37766,-3.767811,2013,4,111,18
2013-04-21 18:30:00,17.6696,-5.44145,2013,4,111,18
2013-04-21 18:59:59,17.09225,-5.251,2013,4,111,18
2013-04-21 19:30:00,16.5356,-5.234399,2013,4,111,19
2013-04-21 20:00:00,15.79356,-5.096715,2013,4,111,20
2013-04-21 20:29:59,15.50125,-4.379233,2013,4,111,20
2013-04-21 21:00:00,15.4817,-3.77069,2013,4,111,21
2013-04-21 21:30:00,15.84867,-4.041626,2013,4,111,21
2013-04-21 21:59:59,15.37646,-3.906706,2013,4,111,21
2013-04-21 22:30:00,15.61639,-3.101432,2013,4,111,22
2013-04-21 23:00:00,15.60688,-3.652497,2013,4,111,23
2013-04-21 23:29:59,15.37602,-3.586966,2013,4,111,23
2013-04-22 00:00:00,15.10483,-3.570951,2013,4,112,0
2013-04-22 00:30:00,14.32482,-3.870282,2013,4,112,0
2013-04-22 00:59:59,13.36124,-3.852262,2013,4,112,0
2013-04-22 01:30:00,13.23286,-3.038673,2013,4,112,1
2013-04-22 02:00:00,13.19861,-3.247301,2013,4,112,2
2013-04-22 02:29:59,12.82107,-3.53962,2013,4,112,2
2013-04-22 03:00:00,12.49345,-3.612064,2013,4,112,3
2013-04-22 03:30:00,12.07907,-3.59192,2013,4,112,3
2013-04-22 03:59:59,12.06432,-3.606433,2013,4,112,3
2013-04-22 04:30:00,11.40328,-4.063262,2013,4,112,4
2013-04-22 05:00:00,11.19364,-3.347424,2013,4,112,5
2013-04-22 05:29:59,10.98948,-3.646171,2013,4,112,5
2013-04-22 06:00:00,10.92145,-2.944271,2013,4,112,6
2013-04-22 06:30:00,10.87951,0.563525,2013,4,112,6
2013-04-22 06:59:59,11.04222,47.22549,2013,4,112,6
2013-04-22 07:30:00,11.50093,141.1532,2013,4,112,7
2013-04-22 08:00:00,12.86359,248.1682,2013,4,112,8
2013-04-22 08:29:59,14.37229,356.2031,2013,4,112,8
2013-04-22 09:00:00,15.01777,457.528,2013,4,112,9
2013-04-22 09:30:00,15.79581,551.4169,2013,4,112,9
2013-04-22 09:59:59,16.60637,614.5708,2013,4,112,9
2013-04-22 10:30:00,17.16064,596.5798,2013,4,112,10
2013-04-22 11:00:00,17.56931,506.6777,2013,4,112,11
2013-04-22 11:29:59,17.9564,460.9294,2013,4,112,11
2013-04-22 12:00:00,18.63862,472.6447,2013,4,112,12
2013-04-22 12:30:00,19.08969,618.4745,2013,4,112,12
2013-04-22 12:59:59,19.18757,399.3046,2013,4,112,12
2013-04-22 13:30:00,19.87833,575.5261,2013,4,112,13
2013-04-22 14:00:00,20.69286,684.71,2013,4,112,14
2013-04-22 14:29:59,20.91888,635.4637,2013,4,112,14
2013-04-22 15:00:00,20.80288,456.7504,2013,4,112,15
2013-04-22 15:30:00,20.99371,293.3842,2013,4,112,15
2013-04-22 15:59:59,21.21241,266.6041,2013,4,112,15
2013-04-22 16:30:00,21.04275,173.5676,2013,4,112,16
2013-04-22 17:00:00,20.81129,61.96229,2013,4,112,17
2013-04-22 17:29:59,20.52633,41.71665,2013,4,112,17
2013-04-22 18:00:00,20.19707,-3.148358,2013,4,112,18
2013-04-22 18:30:00,19.61027,-4.688317,2013,4,112,18
2013-04-22 18:59:59,19.12249,-4.553303,2013,4,112,18
2013-04-22 19:30:00,18.71806,-4.340326,2013,4,112,19
2013-04-22 20:00:00,17.93733,-3.902064,2013,4,112,20
2013-04-22 20:29:59,17.89554,-1.552145,2013,4,112,20
2013-04-22 21:00:00,16.32031,-3.5374,2013,4,112,21
2013-04-22 21:30:00,17.21077,-0.2837876,2013,4,112,21
2013-04-22 21:59:59,17.4776,-1.521155,2013,4,112,21
2013-04-22 22:30:00,17.13386,-1.906566,2013,4,112,22
2013-04-22 23:00:00,16.48631,-2.242305,2013,4,112,23
2013-04-22 23:29:59,16.77081,-1.204119,2013,4,112,23
2013-04-23 00:00:00,16.74618,-1.975842,2013,4,113,0
2013-04-23 00:30:00,16.80486,-1.502219,2013,4,113,0
2013-04-23 00:59:59,16.77626,-1.502627,2013,4,113,0
2013-04-23 01:30:00,16.62976,-0.7392405,2013,4,113,1
2013-04-23 02:00:00,16.82037,0.7493525,2013,4,113,2
2013-04-23 02:29:59,16.80132,-1.765384,2013,4,113,2
2013-04-23 03:00:00,16.32791,-3.107874,2013,4,113,3
2013-04-23 03:30:00,16.16552,-1.300001,2013,4,113,3
2013-04-23 03:59:59,16.17655,-1.225209,2013,4,113,3
2013-04-23 04:30:00,15.99228,-3.310163,2013,4,113,4
2013-04-23 05:00:00,15.08747,-3.258379,2013,4,113,5
2013-04-23 05:29:59,14.57644,-2.812304,2013,4,113,5
2013-04-23 06:00:00,14.07332,-3.077936,2013,4,113,6
2013-04-23 06:30:00,13.82481,2.544197,2013,4,113,6
2013-04-23 06:59:59,14.50521,21.3771,2013,4,113,6
2013-04-23 07:30:00,14.86487,107.3958,2013,4,113,7
2013-04-23 08:00:00,15.91747,208.7817,2013,4,113,8
2013-04-23 08:29:59,17.17651,344.8069,2013,4,113,8
2013-04-23 09:00:00,18.04519,313.8177,2013,4,113,9
2013-04-23 09:30:00,19.38327,488.3363,2013,4,113,9
2013-04-23 09:59:59,19.99766,628.7034,2013,4,113,9
2013-04-23 10:30:00,20.72638,726.53,2013,4,113,10
2013-04-23 11:00:00,21.19761,622.5868,2013,4,113,11
2013-04-23 11:29:59,20.99275,336.6572,2013,4,113,11
2013-04-23 12:00:00,21.56127,741.5318,2013,4,113,12
2013-04-23 12:30:00,22.11228,867.1112,2013,4,113,12
2013-04-23 12:59:59,22.02929,658.4188,2013,4,113,12
2013-04-23 13:30:00,22.59896,762.5739,2013,4,113,13
2013-04-23 14:00:00,23.48071,807.1194,2013,4,113,14
2013-04-23 14:29:59,23.49164,566.6074,2013,4,113,14
2013-04-23 15:00:00,23.55551,543.5411,2013,4,113,15
2013-04-23 15:30:00,23.56956,426.5746,2013,4,113,15
2013-04-23 15:59:59,23.68328,319.7769,2013,4,113,15
2013-04-23 16:30:00,24.12151,238.4605,2013,4,113,16
2013-04-23 17:00:00,24.11952,125.806,2013,4,113,17
2013-04-23 17:29:59,23.62201,33.83984,2013,4,113,17
2013-04-23 18:00:00,23.16412,-4.153804,2013,4,113,18
2013-04-23 18:30:00,22.52617,-4.62225,2013,4,113,18
2013-04-23 18:59:59,21.90261,-4.496817,2013,4,113,18
2013-04-23 19:30:00,21.09675,-4.720065,2013,4,113,19
2013-04-23 20:00:00,20.41947,-4.496609,2013,4,113,20
2013-04-23 20:29:59,19.91606,-3.84933,2013,4,113,20
2013-04-23 21:00:00,20.05451,-2.447165,2013,4,113,21
2013-04-23 21:30:00,20.50656,-3.968264,2013,4,113,21
2013-04-23 21:59:59,20.31158,-4.039968,2013,4,113,21
2013-04-23 22:30:00,19.82214,-3.460004,2013,4,113,22
2013-04-23 23:00:00,19.33803,-3.633918,2013,4,113,23
2013-04-23 23:29:59,18.63109,-3.429145,2013,4,113,23
2013-04-24 00:00:00,18.07452,-3.288067,2013,4,114,0
2013-04-24 00:30:00,17.38847,-3.51649,2013,4,114,0
2013-04-24 00:59:59,16.86917,-3.025407,2013,4,114,0
2013-04-24 01:30:00,16.42088,-2.981059,2013,4,114,1
2013-04-24 02:00:00,16.03692,-2.988172,2013,4,114,2
2013-04-24 02:29:59,16.13385,-3.450677,2013,4,114,2
2013-04-24 03:00:00,16.21834,-2.258379,2013,4,114,3
2013-04-24 03:30:00,16.3635,-2.493053,2013,4,114,3
2013-04-24 03:59:59,15.89265,-1.69887,2013,4,114,3
2013-04-24 04:30:00,15.81552,-2.460379,2013,4,114,4
2013-04-24 05:00:00,15.4197,-3.279145,2013,4,114,5
2013-04-24 05:29:59,14.83534,-3.583819,2013,4,114,5
2013-04-24 06:00:00,14.38896,-3.371203,2013,4,114,6
2013-04-24 06:30:00,14.2839,-0.05092816,2013,4,114,6
2013-04-24 06:59:59,14.16663,40.87504,2013,4,114,6
2013-04-24 07:30:00,14.57898,134.8661,2013,4,114,7
2013-04-24 08:00:00,15.46868,242.1919,2013,4,114,8
2013-04-24 08:29:59,16.71148,336.7513,2013,4,114,8
2013-04-24 09:00:00,17.90258,446.6141,2013,4,114,9
2013-04-24 09:30:00,19.31101,520.3713,2013,4,114,9
2013-04-24 09:59:59,20.65543,605.0137,2013,4,114,9
2013-04-24 10:30:00,21.37628,679.72,2013,4,114,10
2013-04-24 11:00:00,22.09828,727.5488,2013,4,114,11
2013-04-24 11:29:59,22.58695,760.0855,2013,4,114,11
2013-04-24 12:00:00,22.9191,777.319,2013,4,114,12
2013-04-24 12:30:00,23.31058,783.2908,2013,4,114,12
2013-04-24 12:59:59,23.65435,691.6438,2013,4,114,12
2013-04-24 13:30:00,24.06459,696.4752,2013,4,114,13
2013-04-24 14:00:00,24.37057,677.0331,2013,4,114,14
2013-04-24 14:29:59,24.64583,617.1943,2013,4,114,14
2013-04-24 15:00:00,24.94228,501.3242,2013,4,114,15
2013-04-24 15:30:00,25.1733,393.817,2013,4,114,15
2013-04-24 15:59:59,25.29994,369.6622,2013,4,114,15
2013-04-24 16:30:00,25.45106,250.3532,2013,4,114,16
2013-04-24 17:00:00,25.19899,112.8165,2013,4,114,17
2013-04-24 17:29:59,24.72752,25.02893,2013,4,114,17
2013-04-24 18:00:00,24.00103,-4.573093,2013,4,114,18
2013-04-24 18:30:00,23.473,-4.427236,2013,4,114,18
2013-04-24 18:59:59,22.86431,-3.585376,2013,4,114,18
2013-04-24 19:30:00,22.4315,-3.743352,2013,4,114,19
2013-04-24 20:00:00,21.9762,-3.76971,2013,4,114,20
2013-04-24 20:29:59,21.46656,-3.441637,2013,4,114,20
2013-04-24 21:00:00,20.78039,-3.78744,2013,4,114,21
2013-04-24 21:30:00,20.46822,-3.722416,2013,4,114,21
2013-04-24 21:59:59,20.24072,-3.37949,2013,4,114,21
2013-04-24 22:30:00,19.72141,-3.410095,2013,4,114,22
2013-04-24 23:00:00,19.28375,-3.016791,2013,4,114,23
2013-04-24 23:29:59,19.04645,-3.327849,2013,4,114,23
2013-04-25 00:00:00,18.8469,-2.954464,2013,4,115,0
2013-04-25 00:30:00,18.44123,-2.4614,2013,4,115,0
2013-04-25 00:59:59,17.77825,-3.035888,2013,4,115,0
2013-04-25 01:30:00,17.40497,-2.703477,2013,4,115,1
2013-04-25 02:00:00,17.19882,-3.068936,2013,4,115,2
2013-04-25 02:29:59,17.06495,-3.694173,2013,4,115,2
2013-04-25 03:00:00,16.79708,-2.917741,2013,4,115,3
2013-04-25 03:30:00,16.26937,-2.78859,2013,4,115,3
2013-04-25 03:59:59,16.18037,-2.643494,2013,4,115,3
2013-04-25 04:30:00,15.99348,-2.668349,2013,4,115,4
2013-04-25 05:00:00,16.06366,-1.92192,2013,4,115,5
2013-04-25 05:29:59,16.01837,-2.66362,2013,4,115,5
2013-04-25 06:00:00,15.63065,-2.373523,2013,4,115,6
2013-04-25 06:30:00,15.04344,-0.4061657,2013,4,115,6
2013-04-25 06:59:59,14.76754,15.39209,2013,4,115,6
2013-04-25 07:30:00,15.08454,65.1757,2013,4,115,7
2013-04-25 08:00:00,15.24429,161.8814,2013,4,115,8
2013-04-25 08:29:59,16.58804,210.9368,2013,4,115,8
2013-04-25 09:00:00,18.60161,352.1927,2013,4,115,9
2013-04-25 09:30:00,20.15361,426.697,2013,4,115,9
2013-04-25 09:59:59,22.15097,482.8988,2013,4,115,9
2013-04-25 10:30:00,23.59931,545.2844,2013,4,115,10
2013-04-25 11:00:00,23.968,389.7202,2013,4,115,11
2013-04-25 11:29:59,24.11928,342.3757,2013,4,115,11
2013-04-25 12:00:00,24.59039,401.9843,2013,4,115,12
2013-04-25 12:30:00,25.42979,354.6994,2013,4,115,12
2013-04-25 12:59:59,25.81129,334.4777,2013,4,115,12
2013-04-25 13:30:00,25.9822,253.7145,2013,4,115,13
2013-04-25 14:00:00,26.09171,176.9053,2013,4,115,14
2013-04-25 14:29:59,26.17725,125.4969,2013,4,115,14
2013-04-25 15:00:00,26.08103,87.91292,2013,4,115,15
2013-04-25 15:30:00,26.0311,73.3018,2013,4,115,15
2013-04-25 15:59:59,25.96874,91.16186,2013,4,115,15
2013-04-25 16:30:00,25.91927,73.77345,2013,4,115,16
2013-04-25 17:00:00,25.77075,29.63236,2013,4,115,17
2013-04-25 17:29:59,25.49508,3.808288,2013,4,115,17
2013-04-25 18:00:00,24.98483,-2.165113,2013,4,115,18
2013-04-25 18:30:00,24.5128,-1.998355,2013,4,115,18
2013-04-25 18:59:59,24.24265,-2.541973,2013,4,115,18
2013-04-25 19:30:00,24.72608,-1.144203,2013,4,115,19
2013-04-25 20:00:00,24.54028,-2.315893,2013,4,115,20
2013-04-25 20:29:59,23.87381,-1.679519,2013,4,115,20
2013-04-25 21:00:00,23.62973,-2.061232,2013,4,115,21
2013-04-25 21:30:00,23.02221,-1.251079,2013,4,115,21
2013-04-25 21:59:59,23.03016,-2.418689,2013,4,115,21
2013-04-25 22:30:00,22.13725,-1.876259,2013,4,115,22
2013-04-25 23:00:00,21.69349,-1.415136,2013,4,115,23
2013-04-25 23:29:59,21.68305,-1.595675,2013,4,115,23
2013-04-26 00:00:00,21.63166,-1.379368,2013,4,116,0
2013-04-26 00:30:00,21.28368,-1.40782,2013,4,116,0
2013-04-26 00:59:59,21.26286,-1.044117,2013,4,116,0
2013-04-26 01:30:00,20.70964,-1.833047,2013,4,116,1
2013-04-26 02:00:00,21.06876,-0.6302477,2013,4,116,2
2013-04-26 02:29:59,21.06095,-1.247627,2013,4,116,2
2013-04-26 03:00:00,21.4116,-1.711744,2013,4,116,3
2013-04-26 03:30:00,21.01499,-1.582083,2013,4,116,3
2013-04-26 03:59:59,20.61736,-1.350211,2013,4,116,3
2013-04-26 04:30:00,20.71272,-0.7339319,2013,4,116,4
2013-04-26 05:00:00,20.66383,-1.254776,2013,4,116,5
2013-04-26 05:29:59,20.91267,-0.6975589,2013,4,116,5
2013-04-26 06:00:00,20.93958,-1.135131,2013,4,116,6
2013-04-26 06:30:00,20.70642,-0.6146883,2013,4,116,6
2013-04-26 06:59:59,20.51785,16.4527,2013,4,116,6
2013-04-26 07:30:00,20.86294,36.21641,2013,4,116,7
2013-04-26 08:00:00,20.99129,124.1048,2013,4,116,8
2013-04-26 08:29:59,21.47636,194.1886,2013,4,116,8
2013-04-26 09:00:00,22.7665,242.1593,2013,4,116,9
2013-04-26 09:30:00,23.77848,328.7258,2013,4,116,9
2013-04-26 09:59:59,24.71014,595.3233,2013,4,116,9
2013-04-26 10:30:00,25.88102,696.4825,2013,4,116,10
2013-04-26 11:00:00,27.27076,762.8191,2013,4,116,11
2013-04-26 11:29:59,27.99004,727.6274,2013,4,116,11
2013-04-26 12:00:00,28.13295,746.4943,2013,4,116,12
2013-04-26 12:30:00,28.72566,746.2658,2013,4,116,12
2013-04-26 12:59:59,29.09556,738.5912,2013,4,116,12
2013-04-26 13:30:00,29.54979,651.2188,2013,4,116,13
2013-04-26 14:00:00,29.69009,650.5929,2013,4,116,14
2013-04-26 14:29:59,29.88792,570.9501,2013,4,116,14
2013-04-26 15:00:00,29.87351,457.2485,2013,4,116,15
2013-04-26 15:30:00,30.07849,380.255,2013,4,116,15
2013-04-26 15:59:59,29.93452,225.5479,2013,4,116,15
2013-04-26 16:30:00,29.70258,109.4755,2013,4,116,16
2013-04-26 17:00:00,29.31915,55.61942,2013,4,116,17
2013-04-26 17:29:59,29.00281,13.43523,2013,4,116,17
2013-04-26 18:00:00,28.41804,-3.972155,2013,4,116,18
2013-04-26 18:30:00,27.87404,-4.335476,2013,4,116,18
2013-04-26 18:59:59,26.96176,-4.503899,2013,4,116,18
2013-04-26 19:30:00,26.54215,-3.90409,2013,4,116,19
2013-04-26 20:00:00,25.96897,-3.89827,2013,4,116,20
2013-04-26 20:29:59,25.3984,-2.738795,2013,4,116,20
2013-04-26 21:00:00,25.28113,-2.193201,2013,4,116,21
2013-04-26 21:30:00,24.90243,-3.559745,2013,4,116,21
2013-04-26 21:59:59,24.71525,-3.750054,2013,4,116,21
2013-04-26 22:30:00,24.11038,-3.674411,2013,4,116,22
2013-04-26 23:00:00,23.61984,-3.760883,2013,4,116,23
2013-04-26 23:29:59,22.99228,-3.239218,2013,4,116,23
2013-04-27 00:00:00,22.74751,-2.522024,2013,4,117,0
2013-04-27 00:30:00,22.70908,-2.389493,2013,4,117,0
2013-04-27 00:59:59,23.03054,-2.950781,2013,4,117,0
2013-04-27 01:30:00,22.78772,-3.887711,2013,4,117,1
2013-04-27 02:00:00,22.03791,-3.967723,2013,4,117,2
2013-04-27 02:29:59,21.06714,-3.894015,2013,4,117,2
2013-04-27 03:00:00,20.46883,-3.512276,2013,4,117,3
2013-04-27 03:30:00,20.3898,-2.850848,2013,4,117,3
2013-04-27 03:59:59,20.23648,-2.998435,2013,4,117,3
2013-04-27 04:30:00,19.90272,-3.363149,2013,4,117,4
2013-04-27 05:00:00,18.94445,-3.534188,2013,4,117,5
2013-04-27 05:29:59,18.78766,-3.38756,2013,4,117,5
2013-04-27 06:00:00,18.35504,-3.559232,2013,4,117,6
2013-04-27 06:30:00,17.84038,-0.885998,2013,4,117,6
2013-04-27 06:59:59,17.57495,34.54232,2013,4,117,6
2013-04-27 07:30:00,17.46307,118.9473,2013,4,117,7
2013-04-27 08:00:00,18.69764,220.1342,2013,4,117,8
2013-04-27 08:29:59,20.23335,322.0311,2013,4,117,8
2013-04-27 09:00:00,21.51192,414.6096,2013,4,117,9
2013-04-27 09:30:00,22.38306,498.7814,2013,4,117,9
2013-04-27 09:59:59,24.20969,577.1487,2013,4,117,9
2013-04-27 10:30:00,25.01361,636.1328,2013,4,117,10
2013-04-27 11:00:00,25.65298,682.112,2013,4,117,11
2013-04-27 11:29:59,25.94449,714.6013,2013,4,117,11
2013-04-27 12:00:00,26.73675,728.7125,2013,4,117,12
2013-04-27 12:30:00,26.88291,729.072,2013,4,117,12
2013-04-27 12:59:59,27.40455,712.5509,2013,4,117,12
2013-04-27 13:30:00,28.12772,680.2476,2013,4,117,13
2013-04-27 14:00:00,28.25744,627.4733,2013,4,117,14
2013-04-27 14:29:59,28.41763,582.0295,2013,4,117,14
2013-04-27 15:00:00,28.57916,455.5101,2013,4,117,15
2013-04-27 15:30:00,28.65982,408.0638,2013,4,117,15
2013-04-27 15:59:59,28.73155,313.1191,2013,4,117,15
2013-04-27 16:30:00,28.43787,193.1571,2013,4,117,16
2013-04-27 17:00:00,28.15078,95.30973,2013,4,117,17
2013-04-27 17:29:59,27.64454,23.40051,2013,4,117,17
2013-04-27 18:00:00,27.01972,-3.667347,2013,4,117,18
2013-04-27 18:30:00,26.28199,-4.106734,2013,4,117,18
2013-04-27 18:59:59,25.81623,-4.262574,2013,4,117,18
2013-04-27 19:30:00,24.80056,-4.72591,2013,4,117,19
2013-04-27 20:00:00,23.99935,-3.837467,2013,4,117,20
2013-04-27 20:29:59,23.38559,-3.201732,2013,4,117,20
2013-04-27 21:00:00,23.13387,-2.164452,2013,4,117,21
2013-04-27 21:30:00,22.96107,-2.217788,2013,4,117,21
2013-04-27 21:59:59,22.77091,-1.642946,2013,4,117,21
2013-04-27 22:30:00,22.55453,-1.725152,2013,4,117,22
2013-04-27 23:00:00,22.29273,-2.246545,2013,4,117,23
2013-04-27 23:29:59,21.96974,-2.657478,2013,4,117,23
2013-04-28 00:00:00,21.63917,-2.336651,2013,4,118,0
2013-04-28 00:30:00,21.3689,-3.351832,2013,4,118,0
2013-04-28 00:59:59,20.9227,-3.307569,2013,4,118,0
2013-04-28 01:30:00,20.24922,-3.205277,2013,4,118,1
2013-04-28 02:00:00,19.70557,-3.131625,2013,4,118,2
2013-04-28 02:29:59,18.94678,-2.763737,2013,4,118,2
2013-04-28 03:00:00,18.18596,-2.498212,2013,4,118,3
2013-04-28 03:30:00,17.63432,-2.443859,2013,4,118,3
2013-04-28 03:59:59,17.24925,-2.039928,2013,4,118,3
2013-04-28 04:30:00,16.95685,-1.781754,2013,4,118,4
2013-04-28 05:00:00,16.50202,-2.689694,2013,4,118,5
2013-04-28 05:29:59,15.95085,-2.688445,2013,4,118,5
2013-04-28 06:00:00,15.53169,-3.271946,2013,4,118,6
2013-04-28 06:30:00,15.24231,-0.6774704,2013,4,118,6
2013-04-28 06:59:59,15.10889,19.50851,2013,4,118,6
2013-04-28 07:30:00,15.29209,60.1618,2013,4,118,7
2013-04-28 08:00:00,16.19038,197.4319,2013,4,118,8
2013-04-28 08:29:59,16.81724,214.1672,2013,4,118,8
2013-04-28 09:00:00,17.49007,253.5863,2013,4,118,9
2013-04-28 09:30:00,18.14711,402.5538,2013,4,118,9
2013-04-28 09:59:59,18.79064,538.1177,2013,4,118,9
2013-04-28 10:30:00,20.31448,549.4526,2013,4,118,10
2013-04-28 11:00:00,21.3869,641.5638,2013,4,118,11
2013-04-28 11:29:59,22.63646,745.2277,2013,4,118,11
2013-04-28 12:00:00,22.92625,740.7466,2013,4,118,12
2013-04-28 12:30:00,22.22971,787.7156,2013,4,118,12
2013-04-28 12:59:59,22.2857,759.0605,2013,4,118,12
2013-04-28 13:30:00,22.47938,687.4043,2013,4,118,13
2013-04-28 14:00:00,23.0942,620.9553,2013,4,118,14
2013-04-28 14:29:59,23.40206,571.0637,2013,4,118,14
2013-04-28 15:00:00,23.81203,460.4447,2013,4,118,15
2013-04-28 15:30:00,24.16106,357.0648,2013,4,118,15
2013-04-28 15:59:59,23.73248,150.8528,2013,4,118,15
2013-04-28 16:30:00,23.95435,164.8585,2013,4,118,16
2013-04-28 17:00:00,23.37374,99.97752,2013,4,118,17
2013-04-28 17:29:59,22.97844,19.84418,2013,4,118,17
2013-04-28 18:00:00,22.27792,-3.905542,2013,4,118,18
2013-04-28 18:30:00,21.28303,-4.474801,2013,4,118,18
2013-04-28 18:59:59,20.57943,-4.325511,2013,4,118,18
2013-04-28 19:30:00,19.88561,-4.026087,2013,4,118,19
2013-04-28 20:00:00,19.30423,-3.912311,2013,4,118,20
2013-04-28 20:29:59,18.79812,-3.886712,2013,4,118,20
2013-04-28 21:00:00,18.34549,-3.928742,2013,4,118,21
2013-04-28 21:30:00,18.01041,-3.811002,2013,4,118,21
2013-04-28 21:59:59,17.66663,-3.816898,2013,4,118,21
2013-04-28 22:30:00,17.34233,-3.922365,2013,4,118,22
2013-04-28 23:00:00,16.98353,-3.898554,2013,4,118,23
2013-04-28 23:29:59,16.56048,-3.644958,2013,4,118,23
2013-04-29 00:00:00,16.2526,-3.68424,2013,4,119,0
2013-04-29 00:30:00,15.82594,-3.452254,2013,4,119,0
2013-04-29 00:59:59,15.30309,-3.369009,2013,4,119,0
2013-04-29 01:30:00,15.08739,-3.095472,2013,4,119,1
2013-04-29 02:00:00,14.93618,-2.632964,2013,4,119,2
2013-04-29 02:29:59,14.88706,-2.416613,2013,4,119,2
2013-04-29 03:00:00,14.70588,-2.884954,2013,4,119,3
2013-04-29 03:30:00,14.59814,-2.418325,2013,4,119,3
2013-04-29 03:59:59,14.47439,-1.439863,2013,4,119,3
2013-04-29 04:30:00,14.54093,-0.2082175,2013,4,119,4
2013-04-29 05:00:00,14.81251,-0.1470347,2013,4,119,5
2013-04-29 05:29:59,15.16597,-0.1035222,2013,4,119,5
2013-04-29 06:00:00,15.45774,-0.2158537,2013,4,119,6
2013-04-29 06:30:00,15.59235,0.7045984,2013,4,119,6
2013-04-29 06:59:59,15.714,13.13053,2013,4,119,6
2013-04-29 07:30:00,15.9557,33.84267,2013,4,119,7
2013-04-29 08:00:00,16.27332,76.98387,2013,4,119,8
2013-04-29 08:29:59,16.73922,125.5091,2013,4,119,8
2013-04-29 09:00:00,17.23514,214.7135,2013,4,119,9
2013-04-29 09:30:00,17.55988,254.5843,2013,4,119,9
2013-04-29 09:59:59,18.1291,440.6544,2013,4,119,9
2013-04-29 10:30:00,18.7812,669.5735,2013,4,119,10
2013-04-29 11:00:00,19.66628,651.2311,2013,4,119,11
2013-04-29 11:29:59,20.61551,700.8165,2013,4,119,11
2013-04-29 12:00:00,20.92993,693.5046,2013,4,119,12
2013-04-29 12:30:00,21.36123,679.3756,2013,4,119,12
2013-04-29 12:59:59,21.96248,720.689,2013,4,119,12
2013-04-29 13:30:00,22.63642,680.2889,2013,4,119,13
2013-04-29 14:00:00,23.58876,581.5832,2013,4,119,14
2013-04-29 14:29:59,23.75697,459.907,2013,4,119,14
2013-04-29 15:00:00,24.06426,357.8855,2013,4,119,15
2013-04-29 15:30:00,23.89699,210.4953,2013,4,119,15
2013-04-29 15:59:59,23.1624,115.765,2013,4,119,15
2013-04-29 16:30:00,22.83707,75.77695,2013,4,119,16
2013-04-29 17:00:00,22.39017,64.94634,2013,4,119,17
2013-04-29 17:29:59,21.7731,12.13378,2013,4,119,17
2013-04-29 18:00:00,21.10355,-3.163329,2013,4,119,18
2013-04-29 18:30:00,20.82013,-3.152696,2013,4,119,18
2013-04-29 18:59:59,20.53632,-3.289161,2013,4,119,18
2013-04-29 19:30:00,20.12211,-2.830348,2013,4,119,19
2013-04-29 20:00:00,19.56755,-2.170029,2013,4,119,20
2013-04-29 20:29:59,18.90235,-2.487081,2013,4,119,20
2013-04-29 21:00:00,18.54209,-2.644773,2013,4,119,21
2013-04-29 21:30:00,18.31393,-2.950827,2013,4,119,21
2013-04-29 21:59:59,18.09155,-3.08901,2013,4,119,21
2013-04-29 22:30:00,17.81353,-2.926181,2013,4,119,22
2013-04-29 23:00:00,17.61163,-3.204545,2013,4,119,23
2013-04-29 23:29:59,17.24079,-3.443554,2013,4,119,23
2013-04-30 00:00:00,16.85249,-3.208617,2013,4,120,0
2013-04-30 00:30:00,16.6132,-3.144758,2013,4,120,0
2013-04-30 00:59:59,16.35114,-3.130363,2013,4,120,0
2013-04-30 01:30:00,16.19026,-3.153973,2013,4,120,1
2013-04-30 02:00:00,15.93844,-3.251018,2013,4,120,2
2013-04-30 02:29:59,15.58359,-3.479897,2013,4,120,2
2013-04-30 03:00:00,15.21358,-3.250436,2013,4,120,3
2013-04-30 03:30:00,14.96305,-2.946277,2013,4,120,3
2013-04-30 03:59:59,14.76461,-2.616694,2013,4,120,3
2013-04-30 04:30:00,14.6227,-1.795959,2013,4,120,4
2013-04-30 05:00:00,14.83315,-2.001188,2013,4,120,5
2013-04-30 05:29:59,14.7693,-2.492297,2013,4,120,5
2013-04-30 06:00:00,14.74806,-2.055189,2013,4,120,6
2013-04-30 06:30:00,14.74741,-0.9756313,2013,4,120,6
2013-04-30 06:59:59,14.59069,35.52322,2013,4,120,6
2013-04-30 07:30:00,15.15109,137.308,2013,4,120,7
2013-04-30 08:00:00,16.18215,237.0825,2013,4,120,8
2013-04-30 08:29:59,17.53803,191.7908,2013,4,120,8
2013-04-30 09:00:00,18.45022,374.0182,2013,4,120,9
2013-04-30 09:30:00,19.66569,507.4967,2013,4,120,9
2013-04-30 09:59:59,20.77986,605.1102,2013,4,120,9
2013-04-30 10:30:00,22.04077,616.353,2013,4,120,10
2013-04-30 11:00:00,22.52471,457.7217,2013,4,120,11
2013-04-30 11:29:59,23.00909,457.5159,2013,4,120,11
2013-04-30 12:00:00,23.87602,567.8571,2013,4,120,12
2013-04-30 12:30:00,24.77182,623.2317,2013,4,120,12
2013-04-30 12:59:59,25.38624,627.7642,2013,4,120,12
2013-04-30 13:30:00,26.25702,704.3854,2013,4,120,13
2013-04-30 14:00:00,26.67233,624.541,2013,4,120,14
2013-04-30 14:29:59,27.06111,539.132,2013,4,120,14
2013-04-30 15:00:00,27.53211,469.2791,2013,4,120,15
2013-04-30 15:30:00,27.88402,380.305,2013,4,120,15
2013-04-30 15:59:59,27.95256,150.7546,2013,4,120,15
2013-04-30 16:30:00,27.59231,62.13688,2013,4,120,16
2013-04-30 17:00:00,27.40875,53.89624,2013,4,120,17
2013-04-30 17:29:59,27.14268,5.358729,2013,4,120,17
2013-04-30 18:00:00,26.41728,-4.113508,2013,4,120,18
2013-04-30 18:30:00,25.25062,-3.425394,2013,4,120,18
2013-04-30 18:59:59,24.75757,-3.216866,2013,4,120,18
2013-04-30 19:30:00,24.3361,-3.861024,2013,4,120,19
2013-04-30 20:00:00,23.81812,-3.501872,2013,4,120,20
2013-04-30 20:29:59,23.34185,-3.41979,2013,4,120,20
2013-04-30 21:00:00,22.94676,-2.931887,2013,4,120,21
2013-04-30 21:30:00,22.67437,-2.593848,2013,4,120,21
2013-04-30 21:59:59,22.46234,-2.979645,2013,4,120,21
2013-04-30 22:30:00,22.12989,-2.604717,2013,4,120,22
2013-04-30 23:00:00,21.84906,-2.393815,2013,4,120,23
2013-04-30 23:29:59,21.45546,-2.787152,2013,4,120,23
2013-05-01 00:00:00,21.31002,-2.870632,2013,5,121,0
2013-05-01 00:30:00,21.16179,-3.029343,2013,5,121,0
2013-05-01 00:59:59,20.89219,-3.23881,2013,5,121,0
2013-05-01 01:30:00,20.67521,-3.073188,2013,5,121,1
2013-05-01 02:00:00,20.40693,-2.889017,2013,5,121,2
2013-05-01 02:29:59,20.23453,-2.12305,2013,5,121,2
2013-05-01 03:00:00,19.98906,-1.984598,2013,5,121,3
2013-05-01 03:30:00,19.53403,-2.150872,2013,5,121,3
2013-05-01 03:59:59,19.30374,-1.852179,2013,5,121,3
2013-05-01 04:30:00,18.98824,-2.291013,2013,5,121,4
2013-05-01 05:00:00,18.57207,-2.542717,2013,5,121,5
2013-05-01 05:29:59,18.24772,-2.686956,2013,5,121,5
2013-05-01 06:00:00,18.05527,-2.351562,2013,5,121,6
2013-05-01 06:30:00,17.85401,-0.2997437,2013,5,121,6
2013-05-01 06:59:59,17.89585,19.58927,2013,5,121,6
2013-05-01 07:30:00,17.8121,75.1156,2013,5,121,7
2013-05-01 08:00:00,18.19963,130.8205,2013,5,121,8
2013-05-01 08:29:59,19.50194,235.7391,2013,5,121,8
2013-05-01 09:00:00,21.64535,354.2906,2013,5,121,9
2013-05-01 09:30:00,23.20578,368.3059,2013,5,121,9
2013-05-01 09:59:59,24.48795,358.4081,2013,5,121,9
2013-05-01 10:30:00,25.32397,385.6752,2013,5,121,10
2013-05-01 11:00:00,26.52711,413.9313,2013,5,121,11
2013-05-01 11:29:59,27.95841,668.8828,2013,5,121,11
2013-05-01 12:00:00,29.53856,722.496,2013,5,121,12
2013-05-01 12:30:00,30.14022,414.1291,2013,5,121,12
2013-05-01 12:59:59,30.82442,438.6764,2013,5,121,12
2013-05-01 13:30:00,31.5024,432.5228,2013,5,121,13
2013-05-01 14:00:00,31.89653,444.2837,2013,5,121,14
2013-05-01 14:29:59,32.1471,334.0507,2013,5,121,14
2013-05-01 15:00:00,32.34629,349.9839,2013,5,121,15
2013-05-01 15:30:00,32.25592,251.9409,2013,5,121,15
2013-05-01 15:59:59,31.98683,159.4664,2013,5,121,15
2013-05-01 16:30:00,31.87132,101.6878,2013,5,121,16
2013-05-01 17:00:00,31.61249,48.50556,2013,5,121,17
2013-05-01 17:29:59,31.24193,5.284873,2013,5,121,17
2013-05-01 18:00:00,30.76326,-4.198206,2013,5,121,18
2013-05-01 18:30:00,30.2511,-3.898219,2013,5,121,18
2013-05-01 18:59:59,29.67278,-4.141107,2013,5,121,18
2013-05-01 19:30:00,29.32225,-3.618616,2013,5,121,19
2013-05-01 20:00:00,29.18607,-3.293633,2013,5,121,20
2013-05-01 20:29:59,28.5978,-3.391235,2013,5,121,20
2013-05-01 21:00:00,28.00506,-2.720908,2013,5,121,21
2013-05-01 21:30:00,27.55395,-3.237119,2013,5,121,21
2013-05-01 21:59:59,26.79228,-3.125437,2013,5,121,21
2013-05-01 22:30:00,26.33849,-2.863411,2013,5,121,22
2013-05-01 23:00:00,25.81395,-2.994558,2013,5,121,23
2013-05-01 23:29:59,25.26058,-3.250328,2013,5,121,23
2013-05-02 00:00:00,24.68495,-3.05721,2013,5,122,0
2013-05-02 00:30:00,23.92023,-3.14394,2013,5,122,0
2013-05-02 00:59:59,23.56948,-2.541825,2013,5,122,0
2013-05-02 01:30:00,23.2028,-1.565271,2013,5,122,1
2013-05-02 02:00:00,23.1502,-1.782033,2013,5,122,2
2013-05-02 02:29:59,22.77458,-0.810982,2013,5,122,2
2013-05-02 03:00:00,22.90479,-0.5079508,2013,5,122,3
2013-05-02 03:30:00,22.84254,-0.9799865,2013,5,122,3
2013-05-02 03:59:59,22.99544,-0.9419451,2013,5,122,3
2013-05-02 04:30:00,23.45524,-1.665426,2013,5,122,4
2013-05-02 05:00:00,22.9685,-2.169256,2013,5,122,5
2013-05-02 05:29:59,21.74392,-2.316913,2013,5,122,5
2013-05-02 06:00:00,21.08662,-1.542975,2013,5,122,6
2013-05-02 06:30:00,21.37403,-0.3293963,2013,5,122,6
2013-05-02 06:59:59,21.50611,11.14268,2013,5,122,6
2013-05-02 07:30:00,21.65578,60.77071,2013,5,122,7
2013-05-02 08:00:00,21.66907,122.5545,2013,5,122,8
2013-05-02 08:29:59,22.14258,145.884,2013,5,122,8
2013-05-02 09:00:00,23.16983,189.8561,2013,5,122,9
2013-05-02 09:30:00,24.03586,241.1852,2013,5,122,9
2013-05-02 09:59:59,24.56129,362.1042,2013,5,122,9
2013-05-02 10:30:00,25.3799,407.7731,2013,5,122,10
2013-05-02 11:00:00,26.06224,453.7492,2013,5,122,11
2013-05-02 11:29:59,26.39284,375.8923,2013,5,122,11
2013-05-02 12:00:00,26.91284,404.5134,2013,5,122,12
2013-05-02 12:30:00,27.15251,377.6182,2013,5,122,12
2013-05-02 12:59:59,27.56164,533.6542,2013,5,122,12
2013-05-02 13:30:00,27.91526,567.799,2013,5,122,13
2013-05-02 14:00:00,28.33836,344.1294,2013,5,122,14
2013-05-02 14:29:59,28.15883,280.3698,2013,5,122,14
2013-05-02 15:00:00,28.28347,246.0926,2013,5,122,15
2013-05-02 15:30:00,28.52319,158.9784,2013,5,122,15
2013-05-02 15:59:59,28.68474,125.8196,2013,5,122,15
2013-05-02 16:30:00,28.75085,65.92376,2013,5,122,16
2013-05-02 17:00:00,28.08775,37.40872,2013,5,122,17
2013-05-02 17:29:59,26.24476,5.764052,2013,5,122,17
2013-05-02 18:00:00,24.70434,-3.457065,2013,5,122,18
2013-05-02 18:30:00,23.71754,-3.572188,2013,5,122,18
2013-05-02 18:59:59,22.4614,-3.343671,2013,5,122,18
2013-05-02 19:30:00,20.89185,-3.367961,2013,5,122,19
2013-05-02 20:00:00,19.825,-3.091897,2013,5,122,20
2013-05-02 20:29:59,19.46285,-2.906508,2013,5,122,20
2013-05-02 21:00:00,19.23916,-2.642348,2013,5,122,21
2013-05-02 21:30:00,18.92726,-2.598466,2013,5,122,21
2013-05-02 21:59:59,18.71302,-2.768263,2013,5,122,21
2013-05-02 22:30:00,18.54113,-2.689061,2013,5,122,22
2013-05-02 23:00:00,18.28576,-2.632149,2013,5,122,23
2013-05-02 23:29:59,18.1774,-2.649067,2013,5,122,23
2013-05-03 00:00:00,18.00974,-2.563922,2013,5,123,0
2013-05-03 00:30:00,17.78599,-2.677884,2013,5,123,0
2013-05-03 00:59:59,17.64317,-2.193835,2013,5,123,0
2013-05-03 01:30:00,17.48511,-2.035436,2013,5,123,1
2013-05-03 02:00:00,17.22819,-2.670177,2013,5,123,2
2013-05-03 02:29:59,16.96917,-2.526523,2013,5,123,2
2013-05-03 03:00:00,16.90667,-1.965935,2013,5,123,3
2013-05-03 03:30:00,16.91233,-2.025116,2013,5,123,3
2013-05-03 03:59:59,16.85585,-2.078357,2013,5,123,3
2013-05-03 04:30:00,16.70368,-1.793765,2013,5,123,4
2013-05-03 05:00:00,16.55692,-1.752164,2013,5,123,5
2013-05-03 05:29:59,16.41036,-1.387517,2013,5,123,5
2013-05-03 06:00:00,16.37209,-1.703601,2013,5,123,6
2013-05-03 06:30:00,16.26562,-0.1718897,2013,5,123,6
2013-05-03 06:59:59,16.33806,22.55633,2013,5,123,6
2013-05-03 07:30:00,16.10712,65.64981,2013,5,123,7
2013-05-03 08:00:00,16.53883,112.3463,2013,5,123,8
2013-05-03 08:29:59,17.09635,176.8569,2013,5,123,8
2013-05-03 09:00:00,17.83367,362.2148,2013,5,123,9
2013-05-03 09:30:00,18.56303,450.4251,2013,5,123,9
2013-05-03 09:59:59,18.90976,518.3688,2013,5,123,9
2013-05-03 10:30:00,19.65204,670.1536,2013,5,123,10
2013-05-03 11:00:00,20.45482,729.2535,2013,5,123,11
2013-05-03 11:29:59,20.93998,701.7188,2013,5,123,11
2013-05-03 12:00:00,21.97477,725.1197,2013,5,123,12
2013-05-03 12:30:00,22.06916,728.8095,2013,5,123,12
2013-05-03 12:59:59,22.47654,475.8665,2013,5,123,12
2013-05-03 13:30:00,22.25562,258.8467,2013,5,123,13
2013-05-03 14:00:00,23.13673,558.1335,2013,5,123,14
2013-05-03 14:29:59,23.85385,565.9875,2013,5,123,14
2013-05-03 15:00:00,23.69641,410.3994,2013,5,123,15
2013-05-03 15:30:00,23.9242,307.0078,2013,5,123,15
2013-05-03 15:59:59,23.92103,297.733,2013,5,123,15
2013-05-03 16:30:00,23.62016,101.6244,2013,5,123,16
2013-05-03 17:00:00,22.21812,52.09301,2013,5,123,17
2013-05-03 17:29:59,21.49333,5.214347,2013,5,123,17
2013-05-03 18:00:00,20.82219,-3.509282,2013,5,123,18
2013-05-03 18:30:00,20.41863,-3.619156,2013,5,123,18
2013-05-03 18:59:59,19.9401,-3.364572,2013,5,123,18
2013-05-03 19:30:00,19.15808,-2.983524,2013,5,123,19
2013-05-03 20:00:00,18.76726,-2.750939,2013,5,123,20
2013-05-03 20:29:59,18.55409,-2.739452,2013,5,123,20
2013-05-03 21:00:00,18.37098,-2.620158,2013,5,123,21
2013-05-03 21:30:00,18.19212,-2.811731,2013,5,123,21
2013-05-03 21:59:59,17.94308,-3.309032,2013,5,123,21
2013-05-03 22:30:00,17.68461,-3.460681,2013,5,123,22
2013-05-03 23:00:00,17.38822,-3.527129,2013,5,123,23
2013-05-03 23:29:59,17.07688,-3.288559,2013,5,123,23
2013-05-04 00:00:00,16.76368,-2.587811,2013,5,124,0
2013-05-04 00:30:00,16.46648,-3.193331,2013,5,124,0
2013-05-04 00:59:59,16.21044,-3.457503,2013,5,124,0
2013-05-04 01:30:00,15.88582,-3.360098,2013,5,124,1
2013-05-04 02:00:00,15.59678,-2.388525,2013,5,124,2
2013-05-04 02:29:59,15.50474,-3.19865,2013,5,124,2
2013-05-04 03:00:00,15.58265,-3.127303,2013,5,124,3
2013-05-04 03:30:00,15.71574,-3.056333,2013,5,124,3
2013-05-04 03:59:59,15.72259,-3.199363,2013,5,124,3
2013-05-04 04:30:00,15.42125,-3.285574,2013,5,124,4
2013-05-04 05:00:00,14.95547,-2.24969,2013,5,124,5
2013-05-04 05:29:59,14.79958,-2.114532,2013,5,124,5
2013-05-04 06:00:00,14.60496,-1.723156,2013,5,124,6
2013-05-04 06:30:00,14.51685,-1.658607,2013,5,124,6
2013-05-04 06:59:59,14.39972,5.623774,2013,5,124,6
2013-05-04 07:30:00,14.21684,20.84619,2013,5,124,7
2013-05-04 08:00:00,14.67158,203.8963,2013,5,124,8
2013-05-04 08:29:59,15.30009,273.0582,2013,5,124,8
2013-05-04 09:00:00,16.3911,404.9965,2013,5,124,9
2013-05-04 09:30:00,16.98723,489.6914,2013,5,124,9
2013-05-04 09:59:59,17.85689,566.5506,2013,5,124,9
2013-05-04 10:30:00,18.88201,624.7363,2013,5,124,10
2013-05-04 11:00:00,19.75719,669.3123,2013,5,124,11
2013-05-04 11:29:59,21.00433,698.595,2013,5,124,11
2013-05-04 12:00:00,21.83978,708.7801,2013,5,124,12
2013-05-04 12:30:00,22.67196,707.6185,2013,5,124,12
2013-05-04 12:59:59,23.63663,685.108,2013,5,124,12
2013-05-04 13:30:00,24.28988,654.6868,2013,5,124,13
2013-05-04 14:00:00,24.91986,559.2608,2013,5,124,14
2013-05-04 14:29:59,25.09581,521.752,2013,5,124,14
2013-05-04 15:00:00,25.39063,516.8923,2013,5,124,15
2013-05-04 15:30:00,25.58754,358.3049,2013,5,124,15
2013-05-04 15:59:59,25.32924,166.5078,2013,5,124,15
2013-05-04 16:30:00,25.61697,98.38463,2013,5,124,16
2013-05-04 17:00:00,25.46278,96.47958,2013,5,124,17
2013-05-04 17:29:59,24.59865,9.034448,2013,5,124,17
2013-05-04 18:00:00,23.97233,-4.202995,2013,5,124,18
2013-05-04 18:30:00,23.38389,-4.412039,2013,5,124,18
2013-05-04 18:59:59,22.76159,-4.532125,2013,5,124,18
2013-05-04 19:30:00,22.09112,-4.545806,2013,5,124,19
2013-05-04 20:00:00,21.43817,-3.148136,2013,5,124,20
2013-05-04 20:29:59,20.95995,-1.879532,2013,5,124,20
2013-05-04 21:00:00,20.59763,-3.635108,2013,5,124,21
2013-05-04 21:30:00,20.06812,-3.871562,2013,5,124,21
2013-05-04 21:59:59,19.35279,-3.875878,2013,5,124,21
2013-05-04 22:30:00,18.71025,-3.934384,2013,5,124,22
2013-05-04 23:00:00,18.18261,-3.813029,2013,5,124,23
2013-05-04 23:29:59,17.71602,-3.918675,2013,5,124,23
2013-05-05 00:00:00,17.35807,-3.691267,2013,5,125,0
2013-05-05 00:30:00,17.15302,-3.238101,2013,5,125,0
2013-05-05 00:59:59,16.98538,-3.551942,2013,5,125,0
2013-05-05 01:30:00,16.55928,-3.728637,2013,5,125,1
2013-05-05 02:00:00,16.15309,-3.796292,2013,5,125,2
2013-05-05 02:29:59,15.79071,-3.770444,2013,5,125,2
2013-05-05 03:00:00,15.45873,-3.328048,2013,5,125,3
2013-05-05 03:30:00,15.22156,-3.338386,2013,5,125,3
2013-05-05 03:59:59,15.0396,-3.186147,2013,5,125,3
2013-05-05 04:30:00,14.98753,-3.205122,2013,5,125,4
2013-05-05 05:00:00,14.79507,-3.225684,2013,5,125,5
2013-05-05 05:29:59,14.53303,-3.336821,2013,5,125,5
2013-05-05 06:00:00,14.20341,-3.274671,2013,5,125,6
2013-05-05 06:30:00,13.96285,-1.678151,2013,5,125,6
2013-05-05 06:59:59,13.88211,17.4573,2013,5,125,6
2013-05-05 07:30:00,14.13012,92.52374,2013,5,125,7
2013-05-05 08:00:00,15.16963,200.6508,2013,5,125,8
2013-05-05 08:29:59,16.35873,309.6002,2013,5,125,8
2013-05-05 09:00:00,17.54764,408.9116,2013,5,125,9
2013-05-05 09:30:00,19.1989,505.024,2013,5,125,9
2013-05-05 09:59:59,20.74154,564.6909,2013,5,125,9
2013-05-05 10:30:00,21.93085,618.0085,2013,5,125,10
2013-05-05 11:00:00,22.83431,674.2623,2013,5,125,11
2013-05-05 11:29:59,23.54325,700.9236,2013,5,125,11
2013-05-05 12:00:00,24.31609,704.3391,2013,5,125,12
2013-05-05 12:30:00,25.12196,630.7319,2013,5,125,12
2013-05-05 12:59:59,25.3492,551.1096,2013,5,125,12
2013-05-05 13:30:00,26.01061,581.1092,2013,5,125,13
2013-05-05 14:00:00,26.29078,596.8522,2013,5,125,14
2013-05-05 14:29:59,26.7873,531.84,2013,5,125,14
2013-05-05 15:00:00,26.98175,474.2827,2013,5,125,15
2013-05-05 15:30:00,26.98816,342.3889,2013,5,125,15
2013-05-05 15:59:59,27.03933,255.7556,2013,5,125,15
2013-05-05 16:30:00,26.96788,181.5253,2013,5,125,16
2013-05-05 17:00:00,26.73702,50.03925,2013,5,125,17
2013-05-05 17:29:59,26.22826,2.149675,2013,5,125,17
2013-05-05 18:00:00,25.47349,-4.473228,2013,5,125,18
2013-05-05 18:30:00,24.62041,-4.281681,2013,5,125,18
2013-05-05 18:59:59,24.06804,-3.998588,2013,5,125,18
2013-05-05 19:30:00,23.69373,-3.726903,2013,5,125,19
2013-05-05 20:00:00,23.05464,-3.895513,2013,5,125,20
2013-05-05 20:29:59,22.64388,-3.491494,2013,5,125,20
2013-05-05 21:00:00,22.37104,-3.744109,2013,5,125,21
2013-05-05 21:30:00,21.40797,-3.850195,2013,5,125,21
2013-05-05 21:59:59,20.6957,-3.064037,2013,5,125,21
2013-05-05 22:30:00,20.4081,-2.798369,2013,5,125,22
2013-05-05 23:00:00,20.08333,-3.344372,2013,5,125,23
2013-05-05 23:29:59,19.89,-2.74294,2013,5,125,23
2013-05-06 00:00:00,19.78012,-2.369308,2013,5,126,0
2013-05-06 00:30:00,19.42146,-2.225532,2013,5,126,0
2013-05-06 00:59:59,18.99018,-2.089969,2013,5,126,0
2013-05-06 01:30:00,19.18329,-1.571995,2013,5,126,1
2013-05-06 02:00:00,19.04017,-2.191942,2013,5,126,2
2013-05-06 02:29:59,18.85122,-2.697399,2013,5,126,2
2013-05-06 03:00:00,18.59913,-2.843391,2013,5,126,3
2013-05-06 03:30:00,18.33716,-2.97394,2013,5,126,3
2013-05-06 03:59:59,18.00271,-2.87584,2013,5,126,3
2013-05-06 04:30:00,17.59413,-2.647014,2013,5,126,4
2013-05-06 05:00:00,17.35884,-2.473744,2013,5,126,5
2013-05-06 05:29:59,17.39351,-2.33706,2013,5,126,5
2013-05-06 06:00:00,17.15527,-2.410031,2013,5,126,6
2013-05-06 06:30:00,16.85224,0.1655422,2013,5,126,6
2013-05-06 06:59:59,16.73433,20.9394,2013,5,126,6
2013-05-06 07:30:00,16.49196,58.53151,2013,5,126,7
2013-05-06 08:00:00,16.70483,99.8029,2013,5,126,8
2013-05-06 08:29:59,16.98071,167.8514,2013,5,126,8
2013-05-06 09:00:00,18.74586,263.0694,2013,5,126,9
2013-05-06 09:30:00,20.37565,259.6498,2013,5,126,9
2013-05-06 09:59:59,21.67359,341.6064,2013,5,126,9
2013-05-06 10:30:00,22.93184,410.4977,2013,5,126,10
2013-05-06 11:00:00,24.53697,607.6383,2013,5,126,11
2013-05-06 11:29:59,25.81091,603.1801,2013,5,126,11
2013-05-06 12:00:00,26.67638,657.1285,2013,5,126,12
2013-05-06 12:30:00,27.3338,624.6983,2013,5,126,12
2013-05-06 12:59:59,27.96381,597.5388,2013,5,126,12
2013-05-06 13:30:00,28.59962,592.8312,2013,5,126,13
2013-05-06 14:00:00,28.97507,611.7064,2013,5,126,14
2013-05-06 14:29:59,29.35899,431.2998,2013,5,126,14
2013-05-06 15:00:00,29.51616,400.6179,2013,5,126,15
2013-05-06 15:30:00,29.82149,375.4958,2013,5,126,15
2013-05-06 15:59:59,29.55408,197.271,2013,5,126,15
2013-05-06 16:30:00,29.42644,150.2282,2013,5,126,16
2013-05-06 17:00:00,29.11575,37.32793,2013,5,126,17
2013-05-06 17:29:59,28.6768,2.765269,2013,5,126,17
2013-05-06 18:00:00,27.76635,-4.371198,2013,5,126,18
2013-05-06 18:30:00,26.8766,-4.749422,2013,5,126,18
2013-05-06 18:59:59,26.24405,-4.562634,2013,5,126,18
2013-05-06 19:30:00,25.44311,-3.755363,2013,5,126,19
2013-05-06 20:00:00,25.03342,-2.869134,2013,5,126,20
2013-05-06 20:29:59,24.88721,-2.887274,2013,5,126,20
2013-05-06 21:00:00,24.97795,-3.011512,2013,5,126,21
2013-05-06 21:30:00,24.62634,-3.955637,2013,5,126,21
2013-05-06 21:59:59,23.97192,-3.600851,2013,5,126,21
2013-05-06 22:30:00,23.49693,-1.96788,2013,5,126,22
2013-05-06 23:00:00,23.27684,-1.785434,2013,5,126,23
2013-05-06 23:29:59,23.49786,-1.768568,2013,5,126,23
2013-05-07 00:00:00,23.43826,-2.713348,2013,5,127,0
2013-05-07 00:30:00,23.16441,-2.896533,2013,5,127,0
2013-05-07 00:59:59,22.9425,-2.72704,2013,5,127,0
2013-05-07 01:30:00,22.72993,-3.517185,2013,5,127,1
2013-05-07 02:00:00,22.61295,-3.620374,2013,5,127,2
2013-05-07 02:29:59,22.0002,-3.923486,2013,5,127,2
2013-05-07 03:00:00,21.33274,-3.221271,2013,5,127,3
2013-05-07 03:30:00,21.36302,-3.2718,2013,5,127,3
2013-05-07 03:59:59,20.96869,-3.319323,2013,5,127,3
2013-05-07 04:30:00,20.98639,-2.825702,2013,5,127,4
2013-05-07 05:00:00,20.72937,-2.369477,2013,5,127,5
2013-05-07 05:29:59,20.5765,-2.471191,2013,5,127,5
2013-05-07 06:00:00,21.12846,-2.079026,2013,5,127,6
2013-05-07 06:30:00,21.14409,-1.926781,2013,5,127,6
2013-05-07 06:59:59,21.09556,6.912667,2013,5,127,6
2013-05-07 07:30:00,21.01581,36.70302,2013,5,127,7
2013-05-07 08:00:00,21.09667,75.87641,2013,5,127,8
2013-05-07 08:29:59,21.23357,136.7002,2013,5,127,8
2013-05-07 09:00:00,21.15883,190.1408,2013,5,127,9
2013-05-07 09:30:00,22.04136,324.9714,2013,5,127,9
2013-05-07 09:59:59,23.1012,263.7988,2013,5,127,9
2013-05-07 10:30:00,24.59842,284.9264,2013,5,127,10
2013-05-07 11:00:00,26.19508,422.2302,2013,5,127,11
2013-05-07 11:29:59,26.44198,379.4565,2013,5,127,11
2013-05-07 12:00:00,27.28932,441.8247,2013,5,127,12
2013-05-07 12:30:00,27.92672,551.6274,2013,5,127,12
2013-05-07 12:59:59,28.29308,473.5887,2013,5,127,12
2013-05-07 13:30:00,28.06532,441.9828,2013,5,127,13
2013-05-07 14:00:00,28.33794,328.6184,2013,5,127,14
2013-05-07 14:29:59,28.25697,352.9058,2013,5,127,14
2013-05-07 15:00:00,28.3891,439.8963,2013,5,127,15
2013-05-07 15:30:00,28.44306,369.9222,2013,5,127,15
2013-05-07 15:59:59,28.56276,288.8819,2013,5,127,15
2013-05-07 16:30:00,28.20564,141.9106,2013,5,127,16
2013-05-07 17:00:00,27.91745,55.84092,2013,5,127,17
2013-05-07 17:29:59,27.68792,4.96496,2013,5,127,17
2013-05-07 18:00:00,27.06837,-4.656346,2013,5,127,18
2013-05-07 18:30:00,26.37213,-3.807315,2013,5,127,18
2013-05-07 18:59:59,26.2243,-2.241406,2013,5,127,18
2013-05-07 19:30:00,25.83342,-5.339136,2013,5,127,19
2013-05-07 20:00:00,25.8947,-1.685,2013,5,127,20
2013-05-07 20:29:59,25.66588,-4.225313,2013,5,127,20
2013-05-07 21:00:00,24.87648,-4.416363,2013,5,127,21
2013-05-07 21:30:00,24.21442,-3.245371,2013,5,127,21
2013-05-07 21:59:59,23.17678,-4.009317,2013,5,127,21
2013-05-07 22:30:00,22.12311,-2.195448,2013,5,127,22
2013-05-07 23:00:00,21.83309,-2.257616,2013,5,127,23
2013-05-07 23:29:59,22.18431,-1.374839,2013,5,127,23
2013-05-08 00:00:00,22.23232,-1.699345,2013,5,128,0
2013-05-08 00:30:00,22.19617,-2.385649,2013,5,128,0
2013-05-08 00:59:59,22.39831,NA,2013,5,128,0
2013-05-08 01:30:00,21.92545,-3.975394,2013,5,128,1
2013-05-08 02:00:00,21.50277,-2.467532,2013,5,128,2
2013-05-08 02:29:59,21.17863,-1.85374,2013,5,128,2
2013-05-08 03:00:00,21.34153,-4.51827,2013,5,128,3
2013-05-08 03:30:00,21.83183,-1.557701,2013,5,128,3
2013-05-08 03:59:59,21.85406,-2.627606,2013,5,128,3
2013-05-08 04:30:00,21.41431,-6.964207,2013,5,128,4
2013-05-08 05:00:00,22.15681,-9.874124,2013,5,128,5
2013-05-08 05:29:59,21.65508,-1.975814,2013,5,128,5
2013-05-08 06:00:00,21.6894,-1.001831,2013,5,128,6
2013-05-08 06:30:00,21.51925,-3.148188,2013,5,128,6
2013-05-08 06:59:59,22.77876,-2.188371,2013,5,128,6
2013-05-08 07:30:00,21.46116,4.118815,2013,5,128,7
2013-05-08 08:00:00,21.44061,26.04879,2013,5,128,8
2013-05-08 08:29:59,20.24275,17.5232,2013,5,128,8
2013-05-08 09:00:00,18.11521,62.08461,2013,5,128,9
2013-05-08 09:30:00,18.38404,56.57319,2013,5,128,9
2013-05-08 09:59:59,19.10123,63.02952,2013,5,128,9
2013-05-08 10:30:00,18.72609,67.37811,2013,5,128,10
2013-05-08 11:00:00,19.27989,216.4094,2013,5,128,11
2013-05-08 11:29:59,19.39854,256.8297,2013,5,128,11
2013-05-08 12:00:00,19.7894,371.1797,2013,5,128,12
2013-05-08 12:30:00,20.58273,319.3586,2013,5,128,12
2013-05-08 12:59:59,20.85654,247.8483,2013,5,128,12
2013-05-08 13:30:00,21.34364,187.2312,2013,5,128,13
2013-05-08 14:00:00,20.88554,228.698,2013,5,128,14
2013-05-08 14:29:59,20.90003,121.1823,2013,5,128,14
2013-05-08 15:00:00,20.91464,107.9174,2013,5,128,15
2013-05-08 15:30:00,21.59638,54.51926,2013,5,128,15
2013-05-08 15:59:59,21.27956,38.61459,2013,5,128,15
2013-05-08 16:30:00,17.89443,-0.1326451,2013,5,128,16
2013-05-08 17:00:00,17.10288,0.7804222,2013,5,128,17
2013-05-08 17:29:59,16.72808,5.412183,2013,5,128,17
2013-05-08 18:00:00,16.81719,0.01657909,2013,5,128,18
2013-05-08 18:30:00,16.79577,-0.0819468,2013,5,128,18
2013-05-08 18:59:59,16.84161,-0.1631803,2013,5,128,18
2013-05-08 19:30:00,17.02902,-0.9529129,2013,5,128,19
2013-05-08 20:00:00,17.28801,-1.01476,2013,5,128,20
2013-05-08 20:29:59,17.34641,-0.765181,2013,5,128,20
2013-05-08 21:00:00,16.60821,-1.313303,2013,5,128,21
2013-05-08 21:30:00,16.34035,-2.499055,2013,5,128,21
2013-05-08 21:59:59,15.75726,-3.395241,2013,5,128,21
2013-05-08 22:30:00,15.27935,-3.501319,2013,5,128,22
2013-05-08 23:00:00,14.84254,-3.515446,2013,5,128,23
2013-05-08 23:29:59,14.56649,-3.429634,2013,5,128,23
2013-05-09 00:00:00,14.19864,-3.742798,2013,5,129,0
2013-05-09 00:30:00,13.84425,-3.546967,2013,5,129,0
2013-05-09 00:59:59,13.61874,-3.42622,2013,5,129,0
2013-05-09 01:30:00,13.31239,-3.486383,2013,5,129,1
2013-05-09 02:00:00,13.04693,-3.356577,2013,5,129,2
2013-05-09 02:29:59,12.7588,-3.28923,2013,5,129,2
2013-05-09 03:00:00,12.54718,-1.820908,2013,5,129,3
2013-05-09 03:30:00,12.4433,-2.47312,2013,5,129,3
2013-05-09 03:59:59,12.24951,-2.532162,2013,5,129,3
2013-05-09 04:30:00,12.12181,-3.179265,2013,5,129,4
2013-05-09 05:00:00,11.96038,-3.269986,2013,5,129,5
2013-05-09 05:29:59,11.88916,-3.493634,2013,5,129,5
2013-05-09 06:00:00,11.72036,-3.497963,2013,5,129,6
2013-05-09 06:30:00,11.5536,-2.870887,2013,5,129,6
2013-05-09 06:59:59,11.49936,15.89319,2013,5,129,6
2013-05-09 07:30:00,11.67133,95.56217,2013,5,129,7
2013-05-09 08:00:00,12.19134,196.4909,2013,5,129,8
2013-05-09 08:29:59,12.85545,297.746,2013,5,129,8
2013-05-09 09:00:00,13.39475,387.5023,2013,5,129,9
2013-05-09 09:30:00,13.84121,410.5896,2013,5,129,9
2013-05-09 09:59:59,14.54305,491.582,2013,5,129,9
2013-05-09 10:30:00,14.69108,454.1452,2013,5,129,10
2013-05-09 11:00:00,15.32378,653.8736,2013,5,129,11
2013-05-09 11:29:59,15.62865,705.1988,2013,5,129,11
2013-05-09 12:00:00,16.13336,732.2527,2013,5,129,12
2013-05-09 12:30:00,16.53357,722.2623,2013,5,129,12
2013-05-09 12:59:59,17.11256,703.6741,2013,5,129,12
2013-05-09 13:30:00,17.52972,667.4357,2013,5,129,13
2013-05-09 14:00:00,17.77692,618.0662,2013,5,129,14
2013-05-09 14:29:59,18.19426,551.8293,2013,5,129,14
2013-05-09 15:00:00,18.40705,465.4479,2013,5,129,15
2013-05-09 15:30:00,18.4369,379.0577,2013,5,129,15
2013-05-09 15:59:59,18.56454,270.821,2013,5,129,15
2013-05-09 16:30:00,18.65951,174.8947,2013,5,129,16
2013-05-09 17:00:00,18.43591,65.60474,2013,5,129,17
2013-05-09 17:29:59,17.97583,3.89042,2013,5,129,17
2013-05-09 18:00:00,17.39942,-4.719241,2013,5,129,18
2013-05-09 18:30:00,16.82893,-4.690452,2013,5,129,18
2013-05-09 18:59:59,16.15494,-4.619498,2013,5,129,18
2013-05-09 19:30:00,15.53448,-3.736172,2013,5,129,19
2013-05-09 20:00:00,15.58077,-2.007171,2013,5,129,20
2013-05-09 20:29:59,15.55906,-4.138452,2013,5,129,20
2013-05-09 21:00:00,15.12711,-3.376477,2013,5,129,21
2013-05-09 21:30:00,14.73286,-3.90309,2013,5,129,21
2013-05-09 21:59:59,14.46694,-3.869377,2013,5,129,21
2013-05-09 22:30:00,14.02036,-3.812821,2013,5,129,22
2013-05-09 23:00:00,13.6887,-3.658345,2013,5,129,23
2013-05-09 23:29:59,13.45134,-3.498836,2013,5,129,23
2013-05-10 00:00:00,13.57348,-3.42272,2013,5,130,0
2013-05-10 00:30:00,13.44449,-3.533009,2013,5,130,0
2013-05-10 00:59:59,13.22865,-3.589224,2013,5,130,0
2013-05-10 01:30:00,12.89386,-3.583653,2013,5,130,1
2013-05-10 02:00:00,12.74704,-3.338453,2013,5,130,2
2013-05-10 02:29:59,12.39582,-3.388781,2013,5,130,2
2013-05-10 03:00:00,12.14043,-3.003776,2013,5,130,3
2013-05-10 03:30:00,12.14377,-2.629076,2013,5,130,3
2013-05-10 03:59:59,12.00635,-1.913605,2013,5,130,3
2013-05-10 04:30:00,11.97133,-2.461859,2013,5,130,4
2013-05-10 05:00:00,12.19686,-3.150063,2013,5,130,5
2013-05-10 05:29:59,12.02796,-2.656685,2013,5,130,5
2013-05-10 06:00:00,12.09485,-0.9197624,2013,5,130,6
2013-05-10 06:30:00,11.92868,-1.94684,2013,5,130,6
2013-05-10 06:59:59,11.77424,2.56515,2013,5,130,6
2013-05-10 07:30:00,12.02487,59.09534,2013,5,130,7
2013-05-10 08:00:00,12.52775,184.657,2013,5,130,8
2013-05-10 08:29:59,13.2476,300.8209,2013,5,130,8
2013-05-10 09:00:00,13.98474,403.7437,2013,5,130,9
2013-05-10 09:30:00,14.68194,476.9553,2013,5,130,9
2013-05-10 09:59:59,15.02206,564.514,2013,5,130,9
2013-05-10 10:30:00,15.227,549.3901,2013,5,130,10
2013-05-10 11:00:00,15.48884,589.7535,2013,5,130,11
2013-05-10 11:29:59,16.01091,684.6475,2013,5,130,11
2013-05-10 12:00:00,16.35385,681.1798,2013,5,130,12
2013-05-10 12:30:00,16.97356,721.5153,2013,5,130,12
2013-05-10 12:59:59,17.09908,630.0245,2013,5,130,12
2013-05-10 13:30:00,17.20448,472.1786,2013,5,130,13
2013-05-10 14:00:00,17.67556,660.7797,2013,5,130,14
2013-05-10 14:29:59,17.95774,540.4479,2013,5,130,14
2013-05-10 15:00:00,18.26113,493.1568,2013,5,130,15
2013-05-10 15:30:00,18.51343,408.2265,2013,5,130,15
2013-05-10 15:59:59,18.1936,281.7029,2013,5,130,15
2013-05-10 16:30:00,18.13395,190.9994,2013,5,130,16
2013-05-10 17:00:00,17.81338,72.55437,2013,5,130,17
2013-05-10 17:29:59,17.20658,4.187773,2013,5,130,17
2013-05-10 18:00:00,16.63365,-5.071601,2013,5,130,18
2013-05-10 18:30:00,16.09932,-4.694394,2013,5,130,18
2013-05-10 18:59:59,15.69222,-4.27203,2013,5,130,18
2013-05-10 19:30:00,15.34334,-4.104667,2013,5,130,19
2013-05-10 20:00:00,15.04543,-3.899901,2013,5,130,20
2013-05-10 20:29:59,14.74938,-4.267637,2013,5,130,20
2013-05-10 21:00:00,14.37695,-3.612988,2013,5,130,21
2013-05-10 21:30:00,14.59085,-3.371143,2013,5,130,21
2013-05-10 21:59:59,14.75258,-3.518044,2013,5,130,21
2013-05-10 22:30:00,14.31662,-3.782897,2013,5,130,22
2013-05-10 23:00:00,14.16811,-3.827455,2013,5,130,23
2013-05-10 23:29:59,13.13532,-3.877796,2013,5,130,23
2013-05-11 00:00:00,12.76193,-3.838515,2013,5,131,0
2013-05-11 00:30:00,12.28412,-4.000848,2013,5,131,0
2013-05-11 00:59:59,11.96382,-3.964177,2013,5,131,0
2013-05-11 01:30:00,11.60673,-3.83617,2013,5,131,1
2013-05-11 02:00:00,11.43775,-3.951976,2013,5,131,2
2013-05-11 02:29:59,11.07194,-3.938299,2013,5,131,2
2013-05-11 03:00:00,10.75015,-3.795883,2013,5,131,3
2013-05-11 03:30:00,10.72786,-3.820246,2013,5,131,3
2013-05-11 03:59:59,10.39265,-4.017935,2013,5,131,3
2013-05-11 04:30:00,9.9377,-3.923331,2013,5,131,4
2013-05-11 05:00:00,9.540984,-3.863924,2013,5,131,5
2013-05-11 05:29:59,9.709154,-3.413544,2013,5,131,5
2013-05-11 06:00:00,9.652094,-3.686171,2013,5,131,6
2013-05-11 06:30:00,9.528548,-2.903713,2013,5,131,6
2013-05-11 06:59:59,9.794949,18.33545,2013,5,131,6
2013-05-11 07:30:00,10.07226,93.1237,2013,5,131,7
2013-05-11 08:00:00,10.88786,199.703,2013,5,131,8
2013-05-11 08:29:59,12.20052,316.9937,2013,5,131,8
2013-05-11 09:00:00,12.97756,376.6853,2013,5,131,9
2013-05-11 09:30:00,14.04385,453.2842,2013,5,131,9
2013-05-11 09:59:59,14.87652,519.0363,2013,5,131,9
2013-05-11 10:30:00,15.08126,471.7503,2013,5,131,10
2013-05-11 11:00:00,15.54488,660.6204,2013,5,131,11
2013-05-11 11:29:59,15.64031,616.0878,2013,5,131,11
2013-05-11 12:00:00,15.83439,537.8809,2013,5,131,12
2013-05-11 12:30:00,15.86027,582.6835,2013,5,131,12
2013-05-11 12:59:59,16.2208,632.3666,2013,5,131,12
2013-05-11 13:30:00,16.50597,671.8453,2013,5,131,13
2013-05-11 14:00:00,17.00517,607.9408,2013,5,131,14
2013-05-11 14:29:59,17.14216,540.3456,2013,5,131,14
2013-05-11 15:00:00,17.38508,460.3739,2013,5,131,15
2013-05-11 15:30:00,17.32805,368.9131,2013,5,131,15
2013-05-11 15:59:59,17.57595,270.0493,2013,5,131,15
2013-05-11 16:30:00,17.42469,167.4078,2013,5,131,16
2013-05-11 17:00:00,17.17211,68.19729,2013,5,131,17
2013-05-11 17:29:59,16.56333,4.098073,2013,5,131,17
2013-05-11 18:00:00,15.91524,-4.844188,2013,5,131,18
2013-05-11 18:30:00,15.38154,-4.737834,2013,5,131,18
2013-05-11 18:59:59,14.92661,-4.561513,2013,5,131,18
2013-05-11 19:30:00,14.52085,-4.456285,2013,5,131,19
2013-05-11 20:00:00,14.28181,-4.301923,2013,5,131,20
2013-05-11 20:29:59,13.96129,-4.142383,2013,5,131,20
2013-05-11 21:00:00,13.31973,-4.095752,2013,5,131,21
2013-05-11 21:30:00,12.80284,-4.120233,2013,5,131,21
2013-05-11 21:59:59,12.37756,-4.119478,2013,5,131,21
2013-05-11 22:30:00,12.02867,-4.028113,2013,5,131,22
2013-05-11 23:00:00,11.75741,-4.074765,2013,5,131,23
2013-05-11 23:29:59,11.32759,-4.061659,2013,5,131,23
2013-05-12 00:00:00,11.00492,-3.901548,2013,5,132,0
2013-05-12 00:30:00,10.63778,-4.122776,2013,5,132,0
2013-05-12 00:59:59,10.19436,-4.149912,2013,5,132,0
2013-05-12 01:30:00,9.820326,-3.874619,2013,5,132,1
2013-05-12 02:00:00,9.590439,-3.471576,2013,5,132,2
2013-05-12 02:29:59,9.262311,-3.87856,2013,5,132,2
2013-05-12 03:00:00,9.034122,-4.082095,2013,5,132,3
2013-05-12 03:30:00,8.877692,-3.690592,2013,5,132,3
2013-05-12 03:59:59,8.807163,-3.594056,2013,5,132,3
2013-05-12 04:30:00,8.221709,-3.756222,2013,5,132,4
2013-05-12 05:00:00,7.92094,-3.592987,2013,5,132,5
2013-05-12 05:29:59,7.930551,-3.067657,2013,5,132,5
2013-05-12 06:00:00,8.219278,-3.224374,2013,5,132,6
2013-05-12 06:30:00,8.124514,-2.588949,2013,5,132,6
2013-05-12 06:59:59,8.464403,17.84591,2013,5,132,6
2013-05-12 07:30:00,8.888186,91.47336,2013,5,132,7
2013-05-12 08:00:00,10.04795,189.1222,2013,5,132,8
2013-05-12 08:29:59,11.90235,290.769,2013,5,132,8
2013-05-12 09:00:00,12.95364,388.5025,2013,5,132,9
2013-05-12 09:30:00,13.74524,475.1988,2013,5,132,9
2013-05-12 09:59:59,14.10246,549.8293,2013,5,132,9
2013-05-12 10:30:00,14.65698,611.6535,2013,5,132,10
2013-05-12 11:00:00,15.20609,665.1864,2013,5,132,11
2013-05-12 11:29:59,15.66399,684.9341,2013,5,132,11
2013-05-12 12:00:00,16.03745,679.8348,2013,5,132,12
2013-05-12 12:30:00,16.56424,673.8635,2013,5,132,12
2013-05-12 12:59:59,16.77045,673.983,2013,5,132,12
2013-05-12 13:30:00,17.07792,646.3865,2013,5,132,13
2013-05-12 14:00:00,17.24071,394.5804,2013,5,132,14
2013-05-12 14:29:59,17.22781,551.712,2013,5,132,14
2013-05-12 15:00:00,17.66745,509.1484,2013,5,132,15
2013-05-12 15:30:00,17.53384,371.2758,2013,5,132,15
2013-05-12 15:59:59,17.21844,260.7236,2013,5,132,15
2013-05-12 16:30:00,16.72898,156.9237,2013,5,132,16
2013-05-12 17:00:00,16.41045,67.32467,2013,5,132,17
2013-05-12 17:29:59,15.81166,6.634178,2013,5,132,17
2013-05-12 18:00:00,15.38786,-3.298125,2013,5,132,18
2013-05-12 18:30:00,14.95292,-4.459174,2013,5,132,18
2013-05-12 18:59:59,14.74903,-3.015186,2013,5,132,18
2013-05-12 19:30:00,14.84899,-2.892727,2013,5,132,19
2013-05-12 20:00:00,14.80623,-4.682427,2013,5,132,20
2013-05-12 20:29:59,14.55085,-4.186178,2013,5,132,20
2013-05-12 21:00:00,14.20511,-4.306252,2013,5,132,21
2013-05-12 21:30:00,13.73957,-3.91966,2013,5,132,21
2013-05-12 21:59:59,13.44295,-3.432691,2013,5,132,21
2013-05-12 22:30:00,13.26036,-3.022984,2013,5,132,22
2013-05-12 23:00:00,12.7438,-1.847937,2013,5,132,23
2013-05-12 23:29:59,12.48136,-0.8740451,2013,5,132,23
2013-05-13 00:00:00,12.09686,-0.8746634,2013,5,133,0
2013-05-13 00:30:00,12.26603,-0.7534011,2013,5,133,0
2013-05-13 00:59:59,12.63811,-1.552778,2013,5,133,0
2013-05-13 01:30:00,12.52483,-3.04366,2013,5,133,1
2013-05-13 02:00:00,12.04049,-2.916524,2013,5,133,2
2013-05-13 02:29:59,11.80422,-1.970581,2013,5,133,2
2013-05-13 03:00:00,11.70216,-2.445855,2013,5,133,3
2013-05-13 03:30:00,11.38596,-2.726679,2013,5,133,3
2013-05-13 03:59:59,11.13946,-1.339328,2013,5,133,3
2013-05-13 04:30:00,10.97256,-2.501868,2013,5,133,4
2013-05-13 05:00:00,10.56949,-2.870914,2013,5,133,5
2013-05-13 05:29:59,10.44272,-2.417748,2013,5,133,5
2013-05-13 06:00:00,10.5403,-1.074234,2013,5,133,6
2013-05-13 06:30:00,10.7527,-1.056604,2013,5,133,6
2013-05-13 06:59:59,10.61381,11.77829,2013,5,133,6
2013-05-13 07:30:00,10.68163,57.0859,2013,5,133,7
2013-05-13 08:00:00,11.09444,135.3338,2013,5,133,8
2013-05-13 08:29:59,11.6348,190.2225,2013,5,133,8
2013-05-13 09:00:00,11.99876,187.8173,2013,5,133,9
2013-05-13 09:30:00,12.07414,173.318,2013,5,133,9
2013-05-13 09:59:59,12.23276,218.3928,2013,5,133,9
2013-05-13 10:30:00,12.43787,192.6473,2013,5,133,10
2013-05-13 11:00:00,12.44706,221.6749,2013,5,133,11
2013-05-13 11:29:59,12.67141,210.963,2013,5,133,11
2013-05-13 12:00:00,12.91313,258.0306,2013,5,133,12
2013-05-13 12:30:00,13.14641,325.7787,2013,5,133,12
2013-05-13 12:59:59,13.32116,346.0712,2013,5,133,12
2013-05-13 13:30:00,13.69515,347.1721,2013,5,133,13
2013-05-13 14:00:00,13.96352,363.6924,2013,5,133,14
2013-05-13 14:29:59,14.43921,483.1765,2013,5,133,14
2013-05-13 15:00:00,14.73978,445.6224,2013,5,133,15
2013-05-13 15:30:00,14.97091,329.6219,2013,5,133,15
2013-05-13 15:59:59,15.2772,256.0045,2013,5,133,15
2013-05-13 16:30:00,15.1181,113.4673,2013,5,133,16
2013-05-13 17:00:00,14.94527,36.66874,2013,5,133,17
2013-05-13 17:29:59,14.54459,0.01521639,2013,5,133,17
2013-05-13 18:00:00,14.05285,-4.461795,2013,5,133,18
2013-05-13 18:30:00,13.65489,-4.199247,2013,5,133,18
2013-05-13 18:59:59,13.30721,-4.172143,2013,5,133,18
2013-05-13 19:30:00,12.99765,-3.888314,2013,5,133,19
2013-05-13 20:00:00,12.75018,-3.91571,2013,5,133,20
2013-05-13 20:29:59,12.44409,-3.739243,2013,5,133,20
2013-05-13 21:00:00,12.25311,-3.393459,2013,5,133,21
2013-05-13 21:30:00,12.05883,-3.242833,2013,5,133,21
2013-05-13 21:59:59,11.82948,-3.27099,2013,5,133,21
2013-05-13 22:30:00,11.70103,-2.844896,2013,5,133,22
2013-05-13 23:00:00,11.71289,-2.987317,2013,5,133,23
2013-05-13 23:29:59,11.67612,-2.947171,2013,5,133,23
2013-05-14 00:00:00,11.52178,-3.545895,2013,5,134,0
2013-05-14 00:30:00,11.28914,-3.425506,2013,5,134,0
2013-05-14 00:59:59,10.96495,-3.129274,2013,5,134,0
2013-05-14 01:30:00,10.71436,-3.175456,2013,5,134,1
2013-05-14 02:00:00,10.61812,-2.809748,2013,5,134,2
2013-05-14 02:29:59,10.76715,-2.614591,2013,5,134,2
2013-05-14 03:00:00,10.98923,-2.415729,2013,5,134,3
2013-05-14 03:30:00,10.91481,-2.541994,2013,5,134,3
2013-05-14 03:59:59,10.78015,-2.264375,2013,5,134,3
2013-05-14 04:30:00,9.82488,-2.871334,2013,5,134,4
2013-05-14 05:00:00,9.492348,-2.528054,2013,5,134,5
2013-05-14 05:29:59,9.377821,-2.366382,2013,5,134,5
2013-05-14 06:00:00,9.292027,-2.116777,2013,5,134,6
2013-05-14 06:30:00,9.576956,-1.800636,2013,5,134,6
2013-05-14 06:59:59,9.400734,4.764694,2013,5,134,6
2013-05-14 07:30:00,9.605674,30.62337,2013,5,134,7
2013-05-14 08:00:00,9.489047,68.09889,2013,5,134,8
2013-05-14 08:29:59,9.47644,109.018,2013,5,134,8
2013-05-14 09:00:00,9.879064,177.0078,2013,5,134,9
2013-05-14 09:30:00,10.86296,206.6415,2013,5,134,9
2013-05-14 09:59:59,11.88338,252.274,2013,5,134,9
2013-05-14 10:30:00,13.11179,278.7618,2013,5,134,10
2013-05-14 11:00:00,13.76968,326.7153,2013,5,134,11
2013-05-14 11:29:59,14.20342,318.8309,2013,5,134,11
2013-05-14 12:00:00,14.33916,320.9087,2013,5,134,12
2013-05-14 12:30:00,14.70016,350.519,2013,5,134,12
2013-05-14 12:59:59,14.9319,276.082,2013,5,134,12
2013-05-14 13:30:00,14.91564,206.5757,2013,5,134,13
2013-05-14 14:00:00,15.05543,201.5664,2013,5,134,14
2013-05-14 14:29:59,15.05025,175.6745,2013,5,134,14
2013-05-14 15:00:00,15.0865,137.677,2013,5,134,15
2013-05-14 15:30:00,15.15667,96.50117,2013,5,134,15
2013-05-14 15:59:59,15.08575,78.92612,2013,5,134,15
2013-05-14 16:30:00,15.07021,53.65495,2013,5,134,16
2013-05-14 17:00:00,14.96757,21.10033,2013,5,134,17
2013-05-14 17:29:59,14.82608,1.974583,2013,5,134,17
2013-05-14 18:00:00,14.59954,-1.82701,2013,5,134,18
2013-05-14 18:30:00,14.35349,-2.802243,2013,5,134,18
2013-05-14 18:59:59,13.9488,-2.957351,2013,5,134,18
2013-05-14 19:30:00,13.70329,-1.277844,2013,5,134,19
2013-05-14 20:00:00,13.54883,-1.54954,2013,5,134,20
2013-05-14 20:29:59,13.31748,-3.570991,2013,5,134,20
2013-05-14 21:00:00,12.84697,-2.607577,2013,5,134,21
2013-05-14 21:30:00,12.21305,-2.394809,2013,5,134,21
2013-05-14 21:59:59,11.80101,-3.477895,2013,5,134,21
2013-05-14 22:30:00,11.46316,-2.280018,2013,5,134,22
2013-05-14 23:00:00,11.32207,-0.8101527,2013,5,134,23
2013-05-14 23:29:59,11.37184,-0.7677812,2013,5,134,23
2013-05-15 00:00:00,11.23136,-0.9931321,2013,5,135,0
2013-05-15 00:30:00,11.13512,-0.6288888,2013,5,135,0
2013-05-15 00:59:59,11.59912,-0.3290914,2013,5,135,0
2013-05-15 01:30:00,11.50917,-0.7565026,2013,5,135,1
2013-05-15 02:00:00,11.42516,-0.9505821,2013,5,135,2
2013-05-15 02:29:59,11.28171,-0.756864,2013,5,135,2
2013-05-15 03:00:00,11.20442,-0.7804365,2013,5,135,3
2013-05-15 03:30:00,11.05963,-1.391338,2013,5,135,3
2013-05-15 03:59:59,10.79207,-2.682366,2013,5,135,3
2013-05-15 04:30:00,10.64643,-2.645948,2013,5,135,4
2013-05-15 05:00:00,10.28781,-1.70487,2013,5,135,5
2013-05-15 05:29:59,10.24698,-2.520358,2013,5,135,5
2013-05-15 06:00:00,9.969876,-3.808273,2013,5,135,6
2013-05-15 06:30:00,9.605258,-3.219994,2013,5,135,6
2013-05-15 06:59:59,9.508317,16.15746,2013,5,135,6
2013-05-15 07:30:00,9.606817,86.48836,2013,5,135,7
2013-05-15 08:00:00,10.13631,181.8336,2013,5,135,8
2013-05-15 08:29:59,10.99452,281.1555,2013,5,135,8
2013-05-15 09:00:00,12.35747,377.1967,2013,5,135,9
2013-05-15 09:30:00,13.92861,462.0686,2013,5,135,9
2013-05-15 09:59:59,14.98104,537.7853,2013,5,135,9
2013-05-15 10:30:00,15.38696,596.9982,2013,5,135,10
2013-05-15 11:00:00,15.7909,621.5657,2013,5,135,11
2013-05-15 11:29:59,16.41689,680.5862,2013,5,135,11
2013-05-15 12:00:00,16.61453,657.563,2013,5,135,12
2013-05-15 12:30:00,17.17096,672.4838,2013,5,135,12
2013-05-15 12:59:59,17.65677,669.0184,2013,5,135,12
2013-05-15 13:30:00,17.7748,635.2642,2013,5,135,13
2013-05-15 14:00:00,18.08133,585.1733,2013,5,135,14
2013-05-15 14:29:59,18.57896,521.3593,2013,5,135,14
2013-05-15 15:00:00,18.83252,443.1726,2013,5,135,15
2013-05-15 15:30:00,18.73913,355.0113,2013,5,135,15
2013-05-15 15:59:59,18.73211,260.7821,2013,5,135,15
2013-05-15 16:30:00,18.71374,158.9798,2013,5,135,16
2013-05-15 17:00:00,18.28218,65.72363,2013,5,135,17
2013-05-15 17:29:59,17.5931,3.367508,2013,5,135,17
2013-05-15 18:00:00,16.85095,-4.933272,2013,5,135,18
2013-05-15 18:30:00,16.2838,-4.538928,2013,5,135,18
2013-05-15 18:59:59,15.7784,-4.435,2013,5,135,18
2013-05-15 19:30:00,15.48572,-4.335886,2013,5,135,19
2013-05-15 20:00:00,15.23906,-4.194128,2013,5,135,20
2013-05-15 20:29:59,14.97414,-3.486534,2013,5,135,20
2013-05-15 21:00:00,14.55594,-3.882908,2013,5,135,21
2013-05-15 21:30:00,13.77858,-4.212658,2013,5,135,21
2013-05-15 21:59:59,12.93402,-4.330957,2013,5,135,21
2013-05-15 22:30:00,12.14912,-4.417568,2013,5,135,22
2013-05-15 23:00:00,12.12171,-3.297116,2013,5,135,23
2013-05-15 23:29:59,11.87924,-3.84197,2013,5,135,23
2013-05-16 00:00:00,11.61056,-3.251387,2013,5,136,0
2013-05-16 00:30:00,11.68191,-2.836137,2013,5,136,0
2013-05-16 00:59:59,11.80479,-3.09361,2013,5,136,0
2013-05-16 01:30:00,10.94483,-3.9403,2013,5,136,1
2013-05-16 02:00:00,10.24105,-3.464813,2013,5,136,2
2013-05-16 02:29:59,9.966188,-2.918355,2013,5,136,2
2013-05-16 03:00:00,10.44032,-3.131989,2013,5,136,3
2013-05-16 03:30:00,10.17468,-3.492037,2013,5,136,3
2013-05-16 03:59:59,9.930034,-3.098116,2013,5,136,3
2013-05-16 04:30:00,10.03032,-2.953929,2013,5,136,4
2013-05-16 05:00:00,9.847518,-3.208314,2013,5,136,5
2013-05-16 05:29:59,9.575419,-3.310924,2013,5,136,5
2013-05-16 06:00:00,9.165647,-3.393144,2013,5,136,6
2013-05-16 06:30:00,8.638485,-2.646921,2013,5,136,6
2013-05-16 06:59:59,8.460753,15.93899,2013,5,136,6
2013-05-16 07:30:00,8.571282,84.74458,2013,5,136,7
2013-05-16 08:00:00,8.857063,179.6129,2013,5,136,8
2013-05-16 08:29:59,10.18459,280.0008,2013,5,136,8
2013-05-16 09:00:00,12.93984,377.8207,2013,5,136,9
2013-05-16 09:30:00,14.84862,463.9225,2013,5,136,9
2013-05-16 09:59:59,15.73839,537.4379,2013,5,136,9
2013-05-16 10:30:00,16.6912,598.1177,2013,5,136,10
2013-05-16 11:00:00,17.35538,643.7011,2013,5,136,11
2013-05-16 11:29:59,18.10681,672.8475,2013,5,136,11
2013-05-16 12:00:00,18.65645,687.4239,2013,5,136,12
2013-05-16 12:30:00,19.06016,685.7448,2013,5,136,12
2013-05-16 12:59:59,19.32872,668.16,2013,5,136,12
2013-05-16 13:30:00,19.6393,633.5076,2013,5,136,13
2013-05-16 14:00:00,19.94588,584.0198,2013,5,136,14
2013-05-16 14:29:59,20.18212,519.6882,2013,5,136,14
2013-05-16 15:00:00,20.39518,440.7716,2013,5,136,15
2013-05-16 15:30:00,20.43716,352.2373,2013,5,136,15
2013-05-16 15:59:59,20.48314,256.4129,2013,5,136,15
2013-05-16 16:30:00,20.39125,157.1261,2013,5,136,16
2013-05-16 17:00:00,20.21879,63.55392,2013,5,136,17
2013-05-16 17:29:59,19.67283,2.431425,2013,5,136,17
2013-05-16 18:00:00,18.80416,-5.248462,2013,5,136,18
2013-05-16 18:30:00,17.83038,-5.140047,2013,5,136,18
2013-05-16 18:59:59,17.0067,-4.889938,2013,5,136,18
2013-05-16 19:30:00,16.33843,-4.623168,2013,5,136,19
2013-05-16 20:00:00,15.60127,-4.621419,2013,5,136,20
2013-05-16 20:29:59,15.16024,-4.136892,2013,5,136,20
2013-05-16 21:00:00,14.63709,-4.318214,2013,5,136,21
2013-05-16 21:30:00,14.53163,-4.014458,2013,5,136,21
2013-05-16 21:59:59,14.15675,-4.375346,2013,5,136,21
2013-05-16 22:30:00,13.37757,-4.222433,2013,5,136,22
2013-05-16 23:00:00,13.51324,-3.96871,2013,5,136,23
2013-05-16 23:29:59,13.59257,-3.918246,2013,5,136,23
2013-05-17 00:00:00,12.84424,-4.168231,2013,5,137,0
2013-05-17 00:30:00,12.55166,-3.711298,2013,5,137,0
2013-05-17 00:59:59,12.75922,-3.641104,2013,5,137,0
2013-05-17 01:30:00,12.88218,-3.572097,2013,5,137,1
2013-05-17 02:00:00,12.69432,-3.677784,2013,5,137,2
2013-05-17 02:29:59,12.44417,-3.702005,2013,5,137,2
2013-05-17 03:00:00,11.98495,-3.812149,2013,5,137,3
2013-05-17 03:30:00,10.808,-4.173175,2013,5,137,3
2013-05-17 03:59:59,10.17935,-3.468317,2013,5,137,3
2013-05-17 04:30:00,10.1082,-3.293359,2013,5,137,4
2013-05-17 05:00:00,10.5904,-2.668916,2013,5,137,5
2013-05-17 05:29:59,10.94044,-3.163782,2013,5,137,5
2013-05-17 06:00:00,11.18061,-3.264767,2013,5,137,6
2013-05-17 06:30:00,11.06609,-3.061041,2013,5,137,6
2013-05-17 06:59:59,10.98461,14.43685,2013,5,137,6
2013-05-17 07:30:00,12.08532,82.26924,2013,5,137,7
2013-05-17 08:00:00,13.65198,177.2274,2013,5,137,8
2013-05-17 08:29:59,15.09192,276.2365,2013,5,137,8
2013-05-17 09:00:00,15.5828,371.2041,2013,5,137,9
2013-05-17 09:30:00,16.80518,457.3469,2013,5,137,9
2013-05-17 09:59:59,18.50917,530.1078,2013,5,137,9
2013-05-17 10:30:00,19.57499,591.1249,2013,5,137,10
2013-05-17 11:00:00,20.21576,637.3756,2013,5,137,11
2013-05-17 11:29:59,20.55411,666.8199,2013,5,137,11
2013-05-17 12:00:00,20.77273,682.3036,2013,5,137,12
2013-05-17 12:30:00,21.39409,681.9959,2013,5,137,12
2013-05-17 12:59:59,21.95025,667.1475,2013,5,137,12
2013-05-17 13:30:00,22.21963,653.3328,2013,5,137,13
2013-05-17 14:00:00,22.26158,619.513,2013,5,137,14
2013-05-17 14:29:59,22.43563,429.39,2013,5,137,14
2013-05-17 15:00:00,22.57003,411.0975,2013,5,137,15
2013-05-17 15:30:00,22.58074,245.4067,2013,5,137,15
2013-05-17 15:59:59,22.57284,198.8359,2013,5,137,15
2013-05-17 16:30:00,22.6496,149.0525,2013,5,137,16
2013-05-17 17:00:00,22.26912,55.88128,2013,5,137,17
2013-05-17 17:29:59,21.69488,1.792186,2013,5,137,17
2013-05-17 18:00:00,21.29578,-3.496962,2013,5,137,18
2013-05-17 18:30:00,20.69471,-3.001734,2013,5,137,18
2013-05-17 18:59:59,20.28223,-3.986982,2013,5,137,18
2013-05-17 19:30:00,19.64748,-3.856706,2013,5,137,19
2013-05-17 20:00:00,18.58362,-4.026094,2013,5,137,20
2013-05-17 20:29:59,17.55705,-3.731146,2013,5,137,20
2013-05-17 21:00:00,17.06571,-3.962136,2013,5,137,21
2013-05-17 21:30:00,16.55477,-4.056529,2013,5,137,21
2013-05-17 21:59:59,16.33301,-4.006334,2013,5,137,21
2013-05-17 22:30:00,15.80998,-4.069939,2013,5,137,22
2013-05-17 23:00:00,14.95716,-4.136059,2013,5,137,23
2013-05-17 23:29:59,14.94187,-2.794088,2013,5,137,23
2013-05-18 00:00:00,14.65334,-3.271406,2013,5,138,0
2013-05-18 00:30:00,14.60674,-2.982438,2013,5,138,0
2013-05-18 00:59:59,14.21078,-2.586569,2013,5,138,0
2013-05-18 01:30:00,13.86821,-1.825196,2013,5,138,1
2013-05-18 02:00:00,14.03824,-1.942385,2013,5,138,2
2013-05-18 02:29:59,13.67348,-1.789939,2013,5,138,2
2013-05-18 03:00:00,14.03057,-1.355566,2013,5,138,3
2013-05-18 03:30:00,14.02448,-1.495591,2013,5,138,3
2013-05-18 03:59:59,13.31132,-2.819037,2013,5,138,3
2013-05-18 04:30:00,13.17915,-0.4654088,2013,5,138,4
2013-05-18 05:00:00,13.14816,-0.8171353,2013,5,138,5
2013-05-18 05:29:59,13.49528,-0.4516611,2013,5,138,5
2013-05-18 06:00:00,13.63946,-0.1965085,2013,5,138,6
2013-05-18 06:30:00,13.64209,-0.1102051,2013,5,138,6
2013-05-18 06:59:59,13.84097,8.58466,2013,5,138,6
2013-05-18 07:30:00,14.10721,30.24047,2013,5,138,7
2013-05-18 08:00:00,14.10818,54.04348,2013,5,138,8
2013-05-18 08:29:59,14.21764,105.3334,2013,5,138,8
2013-05-18 09:00:00,14.18998,145.2213,2013,5,138,9
2013-05-18 09:30:00,15.47489,241.8457,2013,5,138,9
2013-05-18 09:59:59,16.39951,260.2628,2013,5,138,9
2013-05-18 10:30:00,17.10303,309.3824,2013,5,138,10
2013-05-18 11:00:00,17.83627,319.7597,2013,5,138,11
2013-05-18 11:29:59,18.37793,380.5992,2013,5,138,11
2013-05-18 12:00:00,19.22063,488.5764,2013,5,138,12
2013-05-18 12:30:00,19.95378,483.0503,2013,5,138,12
2013-05-18 12:59:59,20.65239,599.037,2013,5,138,12
2013-05-18 13:30:00,21.2271,527.3734,2013,5,138,13
2013-05-18 14:00:00,21.49712,381.0206,2013,5,138,14
2013-05-18 14:29:59,21.65375,238.1504,2013,5,138,14
2013-05-18 15:00:00,21.92877,251.6619,2013,5,138,15
2013-05-18 15:30:00,21.84572,125.5757,2013,5,138,15
2013-05-18 15:59:59,21.71662,92.19489,2013,5,138,15
2013-05-18 16:30:00,21.69742,86.07664,2013,5,138,16
2013-05-18 17:00:00,21.461,21.32137,2013,5,138,17
2013-05-18 17:29:59,21.08718,-1.77422,2013,5,138,17
2013-05-18 18:00:00,20.68541,-3.086055,2013,5,138,18
2013-05-18 18:30:00,20.14978,-3.353511,2013,5,138,18
2013-05-18 18:59:59,19.62501,-3.811404,2013,5,138,18
2013-05-18 19:30:00,19.10752,-3.667309,2013,5,138,19
2013-05-18 20:00:00,18.78967,-3.089576,2013,5,138,20
2013-05-18 20:29:59,17.8062,-1.639075,2013,5,138,20
2013-05-18 21:00:00,17.91063,-0.9059229,2013,5,138,21
2013-05-18 21:30:00,17.06705,-1.94887,2013,5,138,21
2013-05-18 21:59:59,16.95101,-2.101182,2013,5,138,21
2013-05-18 22:30:00,16.59517,-2.698024,2013,5,138,22
2013-05-18 23:00:00,16.07651,-1.969885,2013,5,138,23
2013-05-18 23:29:59,15.67926,-2.057459,2013,5,138,23
2013-05-19 00:00:00,15.56846,-1.862897,2013,5,139,0
2013-05-19 00:30:00,15.38209,-2.03252,2013,5,139,0
2013-05-19 00:59:59,15.12856,-1.886401,2013,5,139,0
2013-05-19 01:30:00,14.91285,-1.723185,2013,5,139,1
2013-05-19 02:00:00,14.72852,-1.800952,2013,5,139,2
2013-05-19 02:29:59,14.51647,-1.678235,2013,5,139,2
2013-05-19 03:00:00,14.37036,-2.103698,2013,5,139,3
2013-05-19 03:30:00,14.17881,-2.260895,2013,5,139,3
2013-05-19 03:59:59,13.85184,-3.573093,2013,5,139,3
2013-05-19 04:30:00,13.565,-3.038568,2013,5,139,4
2013-05-19 05:00:00,13.12965,-3.226454,2013,5,139,5
2013-05-19 05:29:59,12.62575,-3.259781,2013,5,139,5
2013-05-19 06:00:00,12.51734,-3.156123,2013,5,139,6
2013-05-19 06:30:00,12.23285,-1.702941,2013,5,139,6
2013-05-19 06:59:59,12.17324,3.236322,2013,5,139,6
2013-05-19 07:30:00,12.27321,19.2042,2013,5,139,7
2013-05-19 08:00:00,12.22674,75.86092,2013,5,139,8
2013-05-19 08:29:59,12.49647,111.7302,2013,5,139,8
2013-05-19 09:00:00,13.49278,208.7581,2013,5,139,9
2013-05-19 09:30:00,14.04475,165.6564,2013,5,139,9
2013-05-19 09:59:59,14.98318,323.8058,2013,5,139,9
2013-05-19 10:30:00,15.77598,414.3603,2013,5,139,10
2013-05-19 11:00:00,17.06351,571.1478,2013,5,139,11
2013-05-19 11:29:59,18.80518,644.1321,2013,5,139,11
2013-05-19 12:00:00,20.14306,684.7609,2013,5,139,12
2013-05-19 12:30:00,21.39131,593.6092,2013,5,139,12
2013-05-19 12:59:59,21.89995,558.7896,2013,5,139,12
2013-05-19 13:30:00,22.35683,459.0193,2013,5,139,13
2013-05-19 14:00:00,22.33158,343.3865,2013,5,139,14
2013-05-19 14:29:59,23.21363,287.0324,2013,5,139,14
2013-05-19 15:00:00,23.07245,261.1056,2013,5,139,15
2013-05-19 15:30:00,23.71037,361.9068,2013,5,139,15
2013-05-19 15:59:59,23.65122,251.2876,2013,5,139,15
2013-05-19 16:30:00,23.82769,145.0019,2013,5,139,16
2013-05-19 17:00:00,23.24782,34.77059,2013,5,139,17
2013-05-19 17:29:59,22.80697,-0.7145213,2013,5,139,17
2013-05-19 18:00:00,22.27287,-4.553041,2013,5,139,18
2013-05-19 18:30:00,21.06518,-4.086658,2013,5,139,18
2013-05-19 18:59:59,20.15553,-2.727893,2013,5,139,18
2013-05-19 19:30:00,19.82952,-2.267995,2013,5,139,19
2013-05-19 20:00:00,19.45708,-2.529626,2013,5,139,20
2013-05-19 20:29:59,18.96073,-2.981491,2013,5,139,20
2013-05-19 21:00:00,18.4282,-2.96928,2013,5,139,21
2013-05-19 21:30:00,17.8744,-2.737372,2013,5,139,21
2013-05-19 21:59:59,17.39981,-2.490695,2013,5,139,21
2013-05-19 22:30:00,17.10666,-2.12331,2013,5,139,22
2013-05-19 23:00:00,16.82971,-1.812462,2013,5,139,23
2013-05-19 23:29:59,16.53245,-1.669874,2013,5,139,23
2013-05-20 00:00:00,16.28988,-1.761815,2013,5,140,0
2013-05-20 00:30:00,16.01072,-1.588531,2013,5,140,0
2013-05-20 00:59:59,15.87814,-1.387819,2013,5,140,0
2013-05-20 01:30:00,15.84862,-1.604358,2013,5,140,1
2013-05-20 02:00:00,15.58877,-1.497489,2013,5,140,2
2013-05-20 02:29:59,15.82991,-0.8387941,2013,5,140,2
2013-05-20 03:00:00,15.85206,-1.677558,2013,5,140,3
2013-05-20 03:30:00,15.08971,-1.674233,2013,5,140,3
2013-05-20 03:59:59,14.79838,-1.277103,2013,5,140,3
2013-05-20 04:30:00,14.65421,-3.813862,2013,5,140,4
2013-05-20 05:00:00,13.89804,-2.668835,2013,5,140,5
2013-05-20 05:29:59,13.81551,-1.994936,2013,5,140,5
2013-05-20 06:00:00,13.64789,-1.199831,2013,5,140,6
2013-05-20 06:30:00,13.38235,-1.007869,2013,5,140,6
2013-05-20 06:59:59,13.25076,1.471144,2013,5,140,6
2013-05-20 07:30:00,13.14799,18.45512,2013,5,140,7
2013-05-20 08:00:00,13.57531,42.27473,2013,5,140,8
2013-05-20 08:29:59,14.01694,115.3455,2013,5,140,8
2013-05-20 09:00:00,15.04873,295.9301,2013,5,140,9
2013-05-20 09:30:00,16.25014,451.5344,2013,5,140,9
2013-05-20 09:59:59,17.06497,504.3564,2013,5,140,9
2013-05-20 10:30:00,17.20996,383.9674,2013,5,140,10
2013-05-20 11:00:00,17.78515,618.4115,2013,5,140,11
2013-05-20 11:29:59,18.35983,511.9823,2013,5,140,11
2013-05-20 12:00:00,18.31968,348.3111,2013,5,140,12
2013-05-20 12:30:00,18.68092,620.2058,2013,5,140,12
2013-05-20 12:59:59,19.07723,669.5142,2013,5,140,12
2013-05-20 13:30:00,19.2805,620.1198,2013,5,140,13
2013-05-20 14:00:00,18.81624,220.9237,2013,5,140,14
2013-05-20 14:29:59,16.69233,200.291,2013,5,140,14
2013-05-20 15:00:00,15.95553,164.8754,2013,5,140,15
2013-05-20 15:30:00,14.58636,20.98169,2013,5,140,15
2013-05-20 15:59:59,12.99842,141.6302,2013,5,140,15
2013-05-20 16:30:00,13.69538,158.9386,2013,5,140,16
2013-05-20 17:00:00,14.06505,36.64784,2013,5,140,17
2013-05-20 17:29:59,14.04081,0.3047527,2013,5,140,17
2013-05-20 18:00:00,13.98104,-2.618852,2013,5,140,18
2013-05-20 18:30:00,13.45566,-3.102635,2013,5,140,18
2013-05-20 18:59:59,13.02193,-3.269341,2013,5,140,18
2013-05-20 19:30:00,13.003,-2.965814,2013,5,140,19
2013-05-20 20:00:00,12.75415,-2.78845,2013,5,140,20
2013-05-20 20:29:59,12.37893,-3.665243,2013,5,140,20
2013-05-20 21:00:00,12.28771,-3.657005,2013,5,140,21
2013-05-20 21:30:00,11.7989,-3.984684,2013,5,140,21
2013-05-20 21:59:59,11.34195,-3.430346,2013,5,140,21
2013-05-20 22:30:00,11.04586,-3.421477,2013,5,140,22
2013-05-20 23:00:00,10.56723,-3.508303,2013,5,140,23
2013-05-20 23:29:59,10.30916,-3.47989,2013,5,140,23
2013-05-21 00:00:00,10.23668,-3.477003,2013,5,141,0
2013-05-21 00:30:00,10.30667,-3.530188,2013,5,141,0
2013-05-21 00:59:59,10.30463,-3.608528,2013,5,141,0
2013-05-21 01:30:00,9.636818,-3.851195,2013,5,141,1
2013-05-21 02:00:00,9.208365,-0.9433124,2013,5,141,2
2013-05-21 02:29:59,9.791525,0.07548907,2013,5,141,2
2013-05-21 03:00:00,10.00108,-0.124472,2013,5,141,3
2013-05-21 03:30:00,10.01243,-0.1598663,2013,5,141,3
2013-05-21 03:59:59,9.947174,-0.8241709,2013,5,141,3
2013-05-21 04:30:00,9.955212,-0.3809346,2013,5,141,4
2013-05-21 05:00:00,10.27087,-0.5632447,2013,5,141,5
2013-05-21 05:29:59,10.66823,-0.4173074,2013,5,141,5
2013-05-21 06:00:00,11.171,-0.9644796,2013,5,141,6
2013-05-21 06:30:00,11.45004,-0.9608161,2013,5,141,6
2013-05-21 06:59:59,11.72761,4.855825,2013,5,141,6
2013-05-21 07:30:00,11.90949,26.72962,2013,5,141,7
2013-05-21 08:00:00,12.04585,55.29807,2013,5,141,8
2013-05-21 08:29:59,12.49585,94.46003,2013,5,141,8
2013-05-21 09:00:00,12.91901,197.1233,2013,5,141,9
2013-05-21 09:30:00,13.32104,203.4284,2013,5,141,9
2013-05-21 09:59:59,13.86507,274.0466,2013,5,141,9
2013-05-21 10:30:00,14.07747,343.6072,2013,5,141,10
2013-05-21 11:00:00,14.97509,546.5458,2013,5,141,11
2013-05-21 11:29:59,15.59312,624.2391,2013,5,141,11
2013-05-21 12:00:00,16.00657,587.5435,2013,5,141,12
2013-05-21 12:30:00,16.4794,626.6555,2013,5,141,12
2013-05-21 12:59:59,16.84749,647.5836,2013,5,141,12
2013-05-21 13:30:00,17.44894,629.7131,2013,5,141,13
2013-05-21 14:00:00,17.74811,577.6166,2013,5,141,14
2013-05-21 14:29:59,17.86583,470.5727,2013,5,141,14
2013-05-21 15:00:00,17.84028,384.2115,2013,5,141,15
2013-05-21 15:30:00,17.67803,203.6719,2013,5,141,15
2013-05-21 15:59:59,17.5402,200.8025,2013,5,141,15
2013-05-21 16:30:00,17.50741,144.4521,2013,5,141,16
2013-05-21 17:00:00,17.19468,49.47606,2013,5,141,17
2013-05-21 17:29:59,16.59601,1.284126,2013,5,141,17
2013-05-21 18:00:00,16.23864,-2.839481,2013,5,141,18
2013-05-21 18:30:00,15.85469,-4.472317,2013,5,141,18
2013-05-21 18:59:59,15.19833,-3.264762,2013,5,141,18
2013-05-21 19:30:00,14.85849,-4.439744,2013,5,141,19
2013-05-21 20:00:00,14.12875,-4.283604,2013,5,141,20
2013-05-21 20:29:59,13.30713,-4.285882,2013,5,141,20
2013-05-21 21:00:00,12.65242,-3.808832,2013,5,141,21
2013-05-21 21:30:00,12.54934,-3.101095,2013,5,141,21
2013-05-21 21:59:59,12.89622,-1.174284,2013,5,141,21
2013-05-21 22:30:00,12.93891,-3.071168,2013,5,141,22
2013-05-21 23:00:00,12.51726,-3.995786,2013,5,141,23
2013-05-21 23:29:59,12.0328,-4.098267,2013,5,141,23
2013-05-22 00:00:00,11.55991,-3.915821,2013,5,142,0
2013-05-22 00:30:00,11.2259,-3.976782,2013,5,142,0
2013-05-22 00:59:59,10.81282,-3.871498,2013,5,142,0
2013-05-22 01:30:00,10.50781,-3.216259,2013,5,142,1
2013-05-22 02:00:00,10.29757,-2.137364,2013,5,142,2
2013-05-22 02:29:59,10.15022,-4.209672,2013,5,142,2
2013-05-22 03:00:00,9.889479,-3.853361,2013,5,142,3
2013-05-22 03:30:00,9.642419,-2.841721,2013,5,142,3
2013-05-22 03:59:59,9.514073,-3.213902,2013,5,142,3
2013-05-22 04:30:00,9.351835,-3.365693,2013,5,142,4
2013-05-22 05:00:00,9.220703,-3.322572,2013,5,142,5
2013-05-22 05:29:59,8.813562,-2.95916,2013,5,142,5
2013-05-22 06:00:00,8.319993,-2.992007,2013,5,142,6
2013-05-22 06:30:00,7.940599,-2.952116,2013,5,142,6
2013-05-22 06:59:59,7.782797,11.06311,2013,5,142,6
2013-05-22 07:30:00,7.878543,75.06081,2013,5,142,7
2013-05-22 08:00:00,8.339163,152.9645,2013,5,142,8
2013-05-22 08:29:59,9.334828,227.4882,2013,5,142,8
2013-05-22 09:00:00,10.37707,313.7583,2013,5,142,9
2013-05-22 09:30:00,11.03123,400.1988,2013,5,142,9
2013-05-22 09:59:59,11.13081,343.642,2013,5,142,9
2013-05-22 10:30:00,11.68274,616.0369,2013,5,142,10
2013-05-22 11:00:00,11.98308,568.3442,2013,5,142,11
2013-05-22 11:29:59,12.31732,512.6435,2013,5,142,11
2013-05-22 12:00:00,12.60493,594.6313,2013,5,142,12
2013-05-22 12:30:00,13.26246,651.0014,2013,5,142,12
2013-05-22 12:59:59,13.61579,653.2542,2013,5,142,12
2013-05-22 13:30:00,13.84536,623.379,2013,5,142,13
2013-05-22 14:00:00,14.19537,570.946,2013,5,142,14
2013-05-22 14:29:59,14.58436,508.8161,2013,5,142,14
2013-05-22 15:00:00,14.81653,432.1516,2013,5,142,15
2013-05-22 15:30:00,15.07482,344.658,2013,5,142,15
2013-05-22 15:59:59,15.26084,248.6932,2013,5,142,15
2013-05-22 16:30:00,15.11017,149.9962,2013,5,142,16
2013-05-22 17:00:00,14.73684,57.16527,2013,5,142,17
2013-05-22 17:29:59,14.06606,-0.3647674,2013,5,142,17
2013-05-22 18:00:00,13.66955,-5.479947,2013,5,142,18
2013-05-22 18:30:00,13.10763,-5.468943,2013,5,142,18
2013-05-22 18:59:59,12.3975,-5.285562,2013,5,142,18
2013-05-22 19:30:00,11.84594,-5.106975,2013,5,142,19
2013-05-22 20:00:00,11.4483,-4.462034,2013,5,142,20
2013-05-22 20:29:59,10.9189,-4.783596,2013,5,142,20
2013-05-22 21:00:00,10.63823,-4.679569,2013,5,142,21
2013-05-22 21:30:00,10.04036,-4.494663,2013,5,142,21
2013-05-22 21:59:59,9.481627,-4.229919,2013,5,142,21
2013-05-22 22:30:00,9.274083,-4.003813,2013,5,142,22
2013-05-22 23:00:00,9.082984,-3.645204,2013,5,142,23
2013-05-22 23:29:59,8.73975,-3.903483,2013,5,142,23
2013-05-23 00:00:00,8.370423,-3.902717,2013,5,143,0
2013-05-23 00:30:00,8.201218,-3.789308,2013,5,143,0
2013-05-23 00:59:59,8.161338,-3.687934,2013,5,143,0
2013-05-23 01:30:00,8.366071,-3.604656,2013,5,143,1
2013-05-23 02:00:00,8.171673,-3.744585,2013,5,143,2
2013-05-23 02:29:59,7.819175,-3.809647,2013,5,143,2
2013-05-23 03:00:00,7.39187,-3.625718,2013,5,143,3
2013-05-23 03:30:00,7.098357,-3.697216,2013,5,143,3
2013-05-23 03:59:59,6.886528,-3.717141,2013,5,143,3
2013-05-23 04:30:00,6.859662,-3.689683,2013,5,143,4
2013-05-23 05:00:00,6.585713,-3.671688,2013,5,143,5
2013-05-23 05:29:59,6.318147,-3.701916,2013,5,143,5
2013-05-23 06:00:00,6.09216,-3.609904,2013,5,143,6
2013-05-23 06:30:00,5.802329,-3.275038,2013,5,143,6
2013-05-23 06:59:59,5.872245,10.45837,2013,5,143,6
2013-05-23 07:30:00,6.438556,82.5597,2013,5,143,7
2013-05-23 08:00:00,7.289668,177.3022,2013,5,143,8
2013-05-23 08:29:59,8.081544,264.4098,2013,5,143,8
2013-05-23 09:00:00,9.010251,353.6658,2013,5,143,9
2013-05-23 09:30:00,10.71074,442.5499,2013,5,143,9
2013-05-23 09:59:59,11.78368,517.9299,2013,5,143,9
2013-05-23 10:30:00,13.11901,578.4998,2013,5,143,10
2013-05-23 11:00:00,13.68267,626.5043,2013,5,143,11
2013-05-23 11:29:59,14.32912,656.4359,2013,5,143,11
2013-05-23 12:00:00,14.86946,669.9116,2013,5,143,12
2013-05-23 12:30:00,15.18061,669.9128,2013,5,143,12
2013-05-23 12:59:59,15.80582,651.8435,2013,5,143,12
2013-05-23 13:30:00,16.1405,618.9965,2013,5,143,13
2013-05-23 14:00:00,16.50098,569.8356,2013,5,143,14
2013-05-23 14:29:59,16.88777,507.8955,2013,5,143,14
2013-05-23 15:00:00,17.21736,429.7954,2013,5,143,15
2013-05-23 15:30:00,17.52901,341.7744,2013,5,143,15
2013-05-23 15:59:59,17.70668,245.8093,2013,5,143,15
2013-05-23 16:30:00,17.81061,147.0331,2013,5,143,16
2013-05-23 17:00:00,17.39066,54.37761,2013,5,143,17
2013-05-23 17:29:59,16.62928,-0.481497,2013,5,143,17
2013-05-23 18:00:00,15.98294,-4.788946,2013,5,143,18
2013-05-23 18:30:00,15.39406,-4.93181,2013,5,143,18
2013-05-23 18:59:59,14.51855,-5.242057,2013,5,143,18
2013-05-23 19:30:00,13.51672,-5.038175,2013,5,143,19
2013-05-23 20:00:00,12.67187,-4.697915,2013,5,143,20
2013-05-23 20:29:59,12.06121,-4.618752,2013,5,143,20
2013-05-23 21:00:00,11.36242,-4.661936,2013,5,143,21
2013-05-23 21:30:00,10.60671,-4.125819,2013,5,143,21
2013-05-23 21:59:59,10.38885,-3.997826,2013,5,143,21
2013-05-23 22:30:00,10.03829,-3.903398,2013,5,143,22
2013-05-23 23:00:00,9.760344,-3.725041,2013,5,143,23
2013-05-23 23:29:59,9.340787,-3.804865,2013,5,143,23
2013-05-24 00:00:00,9.076277,-3.575612,2013,5,144,0
2013-05-24 00:30:00,8.898754,-3.528857,2013,5,144,0
2013-05-24 00:59:59,8.559579,-3.605407,2013,5,144,0
2013-05-24 01:30:00,8.316693,-3.555983,2013,5,144,1
2013-05-24 02:00:00,8.078151,-3.585466,2013,5,144,2
2013-05-24 02:29:59,7.852177,-3.519414,2013,5,144,2
2013-05-24 03:00:00,7.691913,-3.549379,2013,5,144,3
2013-05-24 03:30:00,7.635453,-3.664089,2013,5,144,3
2013-05-24 03:59:59,7.284373,-3.652302,2013,5,144,3
2013-05-24 04:30:00,6.799565,-3.287738,2013,5,144,4
2013-05-24 05:00:00,6.655111,-3.253253,2013,5,144,5
2013-05-24 05:29:59,6.292942,-3.46484,2013,5,144,5
2013-05-24 06:00:00,5.656863,-3.681584,2013,5,144,6
2013-05-24 06:30:00,5.634029,-2.969247,2013,5,144,6
2013-05-24 06:59:59,5.379949,8.157867,2013,5,144,6
2013-05-24 07:30:00,5.432076,65.53489,2013,5,144,7
2013-05-24 08:00:00,6.077154,148.0105,2013,5,144,8
2013-05-24 08:29:59,7.227698,256.166,2013,5,144,8
2013-05-24 09:00:00,9.946713,355.29,2013,5,144,9
2013-05-24 09:30:00,11.31163,432.2295,2013,5,144,9
2013-05-24 09:59:59,12.37575,443.137,2013,5,144,9
2013-05-24 10:30:00,13.30328,624.711,2013,5,144,10
2013-05-24 11:00:00,13.7552,593.7536,2013,5,144,11
2013-05-24 11:29:59,14.24411,625.5683,2013,5,144,11
2013-05-24 12:00:00,14.62529,670.9518,2013,5,144,12
2013-05-24 12:30:00,15.27629,671.0032,2013,5,144,12
2013-05-24 12:59:59,15.64848,653.8205,2013,5,144,12
2013-05-24 13:30:00,16.08662,620.0624,2013,5,144,13
2013-05-24 14:00:00,16.33183,568.1179,2013,5,144,14
2013-05-24 14:29:59,16.78473,505.0591,2013,5,144,14
2013-05-24 15:00:00,17.04948,429.958,2013,5,144,15
2013-05-24 15:30:00,16.90295,343.2306,2013,5,144,15
2013-05-24 15:59:59,16.86406,248.6712,2013,5,144,15
2013-05-24 16:30:00,16.91212,148.5551,2013,5,144,16
2013-05-24 17:00:00,16.6968,55.33759,2013,5,144,17
2013-05-24 17:29:59,16.00801,-0.258393,2013,5,144,17
2013-05-24 18:00:00,15.28581,-4.717711,2013,5,144,18
2013-05-24 18:30:00,14.79757,-4.616162,2013,5,144,18
2013-05-24 18:59:59,14.21427,-4.442114,2013,5,144,18
2013-05-24 19:30:00,13.6651,-4.427299,2013,5,144,19
2013-05-24 20:00:00,13.10425,-4.596292,2013,5,144,20
2013-05-24 20:29:59,12.81339,-4.175029,2013,5,144,20
2013-05-24 21:00:00,12.09796,-4.429628,2013,5,144,21
2013-05-24 21:30:00,11.69619,-3.536544,2013,5,144,21
2013-05-24 21:59:59,11.63259,-3.557692,2013,5,144,21
2013-05-24 22:30:00,11.411,-3.58667,2013,5,144,22
2013-05-24 23:00:00,11.32405,-3.684733,2013,5,144,23
2013-05-24 23:29:59,10.97052,-3.703377,2013,5,144,23
2013-05-25 00:00:00,10.83824,-3.651401,2013,5,145,0
2013-05-25 00:30:00,10.54409,-3.828849,2013,5,145,0
2013-05-25 00:59:59,10.08744,-3.804955,2013,5,145,0
2013-05-25 01:30:00,9.662216,-3.605132,2013,5,145,1
2013-05-25 02:00:00,9.34897,-3.491262,2013,5,145,2
2013-05-25 02:29:59,9.108035,-3.512403,2013,5,145,2
2013-05-25 03:00:00,8.553905,-3.871144,2013,5,145,3
2013-05-25 03:30:00,8.324024,-3.456553,2013,5,145,3
2013-05-25 03:59:59,8.383046,-2.925946,2013,5,145,3
2013-05-25 04:30:00,8.353096,-3.294059,2013,5,145,4
2013-05-25 05:00:00,8.050544,-3.702586,2013,5,145,5
2013-05-25 05:29:59,7.764842,-3.641325,2013,5,145,5
2013-05-25 06:00:00,7.613796,-3.903754,2013,5,145,6
2013-05-25 06:30:00,7.593811,-3.370541,2013,5,145,6
2013-05-25 06:59:59,7.574631,8.296243,2013,5,145,6
2013-05-25 07:30:00,7.672044,66.7208,2013,5,145,7
2013-05-25 08:00:00,7.983116,158.4906,2013,5,145,8
2013-05-25 08:29:59,9.541719,257.6457,2013,5,145,8
2013-05-25 09:00:00,11.14551,352.5841,2013,5,145,9
2013-05-25 09:30:00,12.79361,437.1685,2013,5,145,9
2013-05-25 09:59:59,14.3063,511.4182,2013,5,145,9
2013-05-25 10:30:00,15.30911,570.8308,2013,5,145,10
2013-05-25 11:00:00,16.22545,617.8892,2013,5,145,11
2013-05-25 11:29:59,17.15855,648.1278,2013,5,145,11
2013-05-25 12:00:00,17.65411,665.5928,2013,5,145,12
2013-05-25 12:30:00,18.4199,606.4148,2013,5,145,12
2013-05-25 12:59:59,18.84778,643.4847,2013,5,145,12
2013-05-25 13:30:00,19.03046,611.5166,2013,5,145,13
2013-05-25 14:00:00,19.23829,557.6663,2013,5,145,14
2013-05-25 14:29:59,19.23482,476.0537,2013,5,145,14
2013-05-25 15:00:00,19.37471,390.0541,2013,5,145,15
2013-05-25 15:30:00,19.55997,354.4146,2013,5,145,15
2013-05-25 15:59:59,19.54544,221.6686,2013,5,145,15
2013-05-25 16:30:00,19.42442,136.5482,2013,5,145,16
2013-05-25 17:00:00,18.88596,46.19889,2013,5,145,17
2013-05-25 17:29:59,18.1748,-1.57634,2013,5,145,17
2013-05-25 18:00:00,17.30219,-4.807109,2013,5,145,18
2013-05-25 18:30:00,16.61502,-4.361258,2013,5,145,18
2013-05-25 18:59:59,15.98355,-4.458271,2013,5,145,18
2013-05-25 19:30:00,15.35493,-4.201788,2013,5,145,19
2013-05-25 20:00:00,14.73782,-4.256298,2013,5,145,20
2013-05-25 20:29:59,14.03973,-4.249244,2013,5,145,20
2013-05-25 21:00:00,13.58186,-3.963735,2013,5,145,21
2013-05-25 21:30:00,12.96649,-3.759028,2013,5,145,21
2013-05-25 21:59:59,12.46725,-3.723703,2013,5,145,21
2013-05-25 22:30:00,12.32493,-3.231083,2013,5,145,22
2013-05-25 23:00:00,12.19612,-2.939209,2013,5,145,23
2013-05-25 23:29:59,11.96013,-2.849221,2013,5,145,23
2013-05-26 00:00:00,12.53644,-2.950388,2013,5,146,0
2013-05-26 00:30:00,12.13091,-2.841206,2013,5,146,0
2013-05-26 00:59:59,11.95257,-2.960901,2013,5,146,0
2013-05-26 01:30:00,11.60701,-1.561027,2013,5,146,1
2013-05-26 02:00:00,11.41537,-1.7966,2013,5,146,2
2013-05-26 02:29:59,11.31548,-2.504993,2013,5,146,2
2013-05-26 03:00:00,10.92603,-2.927663,2013,5,146,3
2013-05-26 03:30:00,10.65703,-2.726373,2013,5,146,3
2013-05-26 03:59:59,10.43119,-2.599483,2013,5,146,3
2013-05-26 04:30:00,10.19754,-2.560026,2013,5,146,4
2013-05-26 05:00:00,10.02037,-2.670864,2013,5,146,5
2013-05-26 05:29:59,9.881799,-2.51569,2013,5,146,5
2013-05-26 06:00:00,9.864096,-2.240484,2013,5,146,6
2013-05-26 06:30:00,9.693336,-2.065452,2013,5,146,6
2013-05-26 06:59:59,9.662784,5.959238,2013,5,146,6
2013-05-26 07:30:00,9.670709,41.49171,2013,5,146,7
2013-05-26 08:00:00,9.704472,71.3864,2013,5,146,8
2013-05-26 08:29:59,9.896373,179.7495,2013,5,146,8
2013-05-26 09:00:00,10.14735,173.6771,2013,5,146,9
2013-05-26 09:30:00,11.8828,346.1159,2013,5,146,9
2013-05-26 09:59:59,15.40191,577.7778,2013,5,146,9
2013-05-26 10:30:00,17.60725,472.7978,2013,5,146,10
2013-05-26 11:00:00,19.15473,564.0908,2013,5,146,11
2013-05-26 11:29:59,20.09961,531.5461,2013,5,146,11
2013-05-26 12:00:00,20.49176,603.6479,2013,5,146,12
2013-05-26 12:30:00,21.3182,580.6389,2013,5,146,12
2013-05-26 12:59:59,21.9351,607.7361,2013,5,146,12
2013-05-26 13:30:00,21.8275,349.938,2013,5,146,13
2013-05-26 14:00:00,21.83935,320.5765,2013,5,146,14
2013-05-26 14:29:59,22.30597,295.276,2013,5,146,14
2013-05-26 15:00:00,22.03243,237.2366,2013,5,146,15
2013-05-26 15:30:00,22.52443,201.042,2013,5,146,15
2013-05-26 15:59:59,22.55578,187.041,2013,5,146,15
2013-05-26 16:30:00,22.78407,124.2821,2013,5,146,16
2013-05-26 17:00:00,22.38132,48.73883,2013,5,146,17
2013-05-26 17:29:59,21.62653,-0.1895203,2013,5,146,17
2013-05-26 18:00:00,21.30451,-4.572693,2013,5,146,18
2013-05-26 18:30:00,20.95853,-4.411839,2013,5,146,18
2013-05-26 18:59:59,19.57518,-3.348006,2013,5,146,18
2013-05-26 19:30:00,18.64138,-3.126458,2013,5,146,19
2013-05-26 20:00:00,18.20701,-2.679666,2013,5,146,20
2013-05-26 20:29:59,17.91656,-1.898087,2013,5,146,20
2013-05-26 21:00:00,17.86705,-2.886154,2013,5,146,21
2013-05-26 21:30:00,17.64035,-2.944579,2013,5,146,21
2013-05-26 21:59:59,17.71235,-1.883347,2013,5,146,21
2013-05-26 22:30:00,17.24916,-3.463037,2013,5,146,22
2013-05-26 23:00:00,16.94604,-1.979852,2013,5,146,23
2013-05-26 23:29:59,16.89046,-1.743327,2013,5,146,23
2013-05-27 00:00:00,16.81229,-1.880082,2013,5,147,0
2013-05-27 00:30:00,16.29818,-0.9232256,2013,5,147,0
2013-05-27 00:59:59,15.61798,-1.569337,2013,5,147,0
2013-05-27 01:30:00,15.32154,-0.9921453,2013,5,147,1
2013-05-27 02:00:00,15.4393,-0.9426839,2013,5,147,2
2013-05-27 02:29:59,14.56577,-3.239432,2013,5,147,2
2013-05-27 03:00:00,15.03513,-0.3853263,2013,5,147,3
2013-05-27 03:30:00,14.91521,0.4167847,2013,5,147,3
2013-05-27 03:59:59,14.65287,-0.6416448,2013,5,147,3
2013-05-27 04:30:00,14.7728,-0.3949035,2013,5,147,4
2013-05-27 05:00:00,13.9893,-1.848126,2013,5,147,5
2013-05-27 05:29:59,14.43283,-0.9372612,2013,5,147,5
2013-05-27 06:00:00,13.9414,-1.962069,2013,5,147,6
2013-05-27 06:30:00,13.36447,-2.521334,2013,5,147,6
2013-05-27 06:59:59,13.24082,3.874493,2013,5,147,6
2013-05-27 07:30:00,13.20673,32.52613,2013,5,147,7
2013-05-27 08:00:00,13.23067,107.7159,2013,5,147,8
2013-05-27 08:29:59,13.98597,186.1268,2013,5,147,8
2013-05-27 09:00:00,15.99618,275.9332,2013,5,147,9
2013-05-27 09:30:00,17.69504,424.805,2013,5,147,9
2013-05-27 09:59:59,18.92834,356.4055,2013,5,147,9
2013-05-27 10:30:00,19.55296,462.852,2013,5,147,10
2013-05-27 11:00:00,20.91295,592.3056,2013,5,147,11
2013-05-27 11:29:59,22.0822,588.2974,2013,5,147,11
2013-05-27 12:00:00,22.89465,638.7673,2013,5,147,12
2013-05-27 12:30:00,23.46305,651.7798,2013,5,147,12
2013-05-27 12:59:59,23.67566,482.2875,2013,5,147,12
2013-05-27 13:30:00,23.56312,285.0999,2013,5,147,13
2013-05-27 14:00:00,23.44514,253.7306,2013,5,147,14
2013-05-27 14:29:59,23.41507,226.9912,2013,5,147,14
2013-05-27 15:00:00,23.54435,179.6361,2013,5,147,15
2013-05-27 15:30:00,23.49436,115.4372,2013,5,147,15
2013-05-27 15:59:59,22.96438,58.52167,2013,5,147,15
2013-05-27 16:30:00,22.72188,121.3746,2013,5,147,16
2013-05-27 17:00:00,22.71375,51.93225,2013,5,147,17
2013-05-27 17:29:59,22.27494,-2.004198,2013,5,147,17
2013-05-27 18:00:00,21.63969,-4.528533,2013,5,147,18
2013-05-27 18:30:00,21.09231,-3.796385,2013,5,147,18
2013-05-27 18:59:59,20.6661,-3.620828,2013,5,147,18
2013-05-27 19:30:00,19.76877,-3.205788,2013,5,147,19
2013-05-27 20:00:00,19.18314,-1.428895,2013,5,147,20
2013-05-27 20:29:59,19.084,-8.24117,2013,5,147,20
2013-05-27 21:00:00,19.7796,-2.128454,2013,5,147,21
2013-05-27 21:30:00,19.92777,1.00728,2013,5,147,21
2013-05-27 21:59:59,19.39352,-1.943722,2013,5,147,21
2013-05-27 22:30:00,18.52269,-2.172994,2013,5,147,22
2013-05-27 23:00:00,18.81025,-1.039404,2013,5,147,23
2013-05-27 23:29:59,19.07964,-3.784342,2013,5,147,23
2013-05-28 00:00:00,18.89358,-1.154664,2013,5,148,0
2013-05-28 00:30:00,18.83936,-1.854454,2013,5,148,0
2013-05-28 00:59:59,18.55101,-1.290443,2013,5,148,0
2013-05-28 01:30:00,18.05813,-1.542155,2013,5,148,1
2013-05-28 02:00:00,17.83481,-1.351305,2013,5,148,2
2013-05-28 02:29:59,17.85363,-3.65599,2013,5,148,2
2013-05-28 03:00:00,17.37675,-5.287172,2013,5,148,3
2013-05-28 03:30:00,16.21553,-2.021862,2013,5,148,3
2013-05-28 03:59:59,15.54872,-4.431629,2013,5,148,3
2013-05-28 04:30:00,14.7719,-2.163648,2013,5,148,4
2013-05-28 05:00:00,14.4365,-1.310848,2013,5,148,5
2013-05-28 05:29:59,14.2816,-1.185416,2013,5,148,5
2013-05-28 06:00:00,14.00163,-0.9175315,2013,5,148,6
2013-05-28 06:30:00,13.80733,-0.7794888,2013,5,148,6
2013-05-28 06:59:59,13.75969,0.6350311,2013,5,148,6
2013-05-28 07:30:00,13.93927,26.20325,2013,5,148,7
2013-05-28 08:00:00,13.88796,30.01358,2013,5,148,8
2013-05-28 08:29:59,13.94082,132.0863,2013,5,148,8
2013-05-28 09:00:00,14.18488,110.0054,2013,5,148,9
2013-05-28 09:30:00,14.52218,131.0997,2013,5,148,9
2013-05-28 09:59:59,14.81208,163.4776,2013,5,148,9
2013-05-28 10:30:00,15.37646,237.4371,2013,5,148,10
2013-05-28 11:00:00,16.0325,454.2067,2013,5,148,11
2013-05-28 11:29:59,17.16072,520.8901,2013,5,148,11
2013-05-28 12:00:00,17.72583,367.6832,2013,5,148,12
2013-05-28 12:30:00,17.77496,278.9212,2013,5,148,12
2013-05-28 12:59:59,17.93989,426.9415,2013,5,148,12
2013-05-28 13:30:00,18.58402,330.8808,2013,5,148,13
2013-05-28 14:00:00,18.17373,173.7426,2013,5,148,14
2013-05-28 14:29:59,17.73373,161.0864,2013,5,148,14
2013-05-28 15:00:00,17.75933,249.3838,2013,5,148,15
2013-05-28 15:30:00,17.9711,144.7037,2013,5,148,15
2013-05-28 15:59:59,17.73907,89.04,2013,5,148,15
2013-05-28 16:30:00,17.53702,49.44701,2013,5,148,16
2013-05-28 17:00:00,17.34148,22.64171,2013,5,148,17
2013-05-28 17:29:59,16.95127,-0.5410786,2013,5,148,17
2013-05-28 18:00:00,16.65924,-1.744213,2013,5,148,18
2013-05-28 18:30:00,16.36296,-2.738981,2013,5,148,18
2013-05-28 18:59:59,16.03073,-2.110304,2013,5,148,18
2013-05-28 19:30:00,15.87924,-1.912453,2013,5,148,19
2013-05-28 20:00:00,15.6585,-2.828892,2013,5,148,20
2013-05-28 20:29:59,15.35739,-2.721819,2013,5,148,20
2013-05-28 21:00:00,15.20013,-2.322511,2013,5,148,21
2013-05-28 21:30:00,15.319,-2.341815,2013,5,148,21
2013-05-28 21:59:59,15.32454,-2.69776,2013,5,148,21
2013-05-28 22:30:00,15.09511,-2.665043,2013,5,148,22
2013-05-28 23:00:00,14.96145,-2.808763,2013,5,148,23
2013-05-28 23:29:59,14.53178,-3.060418,2013,5,148,23
2013-05-29 00:00:00,14.9652,-0.8453378,2013,5,149,0
2013-05-29 00:30:00,15.29806,-0.7395186,2013,5,149,0
2013-05-29 00:59:59,14.29564,0.4364662,2013,5,149,0
2013-05-29 01:30:00,14.47663,-0.03093707,2013,5,149,1
2013-05-29 02:00:00,14.92678,-0.5766897,2013,5,149,2
2013-05-29 02:29:59,14.56846,-2.767768,2013,5,149,2
2013-05-29 03:00:00,11.91477,-3.538453,2013,5,149,3
2013-05-29 03:30:00,11.38918,-2.736328,2013,5,149,3
2013-05-29 03:59:59,11.30564,-0.6459357,2013,5,149,3
2013-05-29 04:30:00,11.26601,-0.9060807,2013,5,149,4
2013-05-29 05:00:00,11.14252,-2.639488,2013,5,149,5
2013-05-29 05:29:59,10.82086,-2.800526,2013,5,149,5
2013-05-29 06:00:00,10.91707,-2.93152,2013,5,149,6
2013-05-29 06:30:00,10.92928,-2.487011,2013,5,149,6
2013-05-29 06:59:59,10.92456,5.266159,2013,5,149,6
2013-05-29 07:30:00,11.02367,54.1772,2013,5,149,7
2013-05-29 08:00:00,10.90643,93.81594,2013,5,149,8
2013-05-29 08:29:59,11.53606,262.8499,2013,5,149,8
2013-05-29 09:00:00,12.51138,170.0142,2013,5,149,9
2013-05-29 09:30:00,12.50032,142.5337,2013,5,149,9
2013-05-29 09:59:59,13.09163,82.68803,2013,5,149,9
2013-05-29 10:30:00,12.70499,135.5697,2013,5,149,10
2013-05-29 11:00:00,13.62835,456.1463,2013,5,149,11
2013-05-29 11:29:59,13.6012,85.19495,2013,5,149,11
2013-05-29 12:00:00,12.80833,128.2198,2013,5,149,12
2013-05-29 12:30:00,13.0535,160.3706,2013,5,149,12
2013-05-29 12:59:59,13.57452,306.8715,2013,5,149,12
2013-05-29 13:30:00,14.38958,401.7301,2013,5,149,13
2013-05-29 14:00:00,15.09358,222.9507,2013,5,149,14
2013-05-29 14:29:59,15.63734,225.2675,2013,5,149,14
2013-05-29 15:00:00,15.8814,172.6626,2013,5,149,15
2013-05-29 15:30:00,16.05539,176.1014,2013,5,149,15
2013-05-29 15:59:59,16.09726,190.3257,2013,5,149,15
2013-05-29 16:30:00,16.02559,82.79441,2013,5,149,16
2013-05-29 17:00:00,15.90141,40.3699,2013,5,149,17
2013-05-29 17:29:59,15.51062,-0.9158712,2013,5,149,17
2013-05-29 18:00:00,15.11013,-3.448756,2013,5,149,18
2013-05-29 18:30:00,14.5332,-3.40109,2013,5,149,18
2013-05-29 18:59:59,14.04924,-2.392107,2013,5,149,18
2013-05-29 19:30:00,13.85949,-1.360896,2013,5,149,19
2013-05-29 20:00:00,14.08822,-0.974216,2013,5,149,20
2013-05-29 20:29:59,14.1053,-3.607481,2013,5,149,20
2013-05-29 21:00:00,13.59501,-3.895737,2013,5,149,21
2013-05-29 21:30:00,13.24307,-3.474979,2013,5,149,21
2013-05-29 21:59:59,12.87291,-4.165394,2013,5,149,21
2013-05-29 22:30:00,12.29656,-4.380182,2013,5,149,22
2013-05-29 23:00:00,11.81768,-4.344422,2013,5,149,23
2013-05-29 23:29:59,11.44166,-4.443427,2013,5,149,23
2013-05-30 00:00:00,11.02703,-4.110518,2013,5,150,0
2013-05-30 00:30:00,10.70535,-4.519183,2013,5,150,0
2013-05-30 00:59:59,10.16929,-4.485966,2013,5,150,0
2013-05-30 01:30:00,9.548844,-4.471884,2013,5,150,1
2013-05-30 02:00:00,9.282243,-4.473113,2013,5,150,2
2013-05-30 02:29:59,10.0881,-4.547666,2013,5,150,2
2013-05-30 03:00:00,10.27267,-4.691325,2013,5,150,3
2013-05-30 03:30:00,9.969872,-4.010599,2013,5,150,3
2013-05-30 03:59:59,9.530935,-4.050032,2013,5,150,3
2013-05-30 04:30:00,9.108856,-4.376102,2013,5,150,4
2013-05-30 05:00:00,8.629404,-4.023412,2013,5,150,5
2013-05-30 05:29:59,8.172821,-4.129947,2013,5,150,5
2013-05-30 06:00:00,8.310755,-3.944794,2013,5,150,6
2013-05-30 06:30:00,8.347588,-3.671556,2013,5,150,6
2013-05-30 06:59:59,8.324465,5.149324,2013,5,150,6
2013-05-30 07:30:00,8.467785,58.685,2013,5,150,7
2013-05-30 08:00:00,9.146696,146.832,2013,5,150,8
2013-05-30 08:29:59,10.40661,243.7406,2013,5,150,8
2013-05-30 09:00:00,11.6206,336.369,2013,5,150,9
2013-05-30 09:30:00,12.51011,420.3011,2013,5,150,9
2013-05-30 09:59:59,13.34993,492.6385,2013,5,150,9
2013-05-30 10:30:00,14.09116,552.6102,2013,5,150,10
2013-05-30 11:00:00,14.83882,593.4653,2013,5,150,11
2013-05-30 11:29:59,15.48471,651.8068,2013,5,150,11
2013-05-30 12:00:00,15.79569,519.7068,2013,5,150,12
2013-05-30 12:30:00,15.85002,431.4162,2013,5,150,12
2013-05-30 12:59:59,15.80228,280.8143,2013,5,150,12
2013-05-30 13:30:00,15.1245,149.8132,2013,5,150,13
2013-05-30 14:00:00,14.53138,146.9404,2013,5,150,14
2013-05-30 14:29:59,13.74979,220.4234,2013,5,150,14
2013-05-30 15:00:00,13.92977,264.6028,2013,5,150,15
2013-05-30 15:30:00,14.28844,180.4151,2013,5,150,15
2013-05-30 15:59:59,14.87045,213.8086,2013,5,150,15
2013-05-30 16:30:00,15.17142,105.3687,2013,5,150,16
2013-05-30 17:00:00,13.90126,8.832627,2013,5,150,17
2013-05-30 17:29:59,10.79819,-2.01437,2013,5,150,17
2013-05-30 18:00:00,10.88197,-2.63949,2013,5,150,18
2013-05-30 18:30:00,10.93691,-2.442148,2013,5,150,18
2013-05-30 18:59:59,10.76448,-3.668572,2013,5,150,18
2013-05-30 19:30:00,10.39394,-3.509317,2013,5,150,19
2013-05-30 20:00:00,10.17135,-2.681319,2013,5,150,20
2013-05-30 20:29:59,9.931814,-2.885594,2013,5,150,20
2013-05-30 21:00:00,9.761374,-2.142865,2013,5,150,21
2013-05-30 21:30:00,9.49009,-2.519121,2013,5,150,21
2013-05-30 21:59:59,8.986687,-1.106397,2013,5,150,21
2013-05-30 22:30:00,7.877091,-2.6296,2013,5,150,22
2013-05-30 23:00:00,7.226236,-3.948823,2013,5,150,23
2013-05-30 23:29:59,6.941902,-3.528502,2013,5,150,23
2013-05-31 00:00:00,6.444777,-2.321356,2013,5,151,0
2013-05-31 00:30:00,6.20165,-0.764174,2013,5,151,0
2013-05-31 00:59:59,6.215161,-0.5069287,2013,5,151,0
2013-05-31 01:30:00,6.053204,-2.724039,2013,5,151,1
2013-05-31 02:00:00,5.912542,-3.153533,2013,5,151,2
2013-05-31 02:29:59,5.593981,-3.855265,2013,5,151,2
2013-05-31 03:00:00,5.291776,-3.525397,2013,5,151,3
2013-05-31 03:30:00,5.242037,-3.395317,2013,5,151,3
2013-05-31 03:59:59,5.258042,-1.889757,2013,5,151,3
2013-05-31 04:30:00,5.359993,-1.425061,2013,5,151,4
2013-05-31 05:00:00,5.363204,-2.114839,2013,5,151,5
2013-05-31 05:29:59,5.552158,-1.457628,2013,5,151,5
2013-05-31 06:00:00,5.713943,-2.204758,2013,5,151,6
2013-05-31 06:30:00,5.825221,-2.976223,2013,5,151,6
2013-05-31 06:59:59,5.752394,1.807097,2013,5,151,6
2013-05-31 07:30:00,5.88909,31.60015,2013,5,151,7
2013-05-31 08:00:00,6.460347,86.03102,2013,5,151,8
2013-05-31 08:29:59,7.160641,208.3601,2013,5,151,8
2013-05-31 09:00:00,7.646275,265.9951,2013,5,151,9
2013-05-31 09:30:00,8.157835,418.1142,2013,5,151,9
2013-05-31 09:59:59,8.824765,446.5749,2013,5,151,9
2013-05-31 10:30:00,9.536998,536.2796,2013,5,151,10
2013-05-31 11:00:00,10.21187,525.5144,2013,5,151,11
2013-05-31 11:29:59,10.77178,621.6857,2013,5,151,11
2013-05-31 12:00:00,10.98249,512.7344,2013,5,151,12
2013-05-31 12:30:00,11.32231,640.8416,2013,5,151,12
2013-05-31 12:59:59,11.65693,533.1591,2013,5,151,12
2013-05-31 13:30:00,11.68865,424.7389,2013,5,151,13
2013-05-31 14:00:00,11.79482,391.3014,2013,5,151,14
2013-05-31 14:29:59,11.93832,307.5467,2013,5,151,14
2013-05-31 15:00:00,12.10056,294.6561,2013,5,151,15
2013-05-31 15:30:00,11.6708,137.8675,2013,5,151,15
2013-05-31 15:59:59,11.89286,249.411,2013,5,151,15
2013-05-31 16:30:00,11.89631,119.8728,2013,5,151,16
2013-05-31 17:00:00,11.35811,52.61809,2013,5,151,17
2013-05-31 17:29:59,11.13851,0.1437134,2013,5,151,17
2013-05-31 18:00:00,10.8738,-4.232878,2013,5,151,18
2013-05-31 18:30:00,10.22696,-4.824898,2013,5,151,18
2013-05-31 18:59:59,9.595418,-4.417033,2013,5,151,18
2013-05-31 19:30:00,9.141858,-4.336303,2013,5,151,19
2013-05-31 20:00:00,9.158772,-3.989912,2013,5,151,20
2013-05-31 20:29:59,8.807664,-4.12051,2013,5,151,20
2013-05-31 21:00:00,8.369884,-4.099514,2013,5,151,21
2013-05-31 21:30:00,7.924298,-4.050054,2013,5,151,21
2013-05-31 21:59:59,7.630949,-3.918309,2013,5,151,21
2013-05-31 22:30:00,7.134173,-3.92622,2013,5,151,22
2013-05-31 23:00:00,6.688037,-3.811112,2013,5,151,23
2013-05-31 23:29:59,6.343866,-3.747156,2013,5,151,23
2013-06-01 00:00:00,6.252177,-3.65046,2013,6,152,0
2013-06-01 00:30:00,6.183096,-3.805213,2013,6,152,0
2013-06-01 00:59:59,5.931691,-0.727205,2013,6,152,0
2013-06-01 01:30:00,5.914887,-0.1999617,2013,6,152,1
2013-06-01 02:00:00,6.066549,-0.248712,2013,6,152,2
2013-06-01 02:29:59,6.230957,-0.7381997,2013,6,152,2
2013-06-01 03:00:00,6.294184,-0.8135672,2013,6,152,3
2013-06-01 03:30:00,6.480587,-1.049044,2013,6,152,3
2013-06-01 03:59:59,6.662725,-0.6245634,2013,6,152,3
2013-06-01 04:30:00,6.703267,-0.5125969,2013,6,152,4
2013-06-01 05:00:00,6.684568,-0.4017082,2013,6,152,5
2013-06-01 05:29:59,6.870854,-0.3452536,2013,6,152,5
2013-06-01 06:00:00,7.115894,-0.4876944,2013,6,152,6
2013-06-01 06:30:00,7.378161,-0.6492918,2013,6,152,6
2013-06-01 06:59:59,7.631577,1.613754,2013,6,152,6
2013-06-01 07:30:00,7.968084,20.19439,2013,6,152,7
2013-06-01 08:00:00,8.376172,67.93581,2013,6,152,8
2013-06-01 08:29:59,8.827348,89.57993,2013,6,152,8
2013-06-01 09:00:00,9.179914,121.4958,2013,6,152,9
2013-06-01 09:30:00,9.510204,154.1726,2013,6,152,9
2013-06-01 09:59:59,9.599872,161.0007,2013,6,152,9
2013-06-01 10:30:00,9.739462,204.151,2013,6,152,10
2013-06-01 11:00:00,10.10177,248.2924,2013,6,152,11
2013-06-01 11:29:59,10.64436,195.6154,2013,6,152,11
2013-06-01 12:00:00,11.01287,179.1644,2013,6,152,12
2013-06-01 12:30:00,11.33483,200.5266,2013,6,152,12
2013-06-01 12:59:59,11.39782,224.0795,2013,6,152,12
2013-06-01 13:30:00,12.49872,293.4814,2013,6,152,13
2013-06-01 14:00:00,13.22173,312.4765,2013,6,152,14
2013-06-01 14:29:59,13.92495,227.2543,2013,6,152,14
2013-06-01 15:00:00,14.1689,229.557,2013,6,152,15
2013-06-01 15:30:00,14.6172,146.1381,2013,6,152,15
2013-06-01 15:59:59,14.75875,139.8846,2013,6,152,15
2013-06-01 16:30:00,14.9207,98.13899,2013,6,152,16
2013-06-01 17:00:00,14.64139,12.84694,2013,6,152,17
2013-06-01 17:29:59,14.39329,-0.4922917,2013,6,152,17
2013-06-01 18:00:00,13.86758,-1.977616,2013,6,152,18
2013-06-01 18:30:00,13.50853,-3.096501,2013,6,152,18
2013-06-01 18:59:59,13.15264,-2.436761,2013,6,152,18
2013-06-01 19:30:00,13.08968,-1.660955,2013,6,152,19
2013-06-01 20:00:00,12.81677,-1.110097,2013,6,152,20
2013-06-01 20:29:59,12.71486,-0.6136746,2013,6,152,20
2013-06-01 21:00:00,12.52299,-0.739868,2013,6,152,21
2013-06-01 21:30:00,12.26757,-1.398139,2013,6,152,21
2013-06-01 21:59:59,12.17885,-0.6261968,2013,6,152,21
2013-06-01 22:30:00,12.19301,-0.48035,2013,6,152,22
2013-06-01 23:00:00,11.9622,-0.6041847,2013,6,152,23
2013-06-01 23:29:59,11.50662,-0.5913096,2013,6,152,23
2013-06-02 00:00:00,11.18433,-0.8499258,2013,6,153,0
2013-06-02 00:30:00,10.98078,-0.7711583,2013,6,153,0
2013-06-02 00:59:59,10.87058,-0.4800133,2013,6,153,0
2013-06-02 01:30:00,10.69562,-1.446114,2013,6,153,1
2013-06-02 02:00:00,10.20039,-1.642673,2013,6,153,2
2013-06-02 02:29:59,10.01174,-1.547029,2013,6,153,2
2013-06-02 03:00:00,10.14859,-1.690478,2013,6,153,3
2013-06-02 03:30:00,9.88328,-1.31678,2013,6,153,3
2013-06-02 03:59:59,9.931208,-1.220134,2013,6,153,3
2013-06-02 04:30:00,10.06145,-0.7319971,2013,6,153,4
2013-06-02 05:00:00,10.04314,-0.457416,2013,6,153,5
2013-06-02 05:29:59,9.860212,-0.4330754,2013,6,153,5
2013-06-02 06:00:00,9.716013,-0.3515582,2013,6,153,6
2013-06-02 06:30:00,9.621982,-0.4539971,2013,6,153,6
2013-06-02 06:59:59,9.338816,0.8559675,2013,6,153,6
2013-06-02 07:30:00,9.447902,12.1046,2013,6,153,7
2013-06-02 08:00:00,9.574739,34.74629,2013,6,153,8
2013-06-02 08:29:59,9.704708,68.25717,2013,6,153,8
2013-06-02 09:00:00,9.717099,77.59097,2013,6,153,9
2013-06-02 09:30:00,10.00342,133.9257,2013,6,153,9
2013-06-02 09:59:59,10.47592,133.2033,2013,6,153,9
2013-06-02 10:30:00,10.79816,179.1337,2013,6,153,10
2013-06-02 11:00:00,11.11329,243.4408,2013,6,153,11
2013-06-02 11:29:59,11.31468,291.3551,2013,6,153,11
2013-06-02 12:00:00,11.41146,366.8561,2013,6,153,12
2013-06-02 12:30:00,11.75333,461.6733,2013,6,153,12
2013-06-02 12:59:59,11.97124,450.5368,2013,6,153,12
2013-06-02 13:30:00,12.12061,323.4802,2013,6,153,13
2013-06-02 14:00:00,12.28599,305.2823,2013,6,153,14
2013-06-02 14:29:59,12.62526,330.0032,2013,6,153,14
2013-06-02 15:00:00,12.50066,192.9017,2013,6,153,15
2013-06-02 15:30:00,12.43121,135.1876,2013,6,153,15
2013-06-02 15:59:59,12.37194,89.2922,2013,6,153,15
2013-06-02 16:30:00,12.26241,48.70433,2013,6,153,16
2013-06-02 17:00:00,12.31917,13.29692,2013,6,153,17
2013-06-02 17:29:59,12.32971,0.3653741,2013,6,153,17
2013-06-02 18:00:00,12.32408,-0.9662836,2013,6,153,18
2013-06-02 18:30:00,12.31158,-0.9595896,2013,6,153,18
2013-06-02 18:59:59,12.32571,-0.8326881,2013,6,153,18
2013-06-02 19:30:00,12.26506,-0.8655219,2013,6,153,19
2013-06-02 20:00:00,12.26289,-0.8612138,2013,6,153,20
2013-06-02 20:29:59,12.33184,-0.8450061,2013,6,153,20
2013-06-02 21:00:00,12.42919,-0.7891371,2013,6,153,21
2013-06-02 21:30:00,12.44159,-0.7951143,2013,6,153,21
2013-06-02 21:59:59,12.39838,-0.8137153,2013,6,153,21
2013-06-02 22:30:00,12.52592,-0.7597143,2013,6,153,22
2013-06-02 23:00:00,12.62451,-0.9105422,2013,6,153,23
2013-06-02 23:29:59,12.68099,-0.9508681,2013,6,153,23
2013-06-03 00:00:00,12.62681,-1.253191,2013,6,154,0
2013-06-03 00:30:00,12.54697,-1.019751,2013,6,154,0
2013-06-03 00:59:59,12.34833,-1.036001,2013,6,154,0
2013-06-03 01:30:00,12.00651,-0.9611999,2013,6,154,1
2013-06-03 02:00:00,11.41811,-2.961766,2013,6,154,2
2013-06-03 02:29:59,10.65863,-1.676497,2013,6,154,2
2013-06-03 03:00:00,11.03138,-1.45439,2013,6,154,3
2013-06-03 03:30:00,11.23823,-1.266587,2013,6,154,3
2013-06-03 03:59:59,11.30261,-1.074823,2013,6,154,3
2013-06-03 04:30:00,11.40331,-1.052009,2013,6,154,4
2013-06-03 05:00:00,11.46068,-0.8892707,2013,6,154,5
2013-06-03 05:29:59,11.57522,-0.9644673,2013,6,154,5
2013-06-03 06:00:00,11.48206,-0.831196,2013,6,154,6
2013-06-03 06:30:00,11.14451,-1.939248,2013,6,154,6
2013-06-03 06:59:59,11.1338,-0.4428366,2013,6,154,6
2013-06-03 07:30:00,11.39499,7.590195,2013,6,154,7
2013-06-03 08:00:00,11.61935,19.44089,2013,6,154,8
2013-06-03 08:29:59,11.82678,51.53101,2013,6,154,8
2013-06-03 09:00:00,11.97891,82.93163,2013,6,154,9
2013-06-03 09:30:00,12.18351,124.081,2013,6,154,9
2013-06-03 09:59:59,12.51844,211.4528,2013,6,154,9
2013-06-03 10:30:00,13.03013,239.7461,2013,6,154,10
2013-06-03 11:00:00,13.08019,279.0352,2013,6,154,11
2013-06-03 11:29:59,13.4881,279.0638,2013,6,154,11
2013-06-03 12:00:00,13.78081,212.5524,2013,6,154,12
2013-06-03 12:30:00,13.98102,220.6963,2013,6,154,12
2013-06-03 12:59:59,14.01039,248.6264,2013,6,154,12
2013-06-03 13:30:00,14.04352,255.9027,2013,6,154,13
2013-06-03 14:00:00,14.49579,361.95,2013,6,154,14
2013-06-03 14:29:59,14.92113,487.9238,2013,6,154,14
2013-06-03 15:00:00,15.08177,372.3261,2013,6,154,15
2013-06-03 15:30:00,15.00619,293.3536,2013,6,154,15
2013-06-03 15:59:59,14.75502,126.2966,2013,6,154,15
2013-06-03 16:30:00,14.67205,83.36188,2013,6,154,16
2013-06-03 17:00:00,14.36505,27.62324,2013,6,154,17
2013-06-03 17:29:59,13.95584,-1.339711,2013,6,154,17
2013-06-03 18:00:00,13.31945,-4.046997,2013,6,154,18
2013-06-03 18:30:00,12.84631,-3.766901,2013,6,154,18
2013-06-03 18:59:59,12.5259,-3.932584,2013,6,154,18
2013-06-03 19:30:00,11.99243,-3.791691,2013,6,154,19
2013-06-03 20:00:00,11.45806,-3.647627,2013,6,154,20
2013-06-03 20:29:59,11.01745,-1.88288,2013,6,154,20
2013-06-03 21:00:00,10.93485,-1.107284,2013,6,154,21
2013-06-03 21:30:00,10.94721,-1.801959,2013,6,154,21
2013-06-03 21:59:59,10.80788,-3.374378,2013,6,154,21
2013-06-03 22:30:00,10.90025,-3.431604,2013,6,154,22
2013-06-03 23:00:00,10.71798,-3.597633,2013,6,154,23
2013-06-03 23:29:59,10.40338,-3.497573,2013,6,154,23
2013-06-04 00:00:00,9.939103,-2.471219,2013,6,155,0
2013-06-04 00:30:00,9.697382,-0.3882724,2013,6,155,0
2013-06-04 00:59:59,9.510541,-0.43235,2013,6,155,0
2013-06-04 01:30:00,9.736836,-0.2703307,2013,6,155,1
2013-06-04 02:00:00,9.746005,-0.6279578,2013,6,155,2
2013-06-04 02:29:59,9.843141,-0.7020926,2013,6,155,2
2013-06-04 03:00:00,9.931682,-1.359408,2013,6,155,3
2013-06-04 03:30:00,9.866162,-1.317991,2013,6,155,3
2013-06-04 03:59:59,9.843832,-0.5690292,2013,6,155,3
2013-06-04 04:30:00,9.963254,-0.3192785,2013,6,155,4
2013-06-04 05:00:00,10.14281,-0.3056864,2013,6,155,5
2013-06-04 05:29:59,10.18628,-0.3286392,2013,6,155,5
2013-06-04 06:00:00,10.2826,-0.3413284,2013,6,155,6
2013-06-04 06:30:00,10.30683,-0.5698257,2013,6,155,6
2013-06-04 06:59:59,10.24396,1.858745,2013,6,155,6
2013-06-04 07:30:00,10.21583,19.03294,2013,6,155,7
2013-06-04 08:00:00,10.33247,56.55268,2013,6,155,8
2013-06-04 08:29:59,10.64996,88.83949,2013,6,155,8
2013-06-04 09:00:00,10.91491,142.0295,2013,6,155,9
2013-06-04 09:30:00,11.55006,202.298,2013,6,155,9
2013-06-04 09:59:59,12.09181,214.2274,2013,6,155,9
2013-06-04 10:30:00,12.64499,279.3763,2013,6,155,10
2013-06-04 11:00:00,13.08736,226.4797,2013,6,155,11
2013-06-04 11:29:59,13.35067,201.655,2013,6,155,11
2013-06-04 12:00:00,13.57913,172.8438,2013,6,155,12
2013-06-04 12:30:00,13.59004,139.0368,2013,6,155,12
2013-06-04 12:59:59,13.98634,286.4289,2013,6,155,12
2013-06-04 13:30:00,13.99434,239.6631,2013,6,155,13
2013-06-04 14:00:00,13.9382,210.6577,2013,6,155,14
2013-06-04 14:29:59,13.86908,147.5758,2013,6,155,14
2013-06-04 15:00:00,13.9531,112.832,2013,6,155,15
2013-06-04 15:30:00,13.96852,96.18599,2013,6,155,15
2013-06-04 15:59:59,14.14899,76.69566,2013,6,155,15
2013-06-04 16:30:00,14.15003,32.87888,2013,6,155,16
2013-06-04 17:00:00,13.97163,9.853375,2013,6,155,17
2013-06-04 17:29:59,13.59263,-0.5160441,2013,6,155,17
2013-06-04 18:00:00,13.08794,-1.057311,2013,6,155,18
2013-06-04 18:30:00,12.63347,-1.015698,2013,6,155,18
2013-06-04 18:59:59,12.45699,-0.8534341,2013,6,155,18
2013-06-04 19:30:00,12.15889,-0.9274607,2013,6,155,19
2013-06-04 20:00:00,11.74593,-0.8243365,2013,6,155,20
2013-06-04 20:29:59,12.01596,-0.3972254,2013,6,155,20
2013-06-04 21:00:00,12.31321,-0.5302618,2013,6,155,21
2013-06-04 21:30:00,12.08856,-0.8306149,2013,6,155,21
2013-06-04 21:59:59,11.91807,-1.710935,2013,6,155,21
2013-06-04 22:30:00,11.80375,-1.631694,2013,6,155,22
2013-06-04 23:00:00,11.72252,-1.640962,2013,6,155,23
2013-06-04 23:29:59,11.64321,-1.926217,2013,6,155,23
2013-06-05 00:00:00,11.4794,-1.136689,2013,6,156,0
2013-06-05 00:30:00,11.3481,-0.9152696,2013,6,156,0
2013-06-05 00:59:59,11.31963,-0.8454526,2013,6,156,0
2013-06-05 01:30:00,11.33261,-1.686243,2013,6,156,1
2013-06-05 02:00:00,11.11927,-3.388312,2013,6,156,2
2013-06-05 02:29:59,10.88523,-3.131082,2013,6,156,2
2013-06-05 03:00:00,10.88876,-1.893605,2013,6,156,3
2013-06-05 03:30:00,10.82477,-2.51143,2013,6,156,3
2013-06-05 03:59:59,10.80692,-2.379094,2013,6,156,3
2013-06-05 04:30:00,10.43626,-2.476904,2013,6,156,4
2013-06-05 05:00:00,10.12925,-1.241023,2013,6,156,5
2013-06-05 05:29:59,10.12589,-1.386536,2013,6,156,5
2013-06-05 06:00:00,9.901468,-0.6474222,2013,6,156,6
2013-06-05 06:30:00,9.948697,-0.1880156,2013,6,156,6
2013-06-05 06:59:59,10.79203,1.220548,2013,6,156,6
2013-06-05 07:30:00,11.29091,20.03452,2013,6,156,7
2013-06-05 08:00:00,10.67447,53.68214,2013,6,156,8
2013-06-05 08:29:59,10.73198,229.1247,2013,6,156,8
2013-06-05 09:00:00,12.05856,320.4771,2013,6,156,9
2013-06-05 09:30:00,12.97362,404.3185,2013,6,156,9
2013-06-05 09:59:59,13.61569,479.808,2013,6,156,9
2013-06-05 10:30:00,14.327,493.4089,2013,6,156,10
2013-06-05 11:00:00,14.82276,515.6561,2013,6,156,11
2013-06-05 11:29:59,15.32016,572.7722,2013,6,156,11
2013-06-05 12:00:00,15.33162,463.9738,2013,6,156,12
2013-06-05 12:30:00,15.90357,557.9025,2013,6,156,12
2013-06-05 12:59:59,16.33417,561.6293,2013,6,156,12
2013-06-05 13:30:00,16.75614,588.5646,2013,6,156,13
2013-06-05 14:00:00,16.80926,532.0728,2013,6,156,14
2013-06-05 14:29:59,17.13223,470.1814,2013,6,156,14
2013-06-05 15:00:00,17.55823,396.8979,2013,6,156,15
2013-06-05 15:30:00,17.74776,312.5045,2013,6,156,15
2013-06-05 15:59:59,17.92099,222.0311,2013,6,156,15
2013-06-05 16:30:00,17.86265,128.0403,2013,6,156,16
2013-06-05 17:00:00,17.5507,41.76758,2013,6,156,17
2013-06-05 17:29:59,16.96692,-2.356479,2013,6,156,17
2013-06-05 18:00:00,16.55482,-4.683932,2013,6,156,18
2013-06-05 18:30:00,16.12251,-3.916432,2013,6,156,18
2013-06-05 18:59:59,15.80418,-4.031995,2013,6,156,18
2013-06-05 19:30:00,15.32559,-3.934976,2013,6,156,19
2013-06-05 20:00:00,14.9076,-3.624252,2013,6,156,20
2013-06-05 20:29:59,14.89793,-3.646559,2013,6,156,20
2013-06-05 21:00:00,14.15835,-3.987068,2013,6,156,21
2013-06-05 21:30:00,14.46472,-3.060618,2013,6,156,21
2013-06-05 21:59:59,13.96515,-3.907057,2013,6,156,21
2013-06-05 22:30:00,12.01483,-4.338321,2013,6,156,22
2013-06-05 23:00:00,11.26093,-3.927845,2013,6,156,23
2013-06-05 23:29:59,10.68556,-3.793216,2013,6,156,23
2013-06-06 00:00:00,10.30674,-3.669239,2013,6,157,0
2013-06-06 00:30:00,10.19635,-3.591168,2013,6,157,0
2013-06-06 00:59:59,9.777971,-3.711879,2013,6,157,0
2013-06-06 01:30:00,9.912634,-3.407655,2013,6,157,1
2013-06-06 02:00:00,9.963,-3.707455,2013,6,157,2
2013-06-06 02:29:59,9.710035,-3.686555,2013,6,157,2
2013-06-06 03:00:00,9.370692,-3.676121,2013,6,157,3
2013-06-06 03:30:00,8.856412,-3.734981,2013,6,157,3
2013-06-06 03:59:59,8.378146,-3.445306,2013,6,157,3
2013-06-06 04:30:00,8.03225,-3.336909,2013,6,157,4
2013-06-06 05:00:00,7.743512,-3.59291,2013,6,157,5
2013-06-06 05:29:59,7.368607,-3.500128,2013,6,157,5
2013-06-06 06:00:00,6.909604,-3.426479,2013,6,157,6
2013-06-06 06:30:00,6.929808,-2.63812,2013,6,157,6
2013-06-06 06:59:59,7.180715,2.503305,2013,6,157,6
2013-06-06 07:30:00,7.689336,38.14521,2013,6,157,7
2013-06-06 08:00:00,8.601548,120.1239,2013,6,157,8
2013-06-06 08:29:59,9.685334,229.6585,2013,6,157,8
2013-06-06 09:00:00,11.93488,316.3147,2013,6,157,9
2013-06-06 09:30:00,13.07369,404.9461,2013,6,157,9
2013-06-06 09:59:59,13.79463,489.3183,2013,6,157,9
2013-06-06 10:30:00,14.3966,526.0269,2013,6,157,10
2013-06-06 11:00:00,14.45958,458.1682,2013,6,157,11
2013-06-06 11:29:59,14.86898,446.2009,2013,6,157,11
2013-06-06 12:00:00,14.96909,576.298,2013,6,157,12
2013-06-06 12:30:00,15.65965,630.4435,2013,6,157,12
2013-06-06 12:59:59,15.90355,495.8353,2013,6,157,12
2013-06-06 13:30:00,16.47664,517.9816,2013,6,157,13
2013-06-06 14:00:00,16.73383,506.8567,2013,6,157,14
2013-06-06 14:29:59,17.43466,473.2658,2013,6,157,14
2013-06-06 15:00:00,17.23348,351.5335,2013,6,157,15
2013-06-06 15:30:00,17.55535,309.0392,2013,6,157,15
2013-06-06 15:59:59,17.44478,176.7754,2013,6,157,15
2013-06-06 16:30:00,17.49052,123.1067,2013,6,157,16
2013-06-06 17:00:00,17.07947,37.54311,2013,6,157,17
2013-06-06 17:29:59,16.39986,-2.411954,2013,6,157,17
2013-06-06 18:00:00,15.87528,-2.80465,2013,6,157,18
2013-06-06 18:30:00,15.95759,-1.135761,2013,6,157,18
2013-06-06 18:59:59,15.79305,-1.418487,2013,6,157,18
2013-06-06 19:30:00,15.45453,-1.901471,2013,6,157,19
2013-06-06 20:00:00,15.41935,-1.383802,2013,6,157,20
2013-06-06 20:29:59,15.49551,-1.364823,2013,6,157,20
2013-06-06 21:00:00,15.35077,-1.530237,2013,6,157,21
2013-06-06 21:30:00,15.46465,-1.28102,2013,6,157,21
2013-06-06 21:59:59,15.42445,-1.036818,2013,6,157,21
2013-06-06 22:30:00,15.61528,-1.115836,2013,6,157,22
2013-06-06 23:00:00,15.36962,-1.525981,2013,6,157,23
2013-06-06 23:29:59,15.18177,-2.141065,2013,6,157,23
2013-06-07 00:00:00,14.55974,-3.06762,2013,6,158,0
2013-06-07 00:30:00,13.74673,-3.387024,2013,6,158,0
2013-06-07 00:59:59,13.07098,-4.284165,2013,6,158,0
2013-06-07 01:30:00,12.4489,-2.908828,2013,6,158,1
2013-06-07 02:00:00,12.09113,-2.764072,2013,6,158,2
2013-06-07 02:29:59,11.79292,-4.05911,2013,6,158,2
2013-06-07 03:00:00,11.46786,-2.648935,2013,6,158,3
2013-06-07 03:30:00,11.12938,-3.648734,2013,6,158,3
2013-06-07 03:59:59,10.68614,-3.583097,2013,6,158,3
2013-06-07 04:30:00,9.878473,-3.818855,2013,6,158,4
2013-06-07 05:00:00,9.356334,-3.435642,2013,6,158,5
2013-06-07 05:29:59,9.114825,-2.898436,2013,6,158,5
2013-06-07 06:00:00,8.627035,-3.3451,2013,6,158,6
2013-06-07 06:30:00,8.539721,-1.666841,2013,6,158,6
2013-06-07 06:59:59,8.522154,1.857579,2013,6,158,6
2013-06-07 07:30:00,8.401121,32.25937,2013,6,158,7
2013-06-07 08:00:00,8.544439,127.4269,2013,6,158,8
2013-06-07 08:29:59,9.152347,215.7771,2013,6,158,8
2013-06-07 09:00:00,11.2596,281.8476,2013,6,158,9
2013-06-07 09:30:00,12.75558,397.1441,2013,6,158,9
2013-06-07 09:59:59,13.59328,468.4365,2013,6,158,9
2013-06-07 10:30:00,14.42555,474.7231,2013,6,158,10
2013-06-07 11:00:00,15.02065,495.6679,2013,6,158,11
2013-06-07 11:29:59,15.25448,384.802,2013,6,158,11
2013-06-07 12:00:00,15.68748,468.2416,2013,6,158,12
2013-06-07 12:30:00,16.19945,634.7035,2013,6,158,12
2013-06-07 12:59:59,16.89167,676.3374,2013,6,158,12
2013-06-07 13:30:00,17.00086,560.0887,2013,6,158,13
2013-06-07 14:00:00,17.0517,529.4865,2013,6,158,14
2013-06-07 14:29:59,17.46378,467.5105,2013,6,158,14
2013-06-07 15:00:00,17.73884,393.2839,2013,6,158,15
2013-06-07 15:30:00,17.75986,308.487,2013,6,158,15
2013-06-07 15:59:59,17.7328,217.2657,2013,6,158,15
2013-06-07 16:30:00,17.74102,124.3671,2013,6,158,16
2013-06-07 17:00:00,17.35247,38.85375,2013,6,158,17
2013-06-07 17:29:59,16.51404,-2.231956,2013,6,158,17
2013-06-07 18:00:00,15.6879,-4.677907,2013,6,158,18
2013-06-07 18:30:00,15.11291,-4.506811,2013,6,158,18
2013-06-07 18:59:59,14.62288,-4.477987,2013,6,158,18
2013-06-07 19:30:00,14.23304,-4.482693,2013,6,158,19
2013-06-07 20:00:00,13.74877,-4.262682,2013,6,158,20
2013-06-07 20:29:59,13.64701,-3.840632,2013,6,158,20
2013-06-07 21:00:00,12.90669,-4.175119,2013,6,158,21
2013-06-07 21:30:00,12.22225,-4.148057,2013,6,158,21
2013-06-07 21:59:59,11.85933,-3.326671,2013,6,158,21
2013-06-07 22:30:00,12.03788,-2.598234,2013,6,158,22
2013-06-07 23:00:00,11.90618,-2.362655,2013,6,158,23
2013-06-07 23:29:59,11.92219,-2.196372,2013,6,158,23
2013-06-08 00:00:00,11.27312,-3.201382,2013,6,159,0
2013-06-08 00:30:00,10.76981,-3.797142,2013,6,159,0
2013-06-08 00:59:59,9.525357,-3.599362,2013,6,159,0
2013-06-08 01:30:00,10.26198,-2.910349,2013,6,159,1
2013-06-08 02:00:00,10.51834,-3.211735,2013,6,159,2
2013-06-08 02:29:59,10.20048,-3.439672,2013,6,159,2
2013-06-08 03:00:00,10.10924,-3.248783,2013,6,159,3
2013-06-08 03:30:00,10.15305,-3.500782,2013,6,159,3
2013-06-08 03:59:59,9.791591,-3.518353,2013,6,159,3
2013-06-08 04:30:00,7.882864,-4.182636,2013,6,159,4
2013-06-08 05:00:00,7.530411,-2.850444,2013,6,159,5
2013-06-08 05:29:59,7.570968,-2.639045,2013,6,159,5
2013-06-08 06:00:00,7.289811,-2.600698,2013,6,159,6
2013-06-08 06:30:00,7.205342,-2.664872,2013,6,159,6
2013-06-08 06:59:59,7.067799,3.181571,2013,6,159,6
2013-06-08 07:30:00,7.883511,51.794,2013,6,159,7
2013-06-08 08:00:00,9.475458,133.4152,2013,6,159,8
2013-06-08 08:29:59,8.791298,217.0226,2013,6,159,8
2013-06-08 09:00:00,10.2705,311.0818,2013,6,159,9
2013-06-08 09:30:00,12.89133,394.7255,2013,6,159,9
2013-06-08 09:59:59,14.98655,465.403,2013,6,159,9
2013-06-08 10:30:00,16.35265,524.6313,2013,6,159,10
2013-06-08 11:00:00,17.82609,571.8155,2013,6,159,11
2013-06-08 11:29:59,18.55547,530.8983,2013,6,159,11
2013-06-08 12:00:00,18.95022,601.0888,2013,6,159,12
2013-06-08 12:30:00,19.14079,579.9088,2013,6,159,12
2013-06-08 12:59:59,19.67946,612.8817,2013,6,159,12
2013-06-08 13:30:00,19.95698,565.1265,2013,6,159,13
2013-06-08 14:00:00,20.46403,554.7911,2013,6,159,14
2013-06-08 14:29:59,20.46505,460.5061,2013,6,159,14
2013-06-08 15:00:00,20.52714,362.833,2013,6,159,15
2013-06-08 15:30:00,20.4863,252.0391,2013,6,159,15
2013-06-08 15:59:59,20.6172,198.5918,2013,6,159,15
2013-06-08 16:30:00,20.60265,98.81315,2013,6,159,16
2013-06-08 17:00:00,20.23891,26.17233,2013,6,159,17
2013-06-08 17:29:59,19.93652,-1.739678,2013,6,159,17
2013-06-08 18:00:00,19.54574,-3.414887,2013,6,159,18
2013-06-08 18:30:00,19.2876,-3.992472,2013,6,159,18
2013-06-08 18:59:59,18.57844,-4.174294,2013,6,159,18
2013-06-08 19:30:00,18.13213,-3.864005,2013,6,159,19
2013-06-08 20:00:00,16.92318,-4.051892,2013,6,159,20
2013-06-08 20:29:59,16.83331,-3.487344,2013,6,159,20
2013-06-08 21:00:00,16.63189,-3.489022,2013,6,159,21
2013-06-08 21:30:00,16.46936,-3.253932,2013,6,159,21
2013-06-08 21:59:59,15.97869,-3.430563,2013,6,159,21
2013-06-08 22:30:00,15.25093,-3.757331,2013,6,159,22
2013-06-08 23:00:00,14.5597,-3.44672,2013,6,159,23
2013-06-08 23:29:59,14.88765,-3.196984,2013,6,159,23
2013-06-09 00:00:00,14.2293,-3.867926,2013,6,160,0
2013-06-09 00:30:00,13.70085,-3.80275,2013,6,160,0
2013-06-09 00:59:59,13.863,-3.279222,2013,6,160,0
2013-06-09 01:30:00,13.57971,-3.485987,2013,6,160,1
2013-06-09 02:00:00,13.0483,-3.98428,2013,6,160,2
2013-06-09 02:29:59,12.3725,-3.388752,2013,6,160,2
2013-06-09 03:00:00,12.39168,-3.2299,2013,6,160,3
2013-06-09 03:30:00,12.58673,-2.976823,2013,6,160,3
2013-06-09 03:59:59,12.80606,-3.487529,2013,6,160,3
2013-06-09 04:30:00,12.32534,-3.048194,2013,6,160,4
2013-06-09 05:00:00,12.05362,-1.724827,2013,6,160,5
2013-06-09 05:29:59,11.91621,-1.373441,2013,6,160,5
2013-06-09 06:00:00,11.61599,-2.976579,2013,6,160,6
2013-06-09 06:30:00,11.41719,-2.500359,2013,6,160,6
2013-06-09 06:59:59,11.87393,2.065622,2013,6,160,6
2013-06-09 07:30:00,12.22538,45.84618,2013,6,160,7
2013-06-09 08:00:00,13.33836,126.3812,2013,6,160,8
2013-06-09 08:29:59,14.54845,217.5093,2013,6,160,8
2013-06-09 09:00:00,16.44299,304.8176,2013,6,160,9
2013-06-09 09:30:00,15.8639,388.3364,2013,6,160,9
2013-06-09 09:59:59,16.5587,462.3851,2013,6,160,9
2013-06-09 10:30:00,17.5976,522.4327,2013,6,160,10
2013-06-09 11:00:00,18.08026,569.0925,2013,6,160,11
2013-06-09 11:29:59,18.69964,601.7489,2013,6,160,11
2013-06-09 12:00:00,19.23538,616.3802,2013,6,160,12
2013-06-09 12:30:00,20.08372,624.3021,2013,6,160,12
2013-06-09 12:59:59,20.31224,582.7006,2013,6,160,12
2013-06-09 13:30:00,20.51062,555.4422,2013,6,160,13
2013-06-09 14:00:00,20.58843,374.9801,2013,6,160,14
2013-06-09 14:29:59,20.78134,350.5398,2013,6,160,14
2013-06-09 15:00:00,21.08121,394.636,2013,6,160,15
2013-06-09 15:30:00,21.19955,309.9691,2013,6,160,15
2013-06-09 15:59:59,21.02402,218.73,2013,6,160,15
2013-06-09 16:30:00,21.00443,124.3819,2013,6,160,16
2013-06-09 17:00:00,20.72853,40.17802,2013,6,160,17
2013-06-09 17:29:59,20.09476,-2.081024,2013,6,160,17
2013-06-09 18:00:00,19.51603,-4.370155,2013,6,160,18
2013-06-09 18:30:00,19.02237,-3.950565,2013,6,160,18
2013-06-09 18:59:59,18.38495,-4.373623,2013,6,160,18
2013-06-09 19:30:00,18.08646,-4.260258,2013,6,160,19
2013-06-09 20:00:00,17.79911,-4.057552,2013,6,160,20
2013-06-09 20:29:59,17.66962,-4.429739,2013,6,160,20
2013-06-09 21:00:00,16.90174,-3.53837,2013,6,160,21
2013-06-09 21:30:00,17.00925,-3.623572,2013,6,160,21
2013-06-09 21:59:59,16.13688,-3.872023,2013,6,160,21
2013-06-09 22:30:00,15.62712,-3.664518,2013,6,160,22
2013-06-09 23:00:00,15.30806,-3.642498,2013,6,160,23
2013-06-09 23:29:59,14.66777,-3.945223,2013,6,160,23
2013-06-10 00:00:00,14.10957,-3.576045,2013,6,161,0
2013-06-10 00:30:00,14.18804,-3.289775,2013,6,161,0
2013-06-10 00:59:59,13.8449,-3.739156,2013,6,161,0
2013-06-10 01:30:00,13.96821,-2.865391,2013,6,161,1
2013-06-10 02:00:00,13.8786,-3.329906,2013,6,161,2
2013-06-10 02:29:59,13.64259,-3.04408,2013,6,161,2
2013-06-10 03:00:00,13.19018,-3.23961,2013,6,161,3
2013-06-10 03:30:00,12.86433,-2.619167,2013,6,161,3
2013-06-10 03:59:59,12.58485,-2.187387,2013,6,161,3
2013-06-10 04:30:00,12.30603,-2.823703,2013,6,161,4
2013-06-10 05:00:00,11.82637,-2.755202,2013,6,161,5
2013-06-10 05:29:59,11.66423,-1.020842,2013,6,161,5
2013-06-10 06:00:00,12.18888,-1.108461,2013,6,161,6
2013-06-10 06:30:00,11.84565,-1.15704,2013,6,161,6
2013-06-10 06:59:59,12.03948,1.299739,2013,6,161,6
2013-06-10 07:30:00,12.2941,11.57004,2013,6,161,7
2013-06-10 08:00:00,12.59466,69.49627,2013,6,161,8
2013-06-10 08:29:59,13.54849,218.0486,2013,6,161,8
2013-06-10 09:00:00,14.47518,311.6786,2013,6,161,9
2013-06-10 09:30:00,14.9702,376.7617,2013,6,161,9
2013-06-10 09:59:59,15.35388,505.0947,2013,6,161,9
2013-06-10 10:30:00,15.22438,451.1165,2013,6,161,10
2013-06-10 11:00:00,14.74313,494.6991,2013,6,161,11
2013-06-10 11:29:59,14.82338,500.5969,2013,6,161,11
2013-06-10 12:00:00,14.78267,579.8157,2013,6,161,12
2013-06-10 12:30:00,15.34284,571.5359,2013,6,161,12
2013-06-10 12:59:59,15.68587,616.1588,2013,6,161,12
2013-06-10 13:30:00,16.07611,576.9565,2013,6,161,13
2013-06-10 14:00:00,16.33613,534.1339,2013,6,161,14
2013-06-10 14:29:59,16.50387,474.5218,2013,6,161,14
2013-06-10 15:00:00,16.39716,400.8496,2013,6,161,15
2013-06-10 15:30:00,16.29023,317.911,2013,6,161,15
2013-06-10 15:59:59,16.61063,225.4737,2013,6,161,15
2013-06-10 16:30:00,16.55923,131.2618,2013,6,161,16
2013-06-10 17:00:00,16.32099,44.58176,2013,6,161,17
2013-06-10 17:29:59,15.73346,-1.875024,2013,6,161,17
2013-06-10 18:00:00,15.09838,-4.80835,2013,6,161,18
2013-06-10 18:30:00,14.36245,-4.654203,2013,6,161,18
2013-06-10 18:59:59,13.66374,-4.734435,2013,6,161,18
2013-06-10 19:30:00,13.11355,-4.598498,2013,6,161,19
2013-06-10 20:00:00,12.40252,-4.632554,2013,6,161,20
2013-06-10 20:29:59,11.91343,-4.161491,2013,6,161,20
2013-06-10 21:00:00,11.58287,-3.923449,2013,6,161,21
2013-06-10 21:30:00,11.27173,-3.993081,2013,6,161,21
2013-06-10 21:59:59,10.80747,-4.078871,2013,6,161,21
2013-06-10 22:30:00,10.14774,-4.151571,2013,6,161,22
2013-06-10 23:00:00,9.638301,-4.152097,2013,6,161,23
2013-06-10 23:29:59,9.410932,-4.229915,2013,6,161,23
2013-06-11 00:00:00,9.035514,-4.264884,2013,6,162,0
2013-06-11 00:30:00,8.653043,-4.142704,2013,6,162,0
2013-06-11 00:59:59,8.279285,-4.251616,2013,6,162,0
2013-06-11 01:30:00,7.882383,-4.190403,2013,6,162,1
2013-06-11 02:00:00,7.569337,-4.162012,2013,6,162,2
2013-06-11 02:29:59,7.245594,-4.10642,2013,6,162,2
2013-06-11 03:00:00,6.901403,-4.252259,2013,6,162,3
2013-06-11 03:30:00,6.633771,-4.230215,2013,6,162,3
2013-06-11 03:59:59,6.221156,-4.148998,2013,6,162,3
2013-06-11 04:30:00,6.019278,-4.158084,2013,6,162,4
2013-06-11 05:00:00,5.705726,-3.864355,2013,6,162,5
2013-06-11 05:29:59,5.78411,-3.88501,2013,6,162,5
2013-06-11 06:00:00,5.498327,-3.904138,2013,6,162,6
2013-06-11 06:30:00,5.16388,-3.900295,2013,6,162,6
2013-06-11 06:59:59,4.96028,0.3005468,2013,6,162,6
2013-06-11 07:30:00,5.333826,44.18987,2013,6,162,7
2013-06-11 08:00:00,5.896366,130.116,2013,6,162,8
2013-06-11 08:29:59,6.769443,224.1499,2013,6,162,8
2013-06-11 09:00:00,8.319833,314.8495,2013,6,162,9
2013-06-11 09:30:00,9.695971,401.947,2013,6,162,9
2013-06-11 09:59:59,10.43723,466.7497,2013,6,162,9
2013-06-11 10:30:00,11.1261,528.3562,2013,6,162,10
2013-06-11 11:00:00,11.4826,577.9139,2013,6,162,11
2013-06-11 11:29:59,12.01684,601.5993,2013,6,162,11
2013-06-11 12:00:00,12.47011,630.2468,2013,6,162,12
2013-06-11 12:30:00,12.53017,630.533,2013,6,162,12
2013-06-11 12:59:59,12.87465,613.3477,2013,6,162,12
2013-06-11 13:30:00,13.1439,579.3496,2013,6,162,13
2013-06-11 14:00:00,13.27071,529.7757,2013,6,162,14
2013-06-11 14:29:59,13.55781,472.8676,2013,6,162,14
2013-06-11 15:00:00,13.81643,402.8489,2013,6,162,15
2013-06-11 15:30:00,13.97392,316.9118,2013,6,162,15
2013-06-11 15:59:59,13.95854,223.9793,2013,6,162,15
2013-06-11 16:30:00,13.69124,130.0817,2013,6,162,16
2013-06-11 17:00:00,13.30365,40.90471,2013,6,162,17
2013-06-11 17:29:59,12.59655,-2.862435,2013,6,162,17
2013-06-11 18:00:00,11.90942,-5.510863,2013,6,162,18
2013-06-11 18:30:00,11.22321,-5.490402,2013,6,162,18
2013-06-11 18:59:59,10.75771,-4.871855,2013,6,162,18
2013-06-11 19:30:00,10.3309,-4.721947,2013,6,162,19
2013-06-11 20:00:00,9.984851,-4.693253,2013,6,162,20
2013-06-11 20:29:59,9.613159,-4.655271,2013,6,162,20
2013-06-11 21:00:00,9.224355,-4.530653,2013,6,162,21
2013-06-11 21:30:00,8.819383,-4.262876,2013,6,162,21
2013-06-11 21:59:59,8.277118,-4.267745,2013,6,162,21
2013-06-11 22:30:00,7.797743,-4.004129,2013,6,162,22
2013-06-11 23:00:00,7.255949,-3.921121,2013,6,162,23
2013-06-11 23:29:59,7.139723,-3.595079,2013,6,162,23
2013-06-12 00:00:00,6.986123,-3.631557,2013,6,163,0
2013-06-12 00:30:00,6.757079,-3.609646,2013,6,163,0
2013-06-12 00:59:59,6.667164,-2.926699,2013,6,163,0
2013-06-12 01:30:00,7.075949,-2.563384,2013,6,163,1
2013-06-12 02:00:00,7.206656,-2.664557,2013,6,163,2
2013-06-12 02:29:59,6.594005,-3.036136,2013,6,163,2
2013-06-12 03:00:00,6.361662,-2.625197,2013,6,163,3
2013-06-12 03:30:00,5.92555,-3.025602,2013,6,163,3
2013-06-12 03:59:59,5.636303,-2.889128,2013,6,163,3
2013-06-12 04:30:00,5.594318,-2.500661,2013,6,163,4
2013-06-12 05:00:00,5.540299,-2.370684,2013,6,163,5
2013-06-12 05:29:59,5.446552,-2.603652,2013,6,163,5
2013-06-12 06:00:00,5.383439,-2.088208,2013,6,163,6
2013-06-12 06:30:00,5.446816,-1.773968,2013,6,163,6
2013-06-12 06:59:59,5.109306,0.3001476,2013,6,163,6
2013-06-12 07:30:00,4.765315,15.80721,2013,6,163,7
2013-06-12 08:00:00,4.703176,25.38403,2013,6,163,8
2013-06-12 08:29:59,5.091233,59.30156,2013,6,163,8
2013-06-12 09:00:00,5.979785,98.63649,2013,6,163,9
2013-06-12 09:30:00,6.564289,106.5689,2013,6,163,9
2013-06-12 09:59:59,7.06554,140.7649,2013,6,163,9
2013-06-12 10:30:00,7.83423,184.54,2013,6,163,10
2013-06-12 11:00:00,8.554688,171.0748,2013,6,163,11
2013-06-12 11:29:59,8.803701,183.1673,2013,6,163,11
2013-06-12 12:00:00,9.051469,197.8478,2013,6,163,12
2013-06-12 12:30:00,9.171447,222.1682,2013,6,163,12
2013-06-12 12:59:59,9.378945,236.0756,2013,6,163,12
2013-06-12 13:30:00,9.588123,218.822,2013,6,163,13
2013-06-12 14:00:00,9.887509,180.8777,2013,6,163,14
2013-06-12 14:29:59,9.956449,129.6182,2013,6,163,14
2013-06-12 15:00:00,10.01217,136.5853,2013,6,163,15
2013-06-12 15:30:00,10.06681,94.97032,2013,6,163,15
2013-06-12 15:59:59,10.10503,86.103,2013,6,163,15
2013-06-12 16:30:00,10.01677,19.65221,2013,6,163,16
2013-06-12 17:00:00,9.853211,8.250908,2013,6,163,17
2013-06-12 17:29:59,9.62816,-0.931066,2013,6,163,17
2013-06-12 18:00:00,9.451522,-1.749589,2013,6,163,18
2013-06-12 18:30:00,9.366896,-1.727264,2013,6,163,18
2013-06-12 18:59:59,9.315726,-1.610372,2013,6,163,18
2013-06-12 19:30:00,9.336928,-1.591731,2013,6,163,19
2013-06-12 20:00:00,9.348887,-1.567306,2013,6,163,20
2013-06-12 20:29:59,9.367668,-1.43531,2013,6,163,20
2013-06-12 21:00:00,9.377788,-1.371254,2013,6,163,21
2013-06-12 21:30:00,9.099587,-1.749223,2013,6,163,21
2013-06-12 21:59:59,8.985072,-1.400549,2013,6,163,21
2013-06-12 22:30:00,8.813393,-1.494187,2013,6,163,22
2013-06-12 23:00:00,8.476623,-1.599724,2013,6,163,23
2013-06-12 23:29:59,8.237373,-1.482088,2013,6,163,23
2013-06-13 00:00:00,8.094851,-1.674672,2013,6,164,0
2013-06-13 00:30:00,7.925866,-2.222892,2013,6,164,0
2013-06-13 00:59:59,7.764843,-3.106673,2013,6,164,0
2013-06-13 01:30:00,7.653704,-3.283078,2013,6,164,1
2013-06-13 02:00:00,7.429907,-3.236841,2013,6,164,2
2013-06-13 02:29:59,6.931629,-3.969792,2013,6,164,2
2013-06-13 03:00:00,6.127124,-4.169027,2013,6,164,3
2013-06-13 03:30:00,5.817142,-3.704455,2013,6,164,3
2013-06-13 03:59:59,5.439627,-3.567076,2013,6,164,3
2013-06-13 04:30:00,5.236805,-3.711098,2013,6,164,4
2013-06-13 05:00:00,5.304774,-3.500115,2013,6,164,5
2013-06-13 05:29:59,5.269502,-3.336161,2013,6,164,5
2013-06-13 06:00:00,5.118092,-3.405652,2013,6,164,6
2013-06-13 06:30:00,4.999261,-3.47024,2013,6,164,6
2013-06-13 06:59:59,4.538587,0.1747807,2013,6,164,6
2013-06-13 07:30:00,4.403819,39.58653,2013,6,164,7
2013-06-13 08:00:00,4.659428,117.6145,2013,6,164,8
2013-06-13 08:29:59,5.650906,212.2179,2013,6,164,8
2013-06-13 09:00:00,7.919813,306.4525,2013,6,164,9
2013-06-13 09:30:00,10.08848,393.2916,2013,6,164,9
2013-06-13 09:59:59,11.22014,468.0536,2013,6,164,9
2013-06-13 10:30:00,12.31892,529.4253,2013,6,164,10
2013-06-13 11:00:00,12.99064,575.9898,2013,6,164,11
2013-06-13 11:29:59,13.48429,606.9572,2013,6,164,11
2013-06-13 12:00:00,13.9846,622.5543,2013,6,164,12
2013-06-13 12:30:00,14.36773,623.0862,2013,6,164,12
2013-06-13 12:59:59,14.66355,606.1791,2013,6,164,12
2013-06-13 13:30:00,15.23958,574.0218,2013,6,164,13
2013-06-13 14:00:00,15.39804,526.3542,2013,6,164,14
2013-06-13 14:29:59,15.60937,466.7793,2013,6,164,14
2013-06-13 15:00:00,15.75901,393.5834,2013,6,164,15
2013-06-13 15:30:00,15.6025,312.2694,2013,6,164,15
2013-06-13 15:59:59,15.486,222.1031,2013,6,164,15
2013-06-13 16:30:00,15.47031,128.4484,2013,6,164,16
2013-06-13 17:00:00,15.135,41.9679,2013,6,164,17
2013-06-13 17:29:59,14.45465,-2.183879,2013,6,164,17
2013-06-13 18:00:00,13.72298,-4.627806,2013,6,164,18
2013-06-13 18:30:00,12.98086,-4.226573,2013,6,164,18
2013-06-13 18:59:59,12.44759,-4.018537,2013,6,164,18
2013-06-13 19:30:00,12.221,-3.697994,2013,6,164,19
2013-06-13 20:00:00,11.66274,-3.753391,2013,6,164,20
2013-06-13 20:29:59,11.0073,-3.529842,2013,6,164,20
2013-06-13 21:00:00,10.93938,-3.410186,2013,6,164,21
2013-06-13 21:30:00,10.72567,-3.735322,2013,6,164,21
2013-06-13 21:59:59,10.22803,-3.5955,2013,6,164,21
2013-06-13 22:30:00,9.321772,-3.518088,2013,6,164,22
2013-06-13 23:00:00,8.780207,-3.524159,2013,6,164,23
2013-06-13 23:29:59,8.775246,-3.333947,2013,6,164,23
2013-06-14 00:00:00,8.58817,-3.556062,2013,6,165,0
2013-06-14 00:30:00,8.198218,-3.523274,2013,6,165,0
2013-06-14 00:59:59,7.869656,-3.410315,2013,6,165,0
2013-06-14 01:30:00,7.58423,-3.489537,2013,6,165,1
2013-06-14 02:00:00,7.282467,-2.789206,2013,6,165,2
2013-06-14 02:29:59,6.911348,-3.242967,2013,6,165,2
2013-06-14 03:00:00,6.795228,-1.444894,2013,6,165,3
2013-06-14 03:30:00,6.64397,-2.695143,2013,6,165,3
2013-06-14 03:59:59,6.584826,-0.9228379,2013,6,165,3
2013-06-14 04:30:00,6.560022,-2.377804,2013,6,165,4
2013-06-14 05:00:00,6.463119,-2.409858,2013,6,165,5
2013-06-14 05:29:59,6.345295,-1.89711,2013,6,165,5
2013-06-14 06:00:00,6.291176,-1.297994,2013,6,165,6
2013-06-14 06:30:00,6.290441,-0.9536614,2013,6,165,6
2013-06-14 06:59:59,6.282623,0.4832681,2013,6,165,6
2013-06-14 07:30:00,6.483456,10.33917,2013,6,165,7
2013-06-14 08:00:00,6.784938,48.16459,2013,6,165,8
2013-06-14 08:29:59,7.257459,68.6037,2013,6,165,8
2013-06-14 09:00:00,7.709103,95.55485,2013,6,165,9
2013-06-14 09:30:00,8.596542,129.5246,2013,6,165,9
2013-06-14 09:59:59,9.34586,150.9785,2013,6,165,9
2013-06-14 10:30:00,9.905044,199.9596,2013,6,165,10
2013-06-14 11:00:00,10.45736,294.5929,2013,6,165,11
2013-06-14 11:29:59,11.11154,198.3555,2013,6,165,11
2013-06-14 12:00:00,11.32524,223.3149,2013,6,165,12
2013-06-14 12:30:00,11.47104,174.1658,2013,6,165,12
2013-06-14 12:59:59,11.71254,144.174,2013,6,165,12
2013-06-14 13:30:00,11.76041,120.0219,2013,6,165,13
2013-06-14 14:00:00,11.91251,126.4303,2013,6,165,14
2013-06-14 14:29:59,11.87351,125.9807,2013,6,165,14
2013-06-14 15:00:00,11.77229,89.65592,2013,6,165,15
2013-06-14 15:30:00,11.68917,83.50126,2013,6,165,15
2013-06-14 15:59:59,11.71774,42.92982,2013,6,165,15
2013-06-14 16:30:00,11.73737,27.25595,2013,6,165,16
2013-06-14 17:00:00,11.7612,11.98172,2013,6,165,17
2013-06-14 17:29:59,11.62853,-0.415625,2013,6,165,17
2013-06-14 18:00:00,11.47804,-1.404349,2013,6,165,18
2013-06-14 18:30:00,11.30802,-1.725072,2013,6,165,18
2013-06-14 18:59:59,11.08917,-5.726919,2013,6,165,18
2013-06-14 19:30:00,10.40994,-4.551091,2013,6,165,19
2013-06-14 20:00:00,9.837584,-4.231601,2013,6,165,20
2013-06-14 20:29:59,9.300344,-3.216897,2013,6,165,20
2013-06-14 21:00:00,8.910983,-1.865321,2013,6,165,21
2013-06-14 21:30:00,8.627346,-1.356261,2013,6,165,21
2013-06-14 21:59:59,8.432013,-1.158683,2013,6,165,21
2013-06-14 22:30:00,8.301321,-1.100128,2013,6,165,22
2013-06-14 23:00:00,8.171419,-1.00854,2013,6,165,23
2013-06-14 23:29:59,8.137631,-0.974354,2013,6,165,23
2013-06-15 00:00:00,8.020494,-0.9445892,2013,6,166,0
2013-06-15 00:30:00,7.922551,-0.8225474,2013,6,166,0
2013-06-15 00:59:59,7.855638,-0.5034308,2013,6,166,0
2013-06-15 01:30:00,7.850962,-0.6651028,2013,6,166,1
2013-06-15 02:00:00,7.822495,-0.7684759,2013,6,166,2
2013-06-15 02:29:59,7.8353,-0.5216662,2013,6,166,2
2013-06-15 03:00:00,7.907217,-0.3668564,2013,6,166,3
2013-06-15 03:30:00,7.88047,-0.2268597,2013,6,166,3
2013-06-15 03:59:59,7.955656,-0.05222628,2013,6,166,3
2013-06-15 04:30:00,7.876596,-0.07135595,2013,6,166,4
2013-06-15 05:00:00,7.829185,-0.354286,2013,6,166,5
2013-06-15 05:29:59,7.906292,-0.3531952,2013,6,166,5
2013-06-15 06:00:00,7.876544,-0.6085911,2013,6,166,6
2013-06-15 06:30:00,7.830397,-0.3823242,2013,6,166,6
2013-06-15 06:59:59,7.803616,1.168013,2013,6,166,6
2013-06-15 07:30:00,8.005942,13.16812,2013,6,166,7
2013-06-15 08:00:00,8.187339,35.43032,2013,6,166,8
2013-06-15 08:29:59,8.134836,49.75741,2013,6,166,8
2013-06-15 09:00:00,8.302082,88.35708,2013,6,166,9
2013-06-15 09:30:00,8.681755,158.9966,2013,6,166,9
2013-06-15 09:59:59,9.207808,247.1248,2013,6,166,9
2013-06-15 10:30:00,10.03143,328.9429,2013,6,166,10
2013-06-15 11:00:00,11.00289,476.129,2013,6,166,11
2013-06-15 11:29:59,12.32238,563.6367,2013,6,166,11
2013-06-15 12:00:00,13.52525,573.5028,2013,6,166,12
2013-06-15 12:30:00,13.66032,385.1648,2013,6,166,12
2013-06-15 12:59:59,14.45168,450.5292,2013,6,166,12
2013-06-15 13:30:00,15.06652,540.4898,2013,6,166,13
2013-06-15 14:00:00,15.41735,358.6426,2013,6,166,14
2013-06-15 14:29:59,14.79619,147.3203,2013,6,166,14
2013-06-15 15:00:00,15.09104,161.6743,2013,6,166,15
2013-06-15 15:30:00,15.27052,179.2744,2013,6,166,15
2013-06-15 15:59:59,15.23534,119.5793,2013,6,166,15
2013-06-15 16:30:00,14.97031,50.27202,2013,6,166,16
2013-06-15 17:00:00,14.84042,14.38715,2013,6,166,17
2013-06-15 17:29:59,14.70368,-0.2111953,2013,6,166,17
2013-06-15 18:00:00,14.41014,-1.349205,2013,6,166,18
2013-06-15 18:30:00,14.02044,-1.349864,2013,6,166,18
2013-06-15 18:59:59,13.5318,-1.292018,2013,6,166,18
2013-06-15 19:30:00,13.29266,-1.226237,2013,6,166,19
2013-06-15 20:00:00,13.12992,-1.240821,2013,6,166,20
2013-06-15 20:29:59,12.99031,-1.27458,2013,6,166,20
2013-06-15 21:00:00,12.83209,-1.264144,2013,6,166,21
2013-06-15 21:30:00,12.68261,-1.411125,2013,6,166,21
2013-06-15 21:59:59,12.40421,-1.604599,2013,6,166,21
2013-06-15 22:30:00,12.18318,-1.303767,2013,6,166,22
2013-06-15 23:00:00,12.01985,-1.340356,2013,6,166,23
2013-06-15 23:29:59,11.78621,-1.373901,2013,6,166,23
2013-06-16 00:00:00,11.5737,-1.293497,2013,6,167,0
2013-06-16 00:30:00,11.35543,-1.700299,2013,6,167,0
2013-06-16 00:59:59,11.01108,-2.593585,2013,6,167,0
2013-06-16 01:30:00,10.65795,-2.841848,2013,6,167,1
2013-06-16 02:00:00,10.42715,-2.588017,2013,6,167,2
2013-06-16 02:29:59,10.2421,-2.737329,2013,6,167,2
2013-06-16 03:00:00,9.822659,-2.89561,2013,6,167,3
2013-06-16 03:30:00,9.662661,-2.370672,2013,6,167,3
2013-06-16 03:59:59,9.636107,-2.038176,2013,6,167,3
2013-06-16 04:30:00,9.532521,-1.264388,2013,6,167,4
2013-06-16 05:00:00,9.159611,-1.303831,2013,6,167,5
2013-06-16 05:29:59,9.429489,-0.2953952,2013,6,167,5
2013-06-16 06:00:00,9.670594,-0.7384604,2013,6,167,6
2013-06-16 06:30:00,9.767511,-0.8346326,2013,6,167,6
2013-06-16 06:59:59,10.04239,0.5449981,2013,6,167,6
2013-06-16 07:30:00,9.815536,14.33717,2013,6,167,7
2013-06-16 08:00:00,9.801075,42.94725,2013,6,167,8
2013-06-16 08:29:59,10.12178,80.77273,2013,6,167,8
2013-06-16 09:00:00,10.51652,146.0016,2013,6,167,9
2013-06-16 09:30:00,11.18876,197.669,2013,6,167,9
2013-06-16 09:59:59,11.72759,256.9824,2013,6,167,9
2013-06-16 10:30:00,12.39498,285.9973,2013,6,167,10
2013-06-16 11:00:00,13.27744,455.9481,2013,6,167,11
2013-06-16 11:29:59,14.28971,511.515,2013,6,167,11
2013-06-16 12:00:00,14.74741,445.5231,2013,6,167,12
2013-06-16 12:30:00,15.19455,391.0564,2013,6,167,12
2013-06-16 12:59:59,15.64765,371.1383,2013,6,167,12
2013-06-16 13:30:00,16.09126,468.1477,2013,6,167,13
2013-06-16 14:00:00,16.38613,408.5666,2013,6,167,14
2013-06-16 14:29:59,16.38783,236.7128,2013,6,167,14
2013-06-16 15:00:00,16.36579,150.76,2013,6,167,15
2013-06-16 15:30:00,16.19658,133.2578,2013,6,167,15
2013-06-16 15:59:59,16.22523,94.20468,2013,6,167,15
2013-06-16 16:30:00,15.93959,46.17971,2013,6,167,16
2013-06-16 17:00:00,15.70088,12.16786,2013,6,167,17
2013-06-16 17:29:59,15.52509,-0.7815114,2013,6,167,17
2013-06-16 18:00:00,15.19281,-1.83533,2013,6,167,18
2013-06-16 18:30:00,15.11103,-1.54296,2013,6,167,18
2013-06-16 18:59:59,15.06449,-1.830757,2013,6,167,18
2013-06-16 19:30:00,14.62047,-2.676114,2013,6,167,19
2013-06-16 20:00:00,14.01074,-3.614909,2013,6,167,20
2013-06-16 20:29:59,14.04593,-2.155231,2013,6,167,20
2013-06-16 21:00:00,13.79262,-3.550364,2013,6,167,21
2013-06-16 21:30:00,12.84691,-4.140361,2013,6,167,21
2013-06-16 21:59:59,12.99484,-1.006794,2013,6,167,21
2013-06-16 22:30:00,12.8866,-1.801839,2013,6,167,22
2013-06-16 23:00:00,12.39664,-2.463499,2013,6,167,23
2013-06-16 23:29:59,12.42056,-1.853683,2013,6,167,23
2013-06-17 00:00:00,12.26315,-1.658481,2013,6,168,0
2013-06-17 00:30:00,12.35132,-2.889404,2013,6,168,0
2013-06-17 00:59:59,12.17497,-3.125126,2013,6,168,0
2013-06-17 01:30:00,11.84015,-3.435101,2013,6,168,1
2013-06-17 02:00:00,11.29678,-3.446003,2013,6,168,2
2013-06-17 02:29:59,11.52235,-2.519235,2013,6,168,2
2013-06-17 03:00:00,10.76431,-3.535116,2013,6,168,3
2013-06-17 03:30:00,10.38472,-3.270709,2013,6,168,3
2013-06-17 03:59:59,10.14882,-1.86863,2013,6,168,3
2013-06-17 04:30:00,10.22882,-3.313857,2013,6,168,4
2013-06-17 05:00:00,10.00562,-3.400686,2013,6,168,5
2013-06-17 05:29:59,9.928522,-3.306699,2013,6,168,5
2013-06-17 06:00:00,9.998012,-3.1646,2013,6,168,6
2013-06-17 06:30:00,9.930363,-2.410563,2013,6,168,6
2013-06-17 06:59:59,9.521731,1.23755,2013,6,168,6
2013-06-17 07:30:00,9.137916,28.68393,2013,6,168,7
2013-06-17 08:00:00,9.202476,109.5387,2013,6,168,8
2013-06-17 08:29:59,10.06854,210.6526,2013,6,168,8
2013-06-17 09:00:00,11.70624,299.7302,2013,6,168,9
2013-06-17 09:30:00,12.68746,318.0937,2013,6,168,9
2013-06-17 09:59:59,13.24979,411.6958,2013,6,168,9
2013-06-17 10:30:00,13.84357,516.7726,2013,6,168,10
2013-06-17 11:00:00,14.36051,566.6663,2013,6,168,11
2013-06-17 11:29:59,14.80112,569.2323,2013,6,168,11
2013-06-17 12:00:00,14.89196,623.7295,2013,6,168,12
2013-06-17 12:30:00,15.22688,670.3596,2013,6,168,12
2013-06-17 12:59:59,15.45718,512.9067,2013,6,168,12
2013-06-17 13:30:00,15.1523,331.0208,2013,6,168,13
2013-06-17 14:00:00,15.68737,506.102,2013,6,168,14
2013-06-17 14:29:59,15.6681,424.4089,2013,6,168,14
2013-06-17 15:00:00,15.85179,313.1614,2013,6,168,15
2013-06-17 15:30:00,15.52108,179.0767,2013,6,168,15
2013-06-17 15:59:59,15.82874,188.7695,2013,6,168,15
2013-06-17 16:30:00,15.31849,62.70831,2013,6,168,16
2013-06-17 17:00:00,14.92472,28.158,2013,6,168,17
2013-06-17 17:29:59,14.14158,-3.257528,2013,6,168,17
2013-06-17 18:00:00,13.2453,-4.692576,2013,6,168,18
2013-06-17 18:30:00,12.37302,-4.595834,2013,6,168,18
2013-06-17 18:59:59,11.6577,-4.427944,2013,6,168,18
2013-06-17 19:30:00,11.23713,-4.172949,2013,6,168,19
2013-06-17 20:00:00,10.76195,-3.995941,2013,6,168,20
2013-06-17 20:29:59,10.42599,-3.716195,2013,6,168,20
2013-06-17 21:00:00,10.09785,-3.917525,2013,6,168,21
2013-06-17 21:30:00,9.410187,-3.891956,2013,6,168,21
2013-06-17 21:59:59,9.091417,-3.578032,2013,6,168,21
2013-06-17 22:30:00,8.963706,-3.294279,2013,6,168,22
2013-06-17 23:00:00,8.645328,-3.410824,2013,6,168,23
2013-06-17 23:29:59,8.017304,-3.373533,2013,6,168,23
2013-06-18 00:00:00,8.126929,-2.838218,2013,6,169,0
2013-06-18 00:30:00,7.748375,-3.222023,2013,6,169,0
2013-06-18 00:59:59,7.796807,-3.304888,2013,6,169,0
2013-06-18 01:30:00,7.589812,-3.232276,2013,6,169,1
2013-06-18 02:00:00,7.662586,-2.950284,2013,6,169,2
2013-06-18 02:29:59,7.539072,-3.47781,2013,6,169,2
2013-06-18 03:00:00,7.10382,-3.461781,2013,6,169,3
2013-06-18 03:30:00,6.820379,-3.561981,2013,6,169,3
2013-06-18 03:59:59,6.445193,-3.62961,2013,6,169,3
2013-06-18 04:30:00,6.415155,-3.234758,2013,6,169,4
2013-06-18 05:00:00,7.104115,-3.674964,2013,6,169,5
2013-06-18 05:29:59,7.492765,-4.787129,2013,6,169,5
2013-06-18 06:00:00,7.71227,-2.95362,2013,6,169,6
2013-06-18 06:30:00,7.763799,-2.979845,2013,6,169,6
2013-06-18 06:59:59,7.332212,-1.663743,2013,6,169,6
2013-06-18 07:30:00,7.070665,27.91775,2013,6,169,7
2013-06-18 08:00:00,7.344786,120.0706,2013,6,169,8
2013-06-18 08:29:59,7.600088,213.5895,2013,6,169,8
2013-06-18 09:00:00,8.750877,305.3194,2013,6,169,9
2013-06-18 09:30:00,10.5427,390.7538,2013,6,169,9
2013-06-18 09:59:59,11.57516,463.6765,2013,6,169,9
2013-06-18 10:30:00,12.33297,523.7883,2013,6,169,10
2013-06-18 11:00:00,12.63183,560.081,2013,6,169,11
2013-06-18 11:29:59,13.04025,544.7512,2013,6,169,11
2013-06-18 12:00:00,13.47824,622.6771,2013,6,169,12
2013-06-18 12:30:00,13.98578,619.6742,2013,6,169,12
2013-06-18 12:59:59,14.25441,605.1407,2013,6,169,12
2013-06-18 13:30:00,14.70115,576.4743,2013,6,169,13
2013-06-18 14:00:00,14.93559,530.1163,2013,6,169,14
2013-06-18 14:29:59,15.4404,471.5113,2013,6,169,14
2013-06-18 15:00:00,15.49264,398.0178,2013,6,169,15
2013-06-18 15:30:00,15.57783,316.66,2013,6,169,15
2013-06-18 15:59:59,15.48899,226.4274,2013,6,169,15
2013-06-18 16:30:00,15.5506,129.7055,2013,6,169,16
2013-06-18 17:00:00,15.26768,42.17399,2013,6,169,17
2013-06-18 17:29:59,14.45265,-2.040234,2013,6,169,17
2013-06-18 18:00:00,13.74656,-5.002282,2013,6,169,18
2013-06-18 18:30:00,13.04917,-4.519578,2013,6,169,18
2013-06-18 18:59:59,12.4947,-4.622924,2013,6,169,18
2013-06-18 19:30:00,11.76956,-4.17661,2013,6,169,19
2013-06-18 20:00:00,11.22751,-4.069283,2013,6,169,20
2013-06-18 20:29:59,10.62291,-4.161744,2013,6,169,20
2013-06-18 21:00:00,10.3011,-4.114663,2013,6,169,21
2013-06-18 21:30:00,10.21714,-3.868511,2013,6,169,21
2013-06-18 21:59:59,10.00358,-4.062713,2013,6,169,21
2013-06-18 22:30:00,9.933106,-4.01891,2013,6,169,22
2013-06-18 23:00:00,9.825483,-3.957567,2013,6,169,23
2013-06-18 23:29:59,9.913923,-3.795332,2013,6,169,23
2013-06-19 00:00:00,9.447061,-3.972512,2013,6,170,0
2013-06-19 00:30:00,9.224298,-3.439702,2013,6,170,0
2013-06-19 00:59:59,9.329251,-3.335286,2013,6,170,0
2013-06-19 01:30:00,9.340501,-3.566319,2013,6,170,1
2013-06-19 02:00:00,8.063913,-3.968099,2013,6,170,2
2013-06-19 02:29:59,8.15911,-3.032656,2013,6,170,2
2013-06-19 03:00:00,7.821632,-3.309045,2013,6,170,3
2013-06-19 03:30:00,7.975571,-3.023855,2013,6,170,3
2013-06-19 03:59:59,8.598417,-3.140672,2013,6,170,3
2013-06-19 04:30:00,8.006569,-3.562892,2013,6,170,4
2013-06-19 05:00:00,7.239527,-3.645794,2013,6,170,5
2013-06-19 05:29:59,6.865774,-2.801294,2013,6,170,5
2013-06-19 06:00:00,7.264961,-2.818606,2013,6,170,6
2013-06-19 06:30:00,6.908363,-3.250682,2013,6,170,6
2013-06-19 06:59:59,7.182367,0.1303425,2013,6,170,6
2013-06-19 07:30:00,7.557334,36.59563,2013,6,170,7
2013-06-19 08:00:00,7.737865,115.511,2013,6,170,8
2013-06-19 08:29:59,8.964743,207.9658,2013,6,170,8
2013-06-19 09:00:00,10.38946,298.0157,2013,6,170,9
2013-06-19 09:30:00,11.71755,381.4664,2013,6,170,9
2013-06-19 09:59:59,12.67771,454.4782,2013,6,170,9
2013-06-19 10:30:00,13.22881,516.0373,2013,6,170,10
2013-06-19 11:00:00,13.45618,564.2794,2013,6,170,11
2013-06-19 11:29:59,13.92524,601.5645,2013,6,170,11
2013-06-19 12:00:00,14.19496,534.5,2013,6,170,12
2013-06-19 12:30:00,14.59779,623.6394,2013,6,170,12
2013-06-19 12:59:59,14.95879,547.9496,2013,6,170,12
2013-06-19 13:30:00,15.42543,608.3387,2013,6,170,13
2013-06-19 14:00:00,15.56464,501.4613,2013,6,170,14
2013-06-19 14:29:59,15.51426,349.4304,2013,6,170,14
2013-06-19 15:00:00,15.86958,432.0882,2013,6,170,15
2013-06-19 15:30:00,15.91439,297.5905,2013,6,170,15
2013-06-19 15:59:59,15.95769,232.5997,2013,6,170,15
2013-06-19 16:30:00,15.75011,119.2674,2013,6,170,16
2013-06-19 17:00:00,15.32877,45.2672,2013,6,170,17
2013-06-19 17:29:59,14.48011,-1.709306,2013,6,170,17
2013-06-19 18:00:00,13.68058,-4.623523,2013,6,170,18
2013-06-19 18:30:00,12.90525,-4.384369,2013,6,170,18
2013-06-19 18:59:59,11.93251,-4.419543,2013,6,170,18
2013-06-19 19:30:00,10.96776,-4.130156,2013,6,170,19
2013-06-19 20:00:00,10.31923,-4.251088,2013,6,170,20
2013-06-19 20:29:59,9.741354,-4.443792,2013,6,170,20
2013-06-19 21:00:00,9.165576,-3.985355,2013,6,170,21
2013-06-19 21:30:00,8.87695,-3.660925,2013,6,170,21
2013-06-19 21:59:59,8.627237,-3.785755,2013,6,170,21
2013-06-19 22:30:00,8.522593,-3.793247,2013,6,170,22
2013-06-19 23:00:00,8.079012,-3.817282,2013,6,170,23
2013-06-19 23:29:59,7.837676,-3.434369,2013,6,170,23
2013-06-20 00:00:00,7.920707,-3.6246,2013,6,171,0
2013-06-20 00:30:00,7.751399,-3.13614,2013,6,171,0
2013-06-20 00:59:59,7.777863,-3.246963,2013,6,171,0
2013-06-20 01:30:00,7.83502,-3.209421,2013,6,171,1
2013-06-20 02:00:00,7.290244,-3.59913,2013,6,171,2
2013-06-20 02:29:59,7.077504,-3.465659,2013,6,171,2
2013-06-20 03:00:00,6.989507,-3.50804,2013,6,171,3
2013-06-20 03:30:00,7.084683,-3.229212,2013,6,171,3
2013-06-20 03:59:59,7.325741,-3.235051,2013,6,171,3
2013-06-20 04:30:00,7.324111,-3.2699,2013,6,171,4
2013-06-20 05:00:00,7.164113,-2.956111,2013,6,171,5
2013-06-20 05:29:59,7.414777,-2.932091,2013,6,171,5
2013-06-20 06:00:00,7.012901,-3.517675,2013,6,171,6
2013-06-20 06:30:00,6.445509,-3.495001,2013,6,171,6
2013-06-20 06:59:59,6.623615,-0.094155,2013,6,171,6
2013-06-20 07:30:00,6.467602,46.58085,2013,6,171,7
2013-06-20 08:00:00,6.046446,128.012,2013,6,171,8
2013-06-20 08:29:59,7.006059,200.1614,2013,6,171,8
2013-06-20 09:00:00,9.216507,288.8794,2013,6,171,9
2013-06-20 09:30:00,10.62718,385.8271,2013,6,171,9
2013-06-20 09:59:59,12.08624,458.8121,2013,6,171,9
2013-06-20 10:30:00,12.68857,523.7819,2013,6,171,10
2013-06-20 11:00:00,13.1564,571.3121,2013,6,171,11
2013-06-20 11:29:59,13.75974,603.6615,2013,6,171,11
2013-06-20 12:00:00,14.13012,618.8295,2013,6,171,12
2013-06-20 12:30:00,14.7105,620.7952,2013,6,171,12
2013-06-20 12:59:59,15.111,605.9698,2013,6,171,12
2013-06-20 13:30:00,15.66072,574.4962,2013,6,171,13
2013-06-20 14:00:00,15.94358,529.4774,2013,6,171,14
2013-06-20 14:29:59,16.10449,471.6826,2013,6,171,14
2013-06-20 15:00:00,16.39527,398.9623,2013,6,171,15
2013-06-20 15:30:00,16.71268,315.9969,2013,6,171,15
2013-06-20 15:59:59,16.78606,224.4648,2013,6,171,15
2013-06-20 16:30:00,16.83282,131.8224,2013,6,171,16
2013-06-20 17:00:00,16.41376,45.03948,2013,6,171,17
2013-06-20 17:29:59,15.57356,-2.933407,2013,6,171,17
2013-06-20 18:00:00,15.00988,-5.560675,2013,6,171,18
2013-06-20 18:30:00,14.46377,-3.859785,2013,6,171,18
2013-06-20 18:59:59,14.85618,-3.886236,2013,6,171,18
2013-06-20 19:30:00,14.56536,-4.71507,2013,6,171,19
2013-06-20 20:00:00,13.9595,-3.953494,2013,6,171,20
2013-06-20 20:29:59,13.42118,-4.607558,2013,6,171,20
2013-06-20 21:00:00,11.94787,-4.175057,2013,6,171,21
2013-06-20 21:30:00,11.29441,-3.491451,2013,6,171,21
2013-06-20 21:59:59,11.12978,-3.559701,2013,6,171,21
2013-06-20 22:30:00,10.27648,-3.342324,2013,6,171,22
2013-06-20 23:00:00,9.732925,-3.734614,2013,6,171,23
2013-06-20 23:29:59,9.498767,-3.473412,2013,6,171,23
2013-06-21 00:00:00,9.228986,-3.937073,2013,6,172,0
2013-06-21 00:30:00,8.680828,-3.96253,2013,6,172,0
2013-06-21 00:59:59,8.633131,-3.845602,2013,6,172,0
2013-06-21 01:30:00,8.298233,-4.196674,2013,6,172,1
2013-06-21 02:00:00,7.915884,-3.662369,2013,6,172,2
2013-06-21 02:29:59,7.737583,-3.783471,2013,6,172,2
2013-06-21 03:00:00,7.473552,-3.651552,2013,6,172,3
2013-06-21 03:30:00,7.279285,-3.469516,2013,6,172,3
2013-06-21 03:59:59,7.065541,-3.428189,2013,6,172,3
2013-06-21 04:30:00,7.043591,-3.292598,2013,6,172,4
2013-06-21 05:00:00,6.901842,-3.105032,2013,6,172,5
2013-06-21 05:29:59,6.879764,-3.342281,2013,6,172,5
2013-06-21 06:00:00,6.704176,-2.878841,2013,6,172,6
2013-06-21 06:30:00,6.160715,-2.896347,2013,6,172,6
2013-06-21 06:59:59,5.727619,-0.5122559,2013,6,172,6
2013-06-21 07:30:00,5.88819,37.97237,2013,6,172,7
2013-06-21 08:00:00,6.285398,103.375,2013,6,172,8
2013-06-21 08:29:59,6.267364,187.9087,2013,6,172,8
2013-06-21 09:00:00,7.117376,284.4185,2013,6,172,9
2013-06-21 09:30:00,7.998133,383.6235,2013,6,172,9
2013-06-21 09:59:59,8.874711,459.2502,2013,6,172,9
2013-06-21 10:30:00,10.02659,518.3126,2013,6,172,10
2013-06-21 11:00:00,11.47507,557.2363,2013,6,172,11
2013-06-21 11:29:59,12.42233,602.0551,2013,6,172,11
2013-06-21 12:00:00,13.32698,604.7231,2013,6,172,12
2013-06-21 12:30:00,13.89209,527.9375,2013,6,172,12
2013-06-21 12:59:59,13.9752,302.3934,2013,6,172,12
2013-06-21 13:30:00,15.27631,602.4113,2013,6,172,13
2013-06-21 14:00:00,15.3664,540.4627,2013,6,172,14
2013-06-21 14:29:59,15.9425,469.2613,2013,6,172,14
2013-06-21 15:00:00,15.8987,395.0535,2013,6,172,15
2013-06-21 15:30:00,16.40906,314.7867,2013,6,172,15
2013-06-21 15:59:59,16.2957,225.0499,2013,6,172,15
2013-06-21 16:30:00,15.80484,132.6092,2013,6,172,16
2013-06-21 17:00:00,15.39015,45.78584,2013,6,172,17
2013-06-21 17:29:59,14.67486,-2.23828,2013,6,172,17
2013-06-21 18:00:00,13.94378,-5.432571,2013,6,172,18
2013-06-21 18:30:00,12.89866,-5.630615,2013,6,172,18
2013-06-21 18:59:59,12.00547,-5.139371,2013,6,172,18
2013-06-21 19:30:00,11.2281,-4.994223,2013,6,172,19
2013-06-21 20:00:00,10.50795,-4.791087,2013,6,172,20
2013-06-21 20:29:59,9.784993,-4.658045,2013,6,172,20
2013-06-21 21:00:00,9.312685,-4.101666,2013,6,172,21
2013-06-21 21:30:00,9.082554,-3.803767,2013,6,172,21
2013-06-21 21:59:59,8.859106,-3.851342,2013,6,172,21
2013-06-21 22:30:00,8.394548,-3.764736,2013,6,172,22
2013-06-21 23:00:00,7.695998,-4.031656,2013,6,172,23
2013-06-21 23:29:59,7.08574,-3.918033,2013,6,172,23
2013-06-22 00:00:00,6.920322,-3.980312,2013,6,173,0
2013-06-22 00:30:00,6.640507,-3.794803,2013,6,173,0
2013-06-22 00:59:59,6.400855,-4.120927,2013,6,173,0
2013-06-22 01:30:00,6.13272,-3.553724,2013,6,173,1
2013-06-22 02:00:00,5.729286,-2.880264,2013,6,173,2
2013-06-22 02:29:59,5.838686,-3.265065,2013,6,173,2
2013-06-22 03:00:00,5.810669,-3.640732,2013,6,173,3
2013-06-22 03:30:00,5.765093,-3.92599,2013,6,173,3
2013-06-22 03:59:59,5.772666,-4.274483,2013,6,173,3
2013-06-22 04:30:00,5.571939,-4.237643,2013,6,173,4
2013-06-22 05:00:00,5.22892,-4.043815,2013,6,173,5
2013-06-22 05:29:59,4.965161,-4.066608,2013,6,173,5
2013-06-22 06:00:00,4.975178,-4.085279,2013,6,173,6
2013-06-22 06:30:00,4.581859,-4.218855,2013,6,173,6
2013-06-22 06:59:59,4.000505,-0.7562218,2013,6,173,6
2013-06-22 07:30:00,3.903185,42.88865,2013,6,173,7
2013-06-22 08:00:00,4.019626,122.8519,2013,6,173,8
2013-06-22 08:29:59,4.231029,211.203,2013,6,173,8
2013-06-22 09:00:00,5.574553,302.6161,2013,6,173,9
2013-06-22 09:30:00,8.29024,388.9305,2013,6,173,9
2013-06-22 09:59:59,10.10423,465.6283,2013,6,173,9
2013-06-22 10:30:00,11.82411,527.9619,2013,6,173,10
2013-06-22 11:00:00,12.76184,575.2349,2013,6,173,11
2013-06-22 11:29:59,13.83613,607.8314,2013,6,173,11
2013-06-22 12:00:00,14.72648,625.4246,2013,6,173,12
2013-06-22 12:30:00,15.46785,625.9194,2013,6,173,12
2013-06-22 12:59:59,15.73757,609.6547,2013,6,173,12
2013-06-22 13:30:00,16.26427,580.3083,2013,6,173,13
2013-06-22 14:00:00,16.52059,535.3019,2013,6,173,14
2013-06-22 14:29:59,16.7948,475.0148,2013,6,173,14
2013-06-22 15:00:00,17.1759,401.9811,2013,6,173,15
2013-06-22 15:30:00,17.43991,319.2742,2013,6,173,15
2013-06-22 15:59:59,17.62474,227.473,2013,6,173,15
2013-06-22 16:30:00,17.52909,134.1873,2013,6,173,16
2013-06-22 17:00:00,17.18195,47.28822,2013,6,173,17
2013-06-22 17:29:59,16.29744,-1.965847,2013,6,173,17
2013-06-22 18:00:00,15.40636,-5.188413,2013,6,173,18
2013-06-22 18:30:00,14.86973,-4.870832,2013,6,173,18
2013-06-22 18:59:59,14.11603,-4.751381,2013,6,173,18
2013-06-22 19:30:00,13.25236,-4.702643,2013,6,173,19
2013-06-22 20:00:00,12.47975,-4.607013,2013,6,173,20
2013-06-22 20:29:59,11.85498,-4.435424,2013,6,173,20
2013-06-22 21:00:00,11.21294,-4.26955,2013,6,173,21
2013-06-22 21:30:00,10.61644,-4.219944,2013,6,173,21
2013-06-22 21:59:59,10.09892,-4.256573,2013,6,173,21
2013-06-22 22:30:00,9.628273,-4.20189,2013,6,173,22
2013-06-22 23:00:00,9.696513,-3.960831,2013,6,173,23
2013-06-22 23:29:59,9.485502,-3.905848,2013,6,173,23
2013-06-23 00:00:00,9.499466,-3.898914,2013,6,174,0
2013-06-23 00:30:00,9.259567,-4.041957,2013,6,174,0
2013-06-23 00:59:59,8.777363,-4.073475,2013,6,174,0
2013-06-23 01:30:00,8.469693,-3.935964,2013,6,174,1
2013-06-23 02:00:00,7.995513,-4.069318,2013,6,174,2
2013-06-23 02:29:59,7.385633,-3.77913,2013,6,174,2
2013-06-23 03:00:00,7.283854,-3.532247,2013,6,174,3
2013-06-23 03:30:00,7.193269,-3.685657,2013,6,174,3
2013-06-23 03:59:59,7.203349,-3.655711,2013,6,174,3
2013-06-23 04:30:00,6.948144,-3.671994,2013,6,174,4
2013-06-23 05:00:00,6.572133,-3.747397,2013,6,174,5
2013-06-23 05:29:59,6.116788,-3.805024,2013,6,174,5
2013-06-23 06:00:00,5.929758,-3.553019,2013,6,174,6
2013-06-23 06:30:00,5.676371,-3.582858,2013,6,174,6
2013-06-23 06:59:59,5.257493,-0.6182852,2013,6,174,6
2013-06-23 07:30:00,5.110294,37.66632,2013,6,174,7
2013-06-23 08:00:00,4.879807,118.7209,2013,6,174,8
2013-06-23 08:29:59,5.559593,214.4551,2013,6,174,8
2013-06-23 09:00:00,9.041315,309.8018,2013,6,174,9
2013-06-23 09:30:00,10.80016,395.642,2013,6,174,9
2013-06-23 09:59:59,12.10752,470.5458,2013,6,174,9
2013-06-23 10:30:00,13.91323,532.6943,2013,6,174,10
2013-06-23 11:00:00,15.15989,581.7415,2013,6,174,11
2013-06-23 11:29:59,16.02489,615.6884,2013,6,174,11
2013-06-23 12:00:00,16.51932,631.4933,2013,6,174,12
2013-06-23 12:30:00,17.2383,631.9044,2013,6,174,12
2013-06-23 12:59:59,17.60461,617.4043,2013,6,174,12
2013-06-23 13:30:00,17.80444,587.5682,2013,6,174,13
2013-06-23 14:00:00,18.11325,541.0115,2013,6,174,14
2013-06-23 14:29:59,18.5844,482.5183,2013,6,174,14
2013-06-23 15:00:00,18.91777,409.9132,2013,6,174,15
2013-06-23 15:30:00,19.08939,325.6573,2013,6,174,15
2013-06-23 15:59:59,19.31654,236.7914,2013,6,174,15
2013-06-23 16:30:00,19.08776,113.6881,2013,6,174,16
2013-06-23 17:00:00,18.45373,18.98273,2013,6,174,17
2013-06-23 17:29:59,17.71604,-2.922826,2013,6,174,17
2013-06-23 18:00:00,16.91526,-5.188036,2013,6,174,18
2013-06-23 18:30:00,16.18314,-3.728701,2013,6,174,18
2013-06-23 18:59:59,15.43893,-2.929903,2013,6,174,18
2013-06-23 19:30:00,14.76966,-1.327504,2013,6,174,19
2013-06-23 20:00:00,14.37819,-1.483717,2013,6,174,20
2013-06-23 20:29:59,14.75488,-1.561284,2013,6,174,20
2013-06-23 21:00:00,14.96891,-1.205778,2013,6,174,21
2013-06-23 21:30:00,15.10028,-1.020617,2013,6,174,21
2013-06-23 21:59:59,15.08483,-2.433641,2013,6,174,21
2013-06-23 22:30:00,14.45846,-4.428137,2013,6,174,22
2013-06-23 23:00:00,13.63884,-4.033525,2013,6,174,23
2013-06-23 23:29:59,12.86249,-3.195111,2013,6,174,23
2013-06-24 00:00:00,12.26929,-2.621598,2013,6,175,0
2013-06-24 00:30:00,12.19835,-2.120839,2013,6,175,0
2013-06-24 00:59:59,12.24412,-2.463634,2013,6,175,0
2013-06-24 01:30:00,11.84491,-2.284555,2013,6,175,1
2013-06-24 02:00:00,11.62949,-1.840253,2013,6,175,2
2013-06-24 02:29:59,12.1561,-1.694216,2013,6,175,2
2013-06-24 03:00:00,11.99677,-1.453768,2013,6,175,3
2013-06-24 03:30:00,12.13971,-1.888914,2013,6,175,3
2013-06-24 03:59:59,10.90775,-1.980854,2013,6,175,3
2013-06-24 04:30:00,10.84103,-1.632058,2013,6,175,4
2013-06-24 05:00:00,10.45071,-2.095403,2013,6,175,5
2013-06-24 05:29:59,10.90954,-1.336489,2013,6,175,5
2013-06-24 06:00:00,11.29607,-1.213871,2013,6,175,6
2013-06-24 06:30:00,11.53652,-1.537478,2013,6,175,6
2013-06-24 06:59:59,11.4443,-0.7304924,2013,6,175,6
2013-06-24 07:30:00,11.58344,10.52919,2013,6,175,7
2013-06-24 08:00:00,12.12187,30.7771,2013,6,175,8
2013-06-24 08:29:59,12.1766,53.646,2013,6,175,8
2013-06-24 09:00:00,12.63938,88.18272,2013,6,175,9
2013-06-24 09:30:00,13.54282,88.7312,2013,6,175,9
2013-06-24 09:59:59,13.98377,131.882,2013,6,175,9
2013-06-24 10:30:00,14.6005,180.9414,2013,6,175,10
2013-06-24 11:00:00,15.07822,155.7468,2013,6,175,11
2013-06-24 11:29:59,15.53315,165.3663,2013,6,175,11
2013-06-24 12:00:00,15.76092,155.4143,2013,6,175,12
2013-06-24 12:30:00,15.98225,288.0166,2013,6,175,12
2013-06-24 12:59:59,16.18389,170.6889,2013,6,175,12
2013-06-24 13:30:00,16.49268,263.8668,2013,6,175,13
2013-06-24 14:00:00,16.95472,152.8477,2013,6,175,14
2013-06-24 14:29:59,17.26836,94.69713,2013,6,175,14
2013-06-24 15:00:00,17.05033,78.75837,2013,6,175,15
2013-06-24 15:30:00,16.85444,51.04056,2013,6,175,15
2013-06-24 15:59:59,16.74412,53.41348,2013,6,175,15
2013-06-24 16:30:00,16.63399,32.48886,2013,6,175,16
2013-06-24 17:00:00,16.41612,13.61206,2013,6,175,17
2013-06-24 17:29:59,16.11883,-1.313665,2013,6,175,17
2013-06-24 18:00:00,15.75893,-2.147048,2013,6,175,18
2013-06-24 18:30:00,15.27258,-1.474704,2013,6,175,18
2013-06-24 18:59:59,15.07315,-1.043117,2013,6,175,18
2013-06-24 19:30:00,14.93448,-1.554702,2013,6,175,19
2013-06-24 20:00:00,14.68029,-1.252221,2013,6,175,20
2013-06-24 20:29:59,14.39122,-1.247205,2013,6,175,20
2013-06-24 21:00:00,14.18733,-1.107166,2013,6,175,21
2013-06-24 21:30:00,13.97035,-0.9838054,2013,6,175,21
2013-06-24 21:59:59,13.67944,-0.8628572,2013,6,175,21
2013-06-24 22:30:00,13.52077,-0.8154826,2013,6,175,22
2013-06-24 23:00:00,13.47928,-0.5254231,2013,6,175,23
2013-06-24 23:29:59,13.33285,-2.512742,2013,6,175,23
2013-06-25 00:00:00,13.05558,-1.004287,2013,6,176,0
2013-06-25 00:30:00,12.89537,-3.638282,2013,6,176,0
2013-06-25 00:59:59,12.4643,-1.983424,2013,6,176,0
2013-06-25 01:30:00,12.49184,-1.892424,2013,6,176,1
2013-06-25 02:00:00,12.15399,-1.611941,2013,6,176,2
2013-06-25 02:29:59,11.91626,-0.5081295,2013,6,176,2
2013-06-25 03:00:00,11.8874,-0.2449354,2013,6,176,3
2013-06-25 03:30:00,11.93293,-0.1921532,2013,6,176,3
2013-06-25 03:59:59,11.97742,-0.1617238,2013,6,176,3
2013-06-25 04:30:00,12.00692,-0.1160471,2013,6,176,4
2013-06-25 05:00:00,12.11228,-0.221573,2013,6,176,5
2013-06-25 05:29:59,12.15504,-0.2668727,2013,6,176,5
2013-06-25 06:00:00,12.12682,-0.1274084,2013,6,176,6
2013-06-25 06:30:00,12.18691,-0.153337,2013,6,176,6
2013-06-25 06:59:59,12.13884,0.6078388,2013,6,176,6
2013-06-25 07:30:00,12.08399,10.44441,2013,6,176,7
2013-06-25 08:00:00,12.16305,33.24174,2013,6,176,8
2013-06-25 08:29:59,12.39784,91.06754,2013,6,176,8
2013-06-25 09:00:00,12.66513,102.8403,2013,6,176,9
2013-06-25 09:30:00,12.94211,78.46365,2013,6,176,9
2013-06-25 09:59:59,13.33346,115.191,2013,6,176,9
2013-06-25 10:30:00,13.56508,107.5296,2013,6,176,10
2013-06-25 11:00:00,13.62047,182.851,2013,6,176,11
2013-06-25 11:29:59,13.94105,242.0899,2013,6,176,11
2013-06-25 12:00:00,14.18622,276.7863,2013,6,176,12
2013-06-25 12:30:00,14.92591,426.9849,2013,6,176,12
2013-06-25 12:59:59,15.12635,410.9934,2013,6,176,12
2013-06-25 13:30:00,16.00681,530.4522,2013,6,176,13
2013-06-25 14:00:00,16.37639,297.4453,2013,6,176,14
2013-06-25 14:29:59,16.76684,377.5369,2013,6,176,14
2013-06-25 15:00:00,17.64302,416.5992,2013,6,176,15
2013-06-25 15:30:00,18.06801,324.8996,2013,6,176,15
2013-06-25 15:59:59,17.71639,163.447,2013,6,176,15
2013-06-25 16:30:00,17.99292,128.3488,2013,6,176,16
2013-06-25 17:00:00,17.71795,46.68713,2013,6,176,17
2013-06-25 17:29:59,17.24617,-0.793584,2013,6,176,17
2013-06-25 18:00:00,15.42098,-4.482005,2013,6,176,18
2013-06-25 18:30:00,14.73866,-3.675895,2013,6,176,18
2013-06-25 18:59:59,14.14533,-3.330797,2013,6,176,18
2013-06-25 19:30:00,13.76626,-2.783185,2013,6,176,19
2013-06-25 20:00:00,13.73485,-1.938506,2013,6,176,20
2013-06-25 20:29:59,13.619,-2.380784,2013,6,176,20
2013-06-25 21:00:00,13.39376,-1.498188,2013,6,176,21
2013-06-25 21:30:00,13.14217,-3.460019,2013,6,176,21
2013-06-25 21:59:59,12.83303,-1.970623,2013,6,176,21
2013-06-25 22:30:00,12.66427,-2.725843,2013,6,176,22
2013-06-25 23:00:00,12.49502,-2.389824,2013,6,176,23
2013-06-25 23:29:59,12.5193,-0.7314371,2013,6,176,23
2013-06-26 00:00:00,12.38725,-0.735792,2013,6,177,0
2013-06-26 00:30:00,12.34868,-0.8689408,2013,6,177,0
2013-06-26 00:59:59,12.48281,-1.04342,2013,6,177,0
2013-06-26 01:30:00,12.36046,-1.513007,2013,6,177,1
2013-06-26 02:00:00,12.18693,-2.251808,2013,6,177,2
2013-06-26 02:29:59,11.94544,-2.523256,2013,6,177,2
2013-06-26 03:00:00,11.94594,-1.746336,2013,6,177,3
2013-06-26 03:30:00,11.8476,-2.641881,2013,6,177,3
2013-06-26 03:59:59,11.65592,-1.383091,2013,6,177,3
2013-06-26 04:30:00,11.58078,-1.235352,2013,6,177,4
2013-06-26 05:00:00,11.44542,-1.178935,2013,6,177,5
2013-06-26 05:29:59,11.37856,-1.560835,2013,6,177,5
2013-06-26 06:00:00,11.2659,-1.767457,2013,6,177,6
2013-06-26 06:30:00,11.14373,-2.09327,2013,6,177,6
2013-06-26 06:59:59,10.95265,-0.9839392,2013,6,177,6
2013-06-26 07:30:00,10.65174,10.11377,2013,6,177,7
2013-06-26 08:00:00,10.50572,36.31172,2013,6,177,8
2013-06-26 08:29:59,10.76749,165.8966,2013,6,177,8
2013-06-26 09:00:00,12.0409,296.3572,2013,6,177,9
2013-06-26 09:30:00,12.23877,243.3524,2013,6,177,9
2013-06-26 09:59:59,12.75475,263.5159,2013,6,177,9
2013-06-26 10:30:00,12.77193,287.7694,2013,6,177,10
2013-06-26 11:00:00,13.12639,451.4731,2013,6,177,11
2013-06-26 11:29:59,13.78721,504.868,2013,6,177,11
2013-06-26 12:00:00,14.13062,486.8931,2013,6,177,12
2013-06-26 12:30:00,14.49862,505.3968,2013,6,177,12
2013-06-26 12:59:59,15.09894,468.9472,2013,6,177,12
2013-06-26 13:30:00,15.74473,468.4832,2013,6,177,13
2013-06-26 14:00:00,16.10575,521.8538,2013,6,177,14
2013-06-26 14:29:59,16.42128,305.4078,2013,6,177,14
2013-06-26 15:00:00,16.32917,294.7241,2013,6,177,15
2013-06-26 15:30:00,16.62918,273.8097,2013,6,177,15
2013-06-26 15:59:59,16.33704,77.55389,2013,6,177,15
2013-06-26 16:30:00,16.22128,57.38281,2013,6,177,16
2013-06-26 17:00:00,15.99677,17.95588,2013,6,177,17
2013-06-26 17:29:59,15.70229,-1.482417,2013,6,177,17
2013-06-26 18:00:00,15.18995,-3.492687,2013,6,177,18
2013-06-26 18:30:00,14.75236,-2.273219,2013,6,177,18
2013-06-26 18:59:59,14.59723,-1.918976,2013,6,177,18
2013-06-26 19:30:00,14.25279,-1.384007,2013,6,177,19
2013-06-26 20:00:00,14.43932,-1.611227,2013,6,177,20
2013-06-26 20:29:59,14.01377,-1.568571,2013,6,177,20
2013-06-26 21:00:00,13.78271,-1.443506,2013,6,177,21
2013-06-26 21:30:00,13.54461,-1.419042,2013,6,177,21
2013-06-26 21:59:59,13.40947,-1.319489,2013,6,177,21
2013-06-26 22:30:00,13.19536,-1.941298,2013,6,177,22
2013-06-26 23:00:00,12.72865,-3.007335,2013,6,177,23
2013-06-26 23:29:59,12.40207,-2.471207,2013,6,177,23
2013-06-27 00:00:00,11.92902,-3.495495,2013,6,178,0
2013-06-27 00:30:00,11.71964,-1.173206,2013,6,178,0
2013-06-27 00:59:59,11.74703,-2.20417,2013,6,178,0
2013-06-27 01:30:00,11.56418,-3.230943,2013,6,178,1
2013-06-27 02:00:00,11.28722,-0.9934888,2013,6,178,2
2013-06-27 02:29:59,11.32402,-0.3571091,2013,6,178,2
2013-06-27 03:00:00,11.24378,-0.4867019,2013,6,178,3
2013-06-27 03:30:00,11.03428,-0.4678459,2013,6,178,3
2013-06-27 03:59:59,10.5493,-0.9130899,2013,6,178,3
2013-06-27 04:30:00,10.39317,-0.7502391,2013,6,178,4
2013-06-27 05:00:00,10.54504,-0.6141021,2013,6,178,5
2013-06-27 05:29:59,10.67478,-0.7756919,2013,6,178,5
2013-06-27 06:00:00,10.6461,-0.6480014,2013,6,178,6
2013-06-27 06:30:00,10.69464,-0.4208807,2013,6,178,6
2013-06-27 06:59:59,10.62862,0.3704779,2013,6,178,6
2013-06-27 07:30:00,10.91592,8.606614,2013,6,178,7
2013-06-27 08:00:00,10.87119,26.47512,2013,6,178,8
2013-06-27 08:29:59,10.87676,57.68078,2013,6,178,8
2013-06-27 09:00:00,11.14423,88.71383,2013,6,178,9
2013-06-27 09:30:00,11.62568,131.6848,2013,6,178,9
2013-06-27 09:59:59,12.44441,199.7637,2013,6,178,9
2013-06-27 10:30:00,13.11042,254.2179,2013,6,178,10
2013-06-27 11:00:00,13.72344,310.2435,2013,6,178,11
2013-06-27 11:29:59,14.22687,348.256,2013,6,178,11
2013-06-27 12:00:00,14.92269,433.7737,2013,6,178,12
2013-06-27 12:30:00,15.6003,451.5535,2013,6,178,12
2013-06-27 12:59:59,16.46322,499.0654,2013,6,178,12
2013-06-27 13:30:00,16.47556,407.4089,2013,6,178,13
2013-06-27 14:00:00,16.67819,217.2222,2013,6,178,14
2013-06-27 14:29:59,16.57441,197.2774,2013,6,178,14
2013-06-27 15:00:00,16.68212,170.672,2013,6,178,15
2013-06-27 15:30:00,16.73509,163.0011,2013,6,178,15
2013-06-27 15:59:59,17.03652,144.3315,2013,6,178,15
2013-06-27 16:30:00,17.08469,106.4687,2013,6,178,16
2013-06-27 17:00:00,16.61555,20.72129,2013,6,178,17
2013-06-27 17:29:59,16.12463,-1.387729,2013,6,178,17
2013-06-27 18:00:00,15.91906,-3.750035,2013,6,178,18
2013-06-27 18:30:00,15.59514,-3.963479,2013,6,178,18
2013-06-27 18:59:59,15.28324,-3.106781,2013,6,178,18
2013-06-27 19:30:00,14.56295,-2.648461,2013,6,178,19
2013-06-27 20:00:00,13.78555,-3.063227,2013,6,178,20
2013-06-27 20:29:59,12.83082,-2.472191,2013,6,178,20
2013-06-27 21:00:00,13.13141,-2.983309,2013,6,178,21
2013-06-27 21:30:00,13.17506,-3.054715,2013,6,178,21
2013-06-27 21:59:59,12.691,-3.564619,2013,6,178,21
2013-06-27 22:30:00,11.78269,-3.757776,2013,6,178,22
2013-06-27 23:00:00,11.77656,-3.647939,2013,6,178,23
2013-06-27 23:29:59,12.14226,-2.783957,2013,6,178,23
2013-06-28 00:00:00,11.099,-3.406088,2013,6,179,0
2013-06-28 00:30:00,10.98289,-3.45645,2013,6,179,0
2013-06-28 00:59:59,10.42556,-3.492621,2013,6,179,0
2013-06-28 01:30:00,10.16347,-3.708674,2013,6,179,1
2013-06-28 02:00:00,9.650241,-3.687949,2013,6,179,2
2013-06-28 02:29:59,9.010486,-3.611763,2013,6,179,2
2013-06-28 03:00:00,8.685765,-3.359781,2013,6,179,3
2013-06-28 03:30:00,9.011041,-3.013633,2013,6,179,3
2013-06-28 03:59:59,9.334043,-2.162393,2013,6,179,3
2013-06-28 04:30:00,9.380476,-2.756029,2013,6,179,4
2013-06-28 05:00:00,9.271377,-3.349673,2013,6,179,5
2013-06-28 05:29:59,8.938046,-3.094464,2013,6,179,5
2013-06-28 06:00:00,9.077469,-3.093864,2013,6,179,6
2013-06-28 06:30:00,9.266088,-3.218316,2013,6,179,6
2013-06-28 06:59:59,9.050883,-1.492799,2013,6,179,6
2013-06-28 07:30:00,9.101861,33.00037,2013,6,179,7
2013-06-28 08:00:00,9.578506,110.9907,2013,6,179,8
2013-06-28 08:29:59,9.841601,203.1924,2013,6,179,8
2013-06-28 09:00:00,11.01083,291.9997,2013,6,179,9
2013-06-28 09:30:00,11.92283,375.2786,2013,6,179,9
2013-06-28 09:59:59,12.88583,449.7,2013,6,179,9
2013-06-28 10:30:00,14.49913,510.0466,2013,6,179,10
2013-06-28 11:00:00,15.44053,558.1924,2013,6,179,11
2013-06-28 11:29:59,15.92338,591.7811,2013,6,179,11
2013-06-28 12:00:00,16.32929,610.0484,2013,6,179,12
2013-06-28 12:30:00,16.93732,611.1334,2013,6,179,12
2013-06-28 12:59:59,17.21388,599.0313,2013,6,179,12
2013-06-28 13:30:00,17.29355,569.2161,2013,6,179,13
2013-06-28 14:00:00,17.5996,525.7145,2013,6,179,14
2013-06-28 14:29:59,18.00888,466.6042,2013,6,179,14
2013-06-28 15:00:00,18.12445,396.4687,2013,6,179,15
2013-06-28 15:30:00,18.11488,315.7058,2013,6,179,15
2013-06-28 15:59:59,18.24052,227.964,2013,6,179,15
2013-06-28 16:30:00,18.04614,135.7015,2013,6,179,16
2013-06-28 17:00:00,17.65233,48.59265,2013,6,179,17
2013-06-28 17:29:59,16.81886,-1.324114,2013,6,179,17
2013-06-28 18:00:00,16.28955,-5.219409,2013,6,179,18
2013-06-28 18:30:00,15.40609,-5.373696,2013,6,179,18
2013-06-28 18:59:59,14.8308,-5.06914,2013,6,179,18
2013-06-28 19:30:00,14.19633,-4.365285,2013,6,179,19
2013-06-28 20:00:00,13.5657,-4.0046,2013,6,179,20
2013-06-28 20:29:59,13.14812,-4.127186,2013,6,179,20
2013-06-28 21:00:00,12.82863,-4.415268,2013,6,179,21
2013-06-28 21:30:00,12.48587,-4.608733,2013,6,179,21
2013-06-28 21:59:59,11.88442,-4.737655,2013,6,179,21
2013-06-28 22:30:00,11.42392,-4.348105,2013,6,179,22
2013-06-28 23:00:00,11.05936,-4.036588,2013,6,179,23
2013-06-28 23:29:59,10.81362,-3.977823,2013,6,179,23
2013-06-29 00:00:00,10.61197,-3.933269,2013,6,180,0
2013-06-29 00:30:00,10.46385,-3.682858,2013,6,180,0
2013-06-29 00:59:59,10.23096,-3.658967,2013,6,180,0
2013-06-29 01:30:00,9.948988,-3.605975,2013,6,180,1
2013-06-29 02:00:00,9.929273,-3.618457,2013,6,180,2
2013-06-29 02:29:59,9.882093,-3.287193,2013,6,180,2
2013-06-29 03:00:00,9.979992,-3.111692,2013,6,180,3
2013-06-29 03:30:00,9.907098,-3.174108,2013,6,180,3
2013-06-29 03:59:59,9.742986,-3.364946,2013,6,180,3
2013-06-29 04:30:00,9.721508,-3.347472,2013,6,180,4
2013-06-29 05:00:00,9.228456,-2.879341,2013,6,180,5
2013-06-29 05:29:59,9.227646,-2.707451,2013,6,180,5
2013-06-29 06:00:00,9.134572,-2.827995,2013,6,180,6
2013-06-29 06:30:00,9.098703,-2.723329,2013,6,180,6
2013-06-29 06:59:59,9.130307,-0.1332689,2013,6,180,6
2013-06-29 07:30:00,9.325422,34.8587,2013,6,180,7
2013-06-29 08:00:00,9.565143,113.1745,2013,6,180,8
2013-06-29 08:29:59,10.42646,205.6707,2013,6,180,8
2013-06-29 09:00:00,10.55145,296.5679,2013,6,180,9
2013-06-29 09:30:00,11.85509,382.4335,2013,6,180,9
2013-06-29 09:59:59,13.85725,459.4376,2013,6,180,9
2013-06-29 10:30:00,15.0631,519.9246,2013,6,180,10
2013-06-29 11:00:00,16.03611,566.2719,2013,6,180,11
2013-06-29 11:29:59,16.96029,598.9697,2013,6,180,11
2013-06-29 12:00:00,17.56722,617.7236,2013,6,180,12
2013-06-29 12:30:00,17.75325,620.3568,2013,6,180,12
2013-06-29 12:59:59,17.90135,607.2863,2013,6,180,12
2013-06-29 13:30:00,18.31783,578.7886,2013,6,180,13
2013-06-29 14:00:00,18.2716,533.6563,2013,6,180,14
2013-06-29 14:29:59,18.3626,476.3694,2013,6,180,14
2013-06-29 15:00:00,18.57146,405.3966,2013,6,180,15
2013-06-29 15:30:00,18.78094,323.0463,2013,6,180,15
2013-06-29 15:59:59,18.77292,233.0033,2013,6,180,15
2013-06-29 16:30:00,18.86397,138.8494,2013,6,180,16
2013-06-29 17:00:00,18.56079,52.00351,2013,6,180,17
2013-06-29 17:29:59,18.00155,-0.3865208,2013,6,180,17
2013-06-29 18:00:00,17.10266,-5.020753,2013,6,180,18
2013-06-29 18:30:00,16.24133,-5.448333,2013,6,180,18
2013-06-29 18:59:59,15.76358,-5.247172,2013,6,180,18
2013-06-29 19:30:00,15.24736,-4.851276,2013,6,180,19
2013-06-29 20:00:00,14.63507,-4.469622,2013,6,180,20
2013-06-29 20:29:59,14.64896,-4.632767,2013,6,180,20
2013-06-29 21:00:00,14.0174,-4.776062,2013,6,180,21
2013-06-29 21:30:00,13.21799,-4.387447,2013,6,180,21
2013-06-29 21:59:59,12.99881,-4.315121,2013,6,180,21
2013-06-29 22:30:00,12.29318,-4.296168,2013,6,180,22
2013-06-29 23:00:00,12.05217,-4.189116,2013,6,180,23
2013-06-29 23:29:59,11.78876,-3.716757,2013,6,180,23
2013-06-30 00:00:00,11.70663,-3.199957,2013,6,181,0
2013-06-30 00:30:00,11.19727,-3.711624,2013,6,181,0
2013-06-30 00:59:59,10.78903,-3.986536,2013,6,181,0
2013-06-30 01:30:00,10.17956,-3.553712,2013,6,181,1
2013-06-30 02:00:00,10.16086,-2.933084,2013,6,181,2
2013-06-30 02:29:59,9.957288,-3.42057,2013,6,181,2
2013-06-30 03:00:00,9.619278,-3.238727,2013,6,181,3
2013-06-30 03:30:00,9.380031,-2.979459,2013,6,181,3
2013-06-30 03:59:59,9.400081,-2.817137,2013,6,181,3
2013-06-30 04:30:00,9.551281,-2.657315,2013,6,181,4
2013-06-30 05:00:00,9.087605,-3.584243,2013,6,181,5
2013-06-30 05:29:59,8.489489,-3.816688,2013,6,181,5
2013-06-30 06:00:00,7.922004,-2.050257,2013,6,181,6
2013-06-30 06:30:00,8.149429,-0.8443514,2013,6,181,6
2013-06-30 06:59:59,8.514259,0.7701876,2013,6,181,6
2013-06-30 07:30:00,8.847906,37.72933,2013,6,181,7
2013-06-30 08:00:00,9.368749,115.829,2013,6,181,8
2013-06-30 08:29:59,9.711392,208.0845,2013,6,181,8
2013-06-30 09:00:00,10.31002,302.2593,2013,6,181,9
2013-06-30 09:30:00,12.39662,390.4679,2013,6,181,9
2013-06-30 09:59:59,13.5401,466.9888,2013,6,181,9
2013-06-30 10:30:00,15.08642,528.922,2013,6,181,10
2013-06-30 11:00:00,15.84459,578.3785,2013,6,181,11
2013-06-30 11:29:59,16.24052,612.8301,2013,6,181,11
2013-06-30 12:00:00,16.58733,632.035,2013,6,181,12
2013-06-30 12:30:00,17.04628,634.6114,2013,6,181,12
2013-06-30 12:59:59,17.51849,617.6013,2013,6,181,12
2013-06-30 13:30:00,18.05397,589.5992,2013,6,181,13
2013-06-30 14:00:00,18.27051,545.1327,2013,6,181,14
2013-06-30 14:29:59,18.60611,486.0764,2013,6,181,14
2013-06-30 15:00:00,18.84049,414.0605,2013,6,181,15
2013-06-30 15:30:00,18.91262,331.4171,2013,6,181,15
2013-06-30 15:59:59,18.98229,240.601,2013,6,181,15
2013-06-30 16:30:00,18.97025,144.9758,2013,6,181,16
2013-06-30 17:00:00,18.41332,55.05029,2013,6,181,17
2013-06-30 17:29:59,17.31887,-0.8294959,2013,6,181,17
2013-06-30 18:00:00,16.56669,-5.473652,2013,6,181,18
2013-06-30 18:30:00,15.67214,-5.079187,2013,6,181,18
2013-06-30 18:59:59,15.51133,-4.475106,2013,6,181,18
2013-06-30 19:30:00,15.1834,-4.673307,2013,6,181,19
2013-06-30 20:00:00,14.76383,-4.873593,2013,6,181,20
2013-06-30 20:29:59,14.5932,-4.58555,2013,6,181,20
2013-06-30 21:00:00,13.65671,-4.871155,2013,6,181,21
2013-06-30 21:30:00,12.61398,-4.546842,2013,6,181,21
2013-06-30 21:59:59,12.03199,-4.259796,2013,6,181,21
2013-06-30 22:30:00,12.03214,-3.54479,2013,6,181,22
2013-06-30 23:00:00,12.221,-3.806562,2013,6,181,23
2013-06-30 23:29:59,11.47443,-2.896097,2013,6,181,23
2013-07-01 00:00:00,11.26761,-2.201111,2013,7,182,0
2013-07-01 00:30:00,11.39216,-2.406654,2013,7,182,0
2013-07-01 00:59:59,11.13109,-3.47235,2013,7,182,0
2013-07-01 01:30:00,10.64247,-3.503412,2013,7,182,1
2013-07-01 02:00:00,10.46744,-2.806604,2013,7,182,2
2013-07-01 02:29:59,10.18959,-3.249727,2013,7,182,2
2013-07-01 03:00:00,9.976231,-3.601016,2013,7,182,3
2013-07-01 03:30:00,9.882227,-3.556573,2013,7,182,3
2013-07-01 03:59:59,9.461086,-3.822227,2013,7,182,3
2013-07-01 04:30:00,9.044509,-3.572191,2013,7,182,4
2013-07-01 05:00:00,8.640543,-3.522428,2013,7,182,5
2013-07-01 05:29:59,8.32295,-3.055278,2013,7,182,5
2013-07-01 06:00:00,8.105029,-3.14503,2013,7,182,6
2013-07-01 06:30:00,7.938259,-2.98986,2013,7,182,6
2013-07-01 06:59:59,7.803256,-0.7926162,2013,7,182,6
2013-07-01 07:30:00,8.30439,36.79018,2013,7,182,7
2013-07-01 08:00:00,8.518851,118.1999,2013,7,182,8
2013-07-01 08:29:59,8.121874,213.2845,2013,7,182,8
2013-07-01 09:00:00,9.256568,306.8791,2013,7,182,9
2013-07-01 09:30:00,11.40823,395.2652,2013,7,182,9
2013-07-01 09:59:59,12.81907,473.2714,2013,7,182,9
2013-07-01 10:30:00,14.67593,537.4412,2013,7,182,10
2013-07-01 11:00:00,15.81032,586.2311,2013,7,182,11
2013-07-01 11:29:59,16.48276,621.305,2013,7,182,11
2013-07-01 12:00:00,16.92424,639.9017,2013,7,182,12
2013-07-01 12:30:00,17.54569,641.0211,2013,7,182,12
2013-07-01 12:59:59,17.85577,626.5618,2013,7,182,12
2013-07-01 13:30:00,18.60082,598.8711,2013,7,182,13
2013-07-01 14:00:00,18.83373,552.6919,2013,7,182,14
2013-07-01 14:29:59,19.17451,492.2541,2013,7,182,14
2013-07-01 15:00:00,19.57133,419.4315,2013,7,182,15
2013-07-01 15:30:00,19.5761,336.2063,2013,7,182,15
2013-07-01 15:59:59,19.65735,244.3473,2013,7,182,15
2013-07-01 16:30:00,19.62271,147.8887,2013,7,182,16
2013-07-01 17:00:00,19.29793,57.18712,2013,7,182,17
2013-07-01 17:29:59,18.61086,-0.7644124,2013,7,182,17
2013-07-01 18:00:00,18.01446,-5.856702,2013,7,182,18
2013-07-01 18:30:00,17.3928,-5.614651,2013,7,182,18
2013-07-01 18:59:59,17.16598,-5.668653,2013,7,182,18
2013-07-01 19:30:00,15.47085,-6.380847,2013,7,182,19
2013-07-01 20:00:00,14.43769,-5.147883,2013,7,182,20
2013-07-01 20:29:59,14.15701,-4.283061,2013,7,182,20
2013-07-01 21:00:00,13.79177,-4.353009,2013,7,182,21
2013-07-01 21:30:00,13.60544,-3.846596,2013,7,182,21
2013-07-01 21:59:59,13.38069,-3.751047,2013,7,182,21
2013-07-01 22:30:00,13.40425,-3.66894,2013,7,182,22
2013-07-01 23:00:00,13.17385,-4.62085,2013,7,182,23
2013-07-01 23:29:59,12.3184,-4.638827,2013,7,182,23
2013-07-02 00:00:00,12.18802,-4.201832,2013,7,183,0
2013-07-02 00:30:00,11.83246,-4.485897,2013,7,183,0
2013-07-02 00:59:59,11.50415,-4.307579,2013,7,183,0
2013-07-02 01:30:00,11.24027,-4.053543,2013,7,183,1
2013-07-02 02:00:00,10.5241,-4.499227,2013,7,183,2
2013-07-02 02:29:59,9.569763,-4.460655,2013,7,183,2
2013-07-02 03:00:00,9.65564,-3.889683,2013,7,183,3
2013-07-02 03:30:00,9.452461,-4.390384,2013,7,183,3
2013-07-02 03:59:59,9.02086,-4.512914,2013,7,183,3
2013-07-02 04:30:00,8.567321,-4.470904,2013,7,183,4
2013-07-02 05:00:00,7.974282,-4.166724,2013,7,183,5
2013-07-02 05:29:59,8.549268,-3.561822,2013,7,183,5
2013-07-02 06:00:00,8.627369,-3.731671,2013,7,183,6
2013-07-02 06:30:00,8.516404,-4.030916,2013,7,183,6
2013-07-02 06:59:59,8.172768,-1.141362,2013,7,183,6
2013-07-02 07:30:00,6.953192,36.85646,2013,7,183,7
2013-07-02 08:00:00,6.362984,119.1713,2013,7,183,8
2013-07-02 08:29:59,6.163308,215.3934,2013,7,183,8
2013-07-02 09:00:00,8.150489,310.4922,2013,7,183,9
2013-07-02 09:30:00,10.94567,397.2252,2013,7,183,9
2013-07-02 09:59:59,13.154,471.1582,2013,7,183,9
2013-07-02 10:30:00,15.39984,533.6407,2013,7,183,10
2013-07-02 11:00:00,16.50933,581.3739,2013,7,183,11
2013-07-02 11:29:59,17.24316,613.184,2013,7,183,11
2013-07-02 12:00:00,17.77363,628.6724,2013,7,183,12
2013-07-02 12:30:00,18.24559,629.4875,2013,7,183,12
2013-07-02 12:59:59,18.53194,606.744,2013,7,183,12
2013-07-02 13:30:00,18.86624,561.3931,2013,7,183,13
2013-07-02 14:00:00,19.42563,537.0064,2013,7,183,14
2013-07-02 14:29:59,19.90405,482.4151,2013,7,183,14
2013-07-02 15:00:00,20.23973,410.622,2013,7,183,15
2013-07-02 15:30:00,20.51545,328.6807,2013,7,183,15
2013-07-02 15:59:59,20.5157,237.8095,2013,7,183,15
2013-07-02 16:30:00,20.43911,143.4472,2013,7,183,16
2013-07-02 17:00:00,20.18149,54.99964,2013,7,183,17
2013-07-02 17:29:59,19.46468,0.1589267,2013,7,183,17
2013-07-02 18:00:00,18.78357,-4.975793,2013,7,183,18
2013-07-02 18:30:00,18.29861,-4.514099,2013,7,183,18
2013-07-02 18:59:59,17.58011,-4.650689,2013,7,183,18
2013-07-02 19:30:00,17.36838,-4.029251,2013,7,183,19
2013-07-02 20:00:00,17.04613,-3.803398,2013,7,183,20
2013-07-02 20:29:59,16.77318,-3.499117,2013,7,183,20
2013-07-02 21:00:00,16.26168,-2.428722,2013,7,183,21
2013-07-02 21:30:00,15.67118,-3.086758,2013,7,183,21
2013-07-02 21:59:59,14.28759,-2.858121,2013,7,183,21
2013-07-02 22:30:00,14.40087,-3.062776,2013,7,183,22
2013-07-02 23:00:00,14.81337,-1.865834,2013,7,183,23
2013-07-02 23:29:59,15.73835,-2.352704,2013,7,183,23
2013-07-03 00:00:00,15.27038,-2.392781,2013,7,184,0
2013-07-03 00:30:00,15.09275,-1.24984,2013,7,184,0
2013-07-03 00:59:59,14.77853,-1.824412,2013,7,184,0
2013-07-03 01:30:00,14.49713,-1.931859,2013,7,184,1
2013-07-03 02:00:00,14.26599,-1.158341,2013,7,184,2
2013-07-03 02:29:59,13.96618,-2.75761,2013,7,184,2
2013-07-03 03:00:00,12.98788,-3.467486,2013,7,184,3
2013-07-03 03:30:00,11.76388,-2.181265,2013,7,184,3
2013-07-03 03:59:59,11.45662,-1.0281,2013,7,184,3
2013-07-03 04:30:00,11.45564,-1.708751,2013,7,184,4
2013-07-03 05:00:00,11.677,-1.520358,2013,7,184,5
2013-07-03 05:29:59,11.22676,-0.8202783,2013,7,184,5
2013-07-03 06:00:00,11.60243,-0.630871,2013,7,184,6
2013-07-03 06:30:00,12.17942,-0.5714594,2013,7,184,6
2013-07-03 06:59:59,11.90137,0.6460133,2013,7,184,6
2013-07-03 07:30:00,12.29149,14.79176,2013,7,184,7
2013-07-03 08:00:00,12.79177,45.18694,2013,7,184,8
2013-07-03 08:29:59,13.01662,86.00176,2013,7,184,8
2013-07-03 09:00:00,12.91037,161.6984,2013,7,184,9
2013-07-03 09:30:00,13.54963,313.9033,2013,7,184,9
2013-07-03 09:59:59,15.01256,433.1708,2013,7,184,9
2013-07-03 10:30:00,15.75387,489.4856,2013,7,184,10
2013-07-03 11:00:00,16.31672,572.8866,2013,7,184,11
2013-07-03 11:29:59,16.74671,605.0007,2013,7,184,11
2013-07-03 12:00:00,17.12215,623.0287,2013,7,184,12
2013-07-03 12:30:00,17.41371,626.1357,2013,7,184,12
2013-07-03 12:59:59,17.49922,612.9514,2013,7,184,12
2013-07-03 13:30:00,17.87572,582.8497,2013,7,184,13
2013-07-03 14:00:00,18.00629,539.4138,2013,7,184,14
2013-07-03 14:29:59,18.08254,482.0302,2013,7,184,14
2013-07-03 15:00:00,18.23879,409.9606,2013,7,184,15
2013-07-03 15:30:00,18.47889,327.7607,2013,7,184,15
2013-07-03 15:59:59,18.50049,239.3784,2013,7,184,15
2013-07-03 16:30:00,18.31709,102.091,2013,7,184,16
2013-07-03 17:00:00,17.94241,20.7837,2013,7,184,17
2013-07-03 17:29:59,17.63389,-0.01584679,2013,7,184,17
2013-07-03 18:00:00,17.14699,-1.745875,2013,7,184,18
2013-07-03 18:30:00,15.67144,-5.347599,2013,7,184,18
2013-07-03 18:59:59,14.66455,-2.717861,2013,7,184,18
2013-07-03 19:30:00,13.84728,-2.003812,2013,7,184,19
2013-07-03 20:00:00,13.47153,-1.338374,2013,7,184,20
2013-07-03 20:29:59,13.03626,-2.725942,2013,7,184,20
2013-07-03 21:00:00,12.71941,-1.724512,2013,7,184,21
2013-07-03 21:30:00,12.52504,-1.358396,2013,7,184,21
2013-07-03 21:59:59,12.22581,-1.156839,2013,7,184,21
2013-07-03 22:30:00,11.89371,-1.300661,2013,7,184,22
2013-07-03 23:00:00,11.53537,-1.757838,2013,7,184,23
2013-07-03 23:29:59,11.05237,-3.104727,2013,7,184,23
2013-07-04 00:00:00,10.29426,-4.198883,2013,7,185,0
2013-07-04 00:30:00,9.507574,-4.265583,2013,7,185,0
2013-07-04 00:59:59,8.89447,-4.391932,2013,7,185,0
2013-07-04 01:30:00,8.217642,-4.357296,2013,7,185,1
2013-07-04 02:00:00,7.628614,-4.143571,2013,7,185,2
2013-07-04 02:29:59,7.417552,-4.402139,2013,7,185,2
2013-07-04 03:00:00,6.994275,-4.576514,2013,7,185,3
2013-07-04 03:30:00,6.46594,-4.505274,2013,7,185,3
2013-07-04 03:59:59,5.970159,-4.287224,2013,7,185,3
2013-07-04 04:30:00,5.612716,-3.978411,2013,7,185,4
2013-07-04 05:00:00,5.538282,-4.071449,2013,7,185,5
2013-07-04 05:29:59,5.313434,-4.909138,2013,7,185,5
2013-07-04 06:00:00,4.742809,-4.984436,2013,7,185,6
2013-07-04 06:30:00,4.385827,-4.711498,2013,7,185,6
2013-07-04 06:59:59,4.37288,-1.862026,2013,7,185,6
2013-07-04 07:30:00,4.444207,36.31121,2013,7,185,7
2013-07-04 08:00:00,4.690013,118.395,2013,7,185,8
2013-07-04 08:29:59,5.868705,213.6002,2013,7,185,8
2013-07-04 09:00:00,7.014112,306.9619,2013,7,185,9
2013-07-04 09:30:00,7.953688,394.4872,2013,7,185,9
2013-07-04 09:59:59,9.090736,442.7558,2013,7,185,9
2013-07-04 10:30:00,10.09638,489.8541,2013,7,185,10
2013-07-04 11:00:00,10.46439,415.4553,2013,7,185,11
2013-07-04 11:29:59,11.12965,588.8492,2013,7,185,11
2013-07-04 12:00:00,11.5662,558.4301,2013,7,185,12
2013-07-04 12:30:00,11.69573,530.4802,2013,7,185,12
2013-07-04 12:59:59,11.97895,578.1021,2013,7,185,12
2013-07-04 13:30:00,12.49373,570.2236,2013,7,185,13
2013-07-04 14:00:00,12.8011,496.3471,2013,7,185,14
2013-07-04 14:29:59,13.16093,492.1804,2013,7,185,14
2013-07-04 15:00:00,13.60319,418.3883,2013,7,185,15
2013-07-04 15:30:00,13.65084,337.3975,2013,7,185,15
2013-07-04 15:59:59,13.62435,245.4949,2013,7,185,15
2013-07-04 16:30:00,13.43052,148.2598,2013,7,185,16
2013-07-04 17:00:00,13.03541,56.20542,2013,7,185,17
2013-07-04 17:29:59,12.37282,0.5900199,2013,7,185,17
2013-07-04 18:00:00,11.75521,-5.058023,2013,7,185,18
2013-07-04 18:30:00,11.17925,-4.895377,2013,7,185,18
2013-07-04 18:59:59,10.62761,-4.537955,2013,7,185,18
2013-07-04 19:30:00,10.16387,-4.49571,2013,7,185,19
2013-07-04 20:00:00,9.592043,-4.398855,2013,7,185,20
2013-07-04 20:29:59,9.140587,-4.435477,2013,7,185,20
2013-07-04 21:00:00,8.637584,-4.147605,2013,7,185,21
2013-07-04 21:30:00,8.30609,-4.229938,2013,7,185,21
2013-07-04 21:59:59,8.153721,-3.965427,2013,7,185,21
2013-07-04 22:30:00,7.896508,-4.047911,2013,7,185,22
2013-07-04 23:00:00,7.439753,-4.038545,2013,7,185,23
2013-07-04 23:29:59,7.044663,-4.076157,2013,7,185,23
2013-07-05 00:00:00,6.58356,-3.691937,2013,7,186,0
2013-07-05 00:30:00,6.406716,-3.852942,2013,7,186,0
2013-07-05 00:59:59,6.336124,-3.679834,2013,7,186,0
2013-07-05 01:30:00,5.895934,-3.804568,2013,7,186,1
2013-07-05 02:00:00,5.599194,-3.731776,2013,7,186,2
2013-07-05 02:29:59,5.351209,-3.918715,2013,7,186,2
2013-07-05 03:00:00,5.050986,-3.681286,2013,7,186,3
2013-07-05 03:30:00,5.061448,-3.355255,2013,7,186,3
2013-07-05 03:59:59,5.076171,-3.536066,2013,7,186,3
2013-07-05 04:30:00,4.798469,-3.613228,2013,7,186,4
2013-07-05 05:00:00,4.74454,-3.655273,2013,7,186,5
2013-07-05 05:29:59,4.95805,-3.290188,2013,7,186,5
2013-07-05 06:00:00,4.842224,-3.814232,2013,7,186,6
2013-07-05 06:30:00,4.574833,-3.587723,2013,7,186,6
2013-07-05 06:59:59,4.52529,-1.266687,2013,7,186,6
2013-07-05 07:30:00,4.491691,21.96401,2013,7,186,7
2013-07-05 08:00:00,4.697066,66.24513,2013,7,186,8
2013-07-05 08:29:59,5.163235,123.7911,2013,7,186,8
2013-07-05 09:00:00,5.806735,173.9046,2013,7,186,9
2013-07-05 09:30:00,7.137393,277.2187,2013,7,186,9
2013-07-05 09:59:59,8.228064,302.9353,2013,7,186,9
2013-07-05 10:30:00,9.022956,355.6812,2013,7,186,10
2013-07-05 11:00:00,9.848269,326.2098,2013,7,186,11
2013-07-05 11:29:59,10.04578,322.0859,2013,7,186,11
2013-07-05 12:00:00,10.55983,506.2708,2013,7,186,12
2013-07-05 12:30:00,10.96469,545.5248,2013,7,186,12
2013-07-05 12:59:59,11.47211,648.7166,2013,7,186,12
2013-07-05 13:30:00,11.61105,599.2109,2013,7,186,13
2013-07-05 14:00:00,11.68663,548.9915,2013,7,186,14
2013-07-05 14:29:59,12.39914,487.6635,2013,7,186,14
2013-07-05 15:00:00,12.55626,418.3108,2013,7,186,15
2013-07-05 15:30:00,12.69996,335.0042,2013,7,186,15
2013-07-05 15:59:59,12.77423,242.519,2013,7,186,15
2013-07-05 16:30:00,13.2834,146.026,2013,7,186,16
2013-07-05 17:00:00,12.76571,54.90759,2013,7,186,17
2013-07-05 17:29:59,11.95938,0.3456843,2013,7,186,17
2013-07-05 18:00:00,11.39756,-5.050775,2013,7,186,18
2013-07-05 18:30:00,10.90987,-5.052682,2013,7,186,18
2013-07-05 18:59:59,9.627347,-5.429211,2013,7,186,18
2013-07-05 19:30:00,9.030201,-4.894933,2013,7,186,19
2013-07-05 20:00:00,8.886329,-3.848014,2013,7,186,20
2013-07-05 20:29:59,8.460668,-4.074244,2013,7,186,20
2013-07-05 21:00:00,8.001436,-4.180418,2013,7,186,21
2013-07-05 21:30:00,7.885397,-3.753853,2013,7,186,21
2013-07-05 21:59:59,6.915461,-4.831606,2013,7,186,21
2013-07-05 22:30:00,6.978377,-3.380857,2013,7,186,22
2013-07-05 23:00:00,6.267856,-4.292162,2013,7,186,23
2013-07-05 23:29:59,5.864079,-3.916026,2013,7,186,23
2013-07-06 00:00:00,5.062274,-3.971557,2013,7,187,0
2013-07-06 00:30:00,5.214204,-3.37731,2013,7,187,0
2013-07-06 00:59:59,5.152967,-3.925236,2013,7,187,0
2013-07-06 01:30:00,5.003599,-4.02674,2013,7,187,1
2013-07-06 02:00:00,4.75032,-3.267422,2013,7,187,2
2013-07-06 02:29:59,5.103251,-3.655229,2013,7,187,2
2013-07-06 03:00:00,4.774911,-3.274246,2013,7,187,3
2013-07-06 03:30:00,4.187917,-2.851544,2013,7,187,3
2013-07-06 03:59:59,4.595698,-3.383527,2013,7,187,3
2013-07-06 04:30:00,4.334249,-3.992142,2013,7,187,4
2013-07-06 05:00:00,3.575356,-3.631158,2013,7,187,5
2013-07-06 05:29:59,3.310853,-3.243531,2013,7,187,5
2013-07-06 06:00:00,3.095984,-3.72741,2013,7,187,6
2013-07-06 06:30:00,2.80391,-3.188663,2013,7,187,6
2013-07-06 06:59:59,2.823081,-0.6259375,2013,7,187,6
2013-07-06 07:30:00,3.076626,35.24282,2013,7,187,7
2013-07-06 08:00:00,3.763384,114.9419,2013,7,187,8
2013-07-06 08:29:59,4.431885,209.4282,2013,7,187,8
2013-07-06 09:00:00,5.619148,301.9532,2013,7,187,9
2013-07-06 09:30:00,7.551199,389.7402,2013,7,187,9
2013-07-06 09:59:59,9.721295,466.0096,2013,7,187,9
2013-07-06 10:30:00,10.50571,529.6131,2013,7,187,10
2013-07-06 11:00:00,10.75044,578.8052,2013,7,187,11
2013-07-06 11:29:59,11.33665,556.2213,2013,7,187,11
2013-07-06 12:00:00,11.54171,558.3015,2013,7,187,12
2013-07-06 12:30:00,11.72374,392.3941,2013,7,187,12
2013-07-06 12:59:59,11.96828,427.4406,2013,7,187,12
2013-07-06 13:30:00,12.34263,597.1595,2013,7,187,13
2013-07-06 14:00:00,12.7595,546.8461,2013,7,187,14
2013-07-06 14:29:59,13.00093,490.6021,2013,7,187,14
2013-07-06 15:00:00,13.07204,419.1687,2013,7,187,15
2013-07-06 15:30:00,13.39742,336.6963,2013,7,187,15
2013-07-06 15:59:59,13.29577,246.1524,2013,7,187,15
2013-07-06 16:30:00,13.17481,150.6344,2013,7,187,16
2013-07-06 17:00:00,12.89835,60.1636,2013,7,187,17
2013-07-06 17:29:59,12.01029,1.564175,2013,7,187,17
2013-07-06 18:00:00,11.2957,-4.668963,2013,7,187,18
2013-07-06 18:30:00,10.67585,-4.382348,2013,7,187,18
2013-07-06 18:59:59,10.28956,-3.913358,2013,7,187,18
2013-07-06 19:30:00,9.738906,-4.092933,2013,7,187,19
2013-07-06 20:00:00,9.201824,-4.027908,2013,7,187,20
2013-07-06 20:29:59,8.860806,-3.939563,2013,7,187,20
2013-07-06 21:00:00,8.732688,-3.836056,2013,7,187,21
2013-07-06 21:30:00,8.577747,-4.146709,2013,7,187,21
2013-07-06 21:59:59,8.203961,-4.419438,2013,7,187,21
2013-07-06 22:30:00,7.706197,-4.474456,2013,7,187,22
2013-07-06 23:00:00,7.144223,-4.24893,2013,7,187,23
2013-07-06 23:29:59,6.703569,-4.084001,2013,7,187,23
2013-07-07 00:00:00,6.619178,-3.97772,2013,7,188,0
2013-07-07 00:30:00,6.391445,-3.930967,2013,7,188,0
2013-07-07 00:59:59,5.957959,-3.98631,2013,7,188,0
2013-07-07 01:30:00,5.663405,-3.902483,2013,7,188,1
2013-07-07 02:00:00,5.46709,-3.902495,2013,7,188,2
2013-07-07 02:29:59,5.142859,-3.890984,2013,7,188,2
2013-07-07 03:00:00,4.812838,-3.713372,2013,7,188,3
2013-07-07 03:30:00,4.546214,-3.654407,2013,7,188,3
2013-07-07 03:59:59,4.245556,-3.632849,2013,7,188,3
2013-07-07 04:30:00,4.098108,-3.532149,2013,7,188,4
2013-07-07 05:00:00,4.068396,-3.525321,2013,7,188,5
2013-07-07 05:29:59,4.072812,-3.568158,2013,7,188,5
2013-07-07 06:00:00,4.181875,-3.639012,2013,7,188,6
2013-07-07 06:30:00,3.940912,-3.64824,2013,7,188,6
2013-07-07 06:59:59,3.882333,-1.573992,2013,7,188,6
2013-07-07 07:30:00,3.754658,35.48969,2013,7,188,7
2013-07-07 08:00:00,4.282785,119.1752,2013,7,188,8
2013-07-07 08:29:59,5.919634,211.4938,2013,7,188,8
2013-07-07 09:00:00,7.04564,304.7605,2013,7,188,9
2013-07-07 09:30:00,8.073434,393.3801,2013,7,188,9
2013-07-07 09:59:59,9.040491,468.8627,2013,7,188,9
2013-07-07 10:30:00,10.07115,529.0897,2013,7,188,10
2013-07-07 11:00:00,10.78296,514.7925,2013,7,188,11
2013-07-07 11:29:59,11.56956,690.7896,2013,7,188,11
2013-07-07 12:00:00,11.86627,639.1265,2013,7,188,12
2013-07-07 12:30:00,11.92353,497.6557,2013,7,188,12
2013-07-07 12:59:59,12.45475,646.3784,2013,7,188,12
2013-07-07 13:30:00,12.67921,613.626,2013,7,188,13
2013-07-07 14:00:00,12.85032,561.5012,2013,7,188,14
2013-07-07 14:29:59,13.03488,501.838,2013,7,188,14
2013-07-07 15:00:00,13.2082,427.3096,2013,7,188,15
2013-07-07 15:30:00,13.28745,348.7056,2013,7,188,15
2013-07-07 15:59:59,13.41415,252.9385,2013,7,188,15
2013-07-07 16:30:00,13.38548,155.8881,2013,7,188,16
2013-07-07 17:00:00,12.92151,58.69474,2013,7,188,17
2013-07-07 17:29:59,12.34493,2.206781,2013,7,188,17
2013-07-07 18:00:00,11.62952,-5.370541,2013,7,188,18
2013-07-07 18:30:00,10.89733,-5.07248,2013,7,188,18
2013-07-07 18:59:59,10.3552,-4.964548,2013,7,188,18
2013-07-07 19:30:00,9.868282,-4.740189,2013,7,188,19
2013-07-07 20:00:00,9.26029,-4.723269,2013,7,188,20
2013-07-07 20:29:59,8.922326,-4.455133,2013,7,188,20
2013-07-07 21:00:00,8.772633,-4.403671,2013,7,188,21
2013-07-07 21:30:00,8.35703,-4.659675,2013,7,188,21
2013-07-07 21:59:59,8.025019,-4.395946,2013,7,188,21
2013-07-07 22:30:00,7.736082,-4.520309,2013,7,188,22
2013-07-07 23:00:00,7.256058,-4.369057,2013,7,188,23
2013-07-07 23:29:59,6.800184,-4.28318,2013,7,188,23
2013-07-08 00:00:00,6.429455,-3.967954,2013,7,189,0
2013-07-08 00:30:00,6.399646,-3.839773,2013,7,189,0
2013-07-08 00:59:59,6.187415,-4.038872,2013,7,189,0
2013-07-08 01:30:00,5.656525,-4.111901,2013,7,189,1
2013-07-08 02:00:00,5.178719,-4.044209,2013,7,189,2
2013-07-08 02:29:59,4.153464,-4.563045,2013,7,189,2
2013-07-08 03:00:00,4.031311,-3.170956,2013,7,189,3
2013-07-08 03:30:00,4.642297,-3.550132,2013,7,189,3
2013-07-08 03:59:59,4.368972,-3.744223,2013,7,189,3
2013-07-08 04:30:00,4.125846,-4.07339,2013,7,189,4
2013-07-08 05:00:00,3.690994,-3.605113,2013,7,189,5
2013-07-08 05:29:59,3.600322,-3.564562,2013,7,189,5
2013-07-08 06:00:00,3.401215,-3.869753,2013,7,189,6
2013-07-08 06:30:00,3.061073,-3.690342,2013,7,189,6
2013-07-08 06:59:59,3.456456,-1.232418,2013,7,189,6
2013-07-08 07:30:00,3.454388,37.21351,2013,7,189,7
2013-07-08 08:00:00,3.608252,118.2293,2013,7,189,8
2013-07-08 08:29:59,3.943488,212.8067,2013,7,189,8
2013-07-08 09:00:00,5.541877,306.0273,2013,7,189,9
2013-07-08 09:30:00,8.275953,393.6655,2013,7,189,9
2013-07-08 09:59:59,9.736764,468.8698,2013,7,189,9
2013-07-08 10:30:00,10.88143,531.2376,2013,7,189,10
2013-07-08 11:00:00,11.53329,579.3534,2013,7,189,11
2013-07-08 11:29:59,11.99387,609.3871,2013,7,189,11
2013-07-08 12:00:00,12.7004,622.974,2013,7,189,12
2013-07-08 12:30:00,13.24307,635.3405,2013,7,189,12
2013-07-08 12:59:59,13.77798,620.6198,2013,7,189,12
2013-07-08 13:30:00,14.1311,590.6173,2013,7,189,13
2013-07-08 14:00:00,14.46381,545.1107,2013,7,189,14
2013-07-08 14:29:59,15.00879,485.0777,2013,7,189,14
2013-07-08 15:00:00,15.1759,411.7314,2013,7,189,15
2013-07-08 15:30:00,15.47373,330.1852,2013,7,189,15
2013-07-08 15:59:59,15.35089,240.2049,2013,7,189,15
2013-07-08 16:30:00,15.24792,147.8238,2013,7,189,16
2013-07-08 17:00:00,15.09133,59.03915,2013,7,189,17
2013-07-08 17:29:59,14.60718,2.518441,2013,7,189,17
2013-07-08 18:00:00,14.1166,-4.20247,2013,7,189,18
2013-07-08 18:30:00,13.74843,-3.960602,2013,7,189,18
2013-07-08 18:59:59,13.39844,-3.911237,2013,7,189,18
2013-07-08 19:30:00,12.58334,-4.105489,2013,7,189,19
2013-07-08 20:00:00,12.37723,-3.509631,2013,7,189,20
2013-07-08 20:29:59,11.66428,-3.370849,2013,7,189,20
2013-07-08 21:00:00,11.14671,-3.413033,2013,7,189,21
2013-07-08 21:30:00,10.29972,-4.031871,2013,7,189,21
2013-07-08 21:59:59,9.835468,-3.319445,2013,7,189,21
2013-07-08 22:30:00,9.342183,-3.114963,2013,7,189,22
2013-07-08 23:00:00,9.207649,-3.135188,2013,7,189,23
2013-07-08 23:29:59,8.441931,-3.666556,2013,7,189,23
2013-07-09 00:00:00,8.217138,-3.398538,2013,7,190,0
2013-07-09 00:30:00,7.911447,-3.360599,2013,7,190,0
2013-07-09 00:59:59,8.066837,-3.186995,2013,7,190,0
2013-07-09 01:30:00,7.987516,-3.544344,2013,7,190,1
2013-07-09 02:00:00,7.807703,-3.331413,2013,7,190,2
2013-07-09 02:29:59,7.57576,-3.395312,2013,7,190,2
2013-07-09 03:00:00,7.22732,-3.165075,2013,7,190,3
2013-07-09 03:30:00,7.032349,-2.847561,2013,7,190,3
2013-07-09 03:59:59,6.705454,-1.976198,2013,7,190,3
2013-07-09 04:30:00,7.071742,-0.5974321,2013,7,190,4
2013-07-09 05:00:00,7.373739,-1.508775,2013,7,190,5
2013-07-09 05:29:59,7.246589,-2.226063,2013,7,190,5
2013-07-09 06:00:00,7.079056,-2.210114,2013,7,190,6
2013-07-09 06:30:00,6.829821,-2.34225,2013,7,190,6
2013-07-09 06:59:59,6.096209,0.2466503,2013,7,190,6
2013-07-09 07:30:00,5.667774,37.32381,2013,7,190,7
2013-07-09 08:00:00,5.936233,121.7556,2013,7,190,8
2013-07-09 08:29:59,7.34774,208.922,2013,7,190,8
2013-07-09 09:00:00,10.29041,298.0109,2013,7,190,9
2013-07-09 09:30:00,11.79282,304.4211,2013,7,190,9
2013-07-09 09:59:59,13.15047,433.2398,2013,7,190,9
2013-07-09 10:30:00,15.18643,524.1631,2013,7,190,10
2013-07-09 11:00:00,16.78654,584.6699,2013,7,190,11
2013-07-09 11:29:59,17.85054,567.9045,2013,7,190,11
2013-07-09 12:00:00,18.76827,615.1927,2013,7,190,12
2013-07-09 12:30:00,19.25742,571.2836,2013,7,190,12
2013-07-09 12:59:59,19.90583,557.3345,2013,7,190,12
2013-07-09 13:30:00,20.59666,584.9049,2013,7,190,13
2013-07-09 14:00:00,20.73874,389.5463,2013,7,190,14
2013-07-09 14:29:59,20.55583,312.0442,2013,7,190,14
2013-07-09 15:00:00,21.08714,413.3549,2013,7,190,15
2013-07-09 15:30:00,21.23669,315.4455,2013,7,190,15
2013-07-09 15:59:59,20.82191,117.1264,2013,7,190,15
2013-07-09 16:30:00,20.70381,65.20708,2013,7,190,16
2013-07-09 17:00:00,20.51217,27.46861,2013,7,190,17
2013-07-09 17:29:59,20.10274,0.3697202,2013,7,190,17
2013-07-09 18:00:00,19.42371,-4.431203,2013,7,190,18
2013-07-09 18:30:00,19.03708,-4.225816,2013,7,190,18
2013-07-09 18:59:59,18.45535,-4.547535,2013,7,190,18
2013-07-09 19:30:00,17.57309,-4.277065,2013,7,190,19
2013-07-09 20:00:00,16.94607,-3.259414,2013,7,190,20
2013-07-09 20:29:59,16.70963,-3.275342,2013,7,190,20
2013-07-09 21:00:00,15.44433,-2.899206,2013,7,190,21
2013-07-09 21:30:00,14.94222,-2.987315,2013,7,190,21
2013-07-09 21:59:59,14.73794,-2.421853,2013,7,190,21
2013-07-09 22:30:00,14.43736,-2.379902,2013,7,190,22
2013-07-09 23:00:00,14.06963,-2.358963,2013,7,190,23
2013-07-09 23:29:59,13.58901,-2.4496,2013,7,190,23
2013-07-10 00:00:00,13.34494,-2.632345,2013,7,191,0
2013-07-10 00:30:00,13.56133,-3.628906,2013,7,191,0
2013-07-10 00:59:59,12.8869,-3.085305,2013,7,191,0
2013-07-10 01:30:00,13.27833,-2.941856,2013,7,191,1
2013-07-10 02:00:00,13.91248,-2.510067,2013,7,191,2
2013-07-10 02:29:59,13.63126,-3.142925,2013,7,191,2
2013-07-10 03:00:00,13.19819,-3.326142,2013,7,191,3
2013-07-10 03:30:00,12.00543,-3.328489,2013,7,191,3
2013-07-10 03:59:59,12.18071,-2.651377,2013,7,191,3
2013-07-10 04:30:00,11.79143,-2.779182,2013,7,191,4
2013-07-10 05:00:00,11.68473,-2.593267,2013,7,191,5
2013-07-10 05:29:59,11.36213,-2.177155,2013,7,191,5
2013-07-10 06:00:00,11.32399,-2.053469,2013,7,191,6
2013-07-10 06:30:00,10.85606,-2.900173,2013,7,191,6
2013-07-10 06:59:59,10.28758,-1.407287,2013,7,191,6
2013-07-10 07:30:00,10.64077,17.7123,2013,7,191,7
2013-07-10 08:00:00,10.90322,82.64997,2013,7,191,8
2013-07-10 08:29:59,11.10548,204.158,2013,7,191,8
2013-07-10 09:00:00,12.33933,296.4178,2013,7,191,9
2013-07-10 09:30:00,14.71664,382.2099,2013,7,191,9
2013-07-10 09:59:59,16.26173,463.8487,2013,7,191,9
2013-07-10 10:30:00,18.45279,566.1495,2013,7,191,10
2013-07-10 11:00:00,19.52906,610.1829,2013,7,191,11
2013-07-10 11:29:59,20.20528,624.3486,2013,7,191,11
2013-07-10 12:00:00,20.44864,647.8477,2013,7,191,12
2013-07-10 12:30:00,20.84093,650.3143,2013,7,191,12
2013-07-10 12:59:59,20.85184,460.2559,2013,7,191,12
2013-07-10 13:30:00,21.08553,463.7383,2013,7,191,13
2013-07-10 14:00:00,20.98199,323.8251,2013,7,191,14
2013-07-10 14:29:59,21.1024,234.4214,2013,7,191,14
2013-07-10 15:00:00,21.04879,116.6726,2013,7,191,15
2013-07-10 15:30:00,20.68759,39.94681,2013,7,191,15
2013-07-10 15:59:59,19.50287,46.274,2013,7,191,15
2013-07-10 16:30:00,19.24384,50.83564,2013,7,191,16
2013-07-10 17:00:00,18.00437,58.27624,2013,7,191,17
2013-07-10 17:29:59,17.86025,8.544796,2013,7,191,17
2013-07-10 18:00:00,17.65977,0.8117172,2013,7,191,18
2013-07-10 18:30:00,17.24572,-0.9587351,2013,7,191,18
2013-07-10 18:59:59,17.02598,-1.291623,2013,7,191,18
2013-07-10 19:30:00,16.01982,-1.953486,2013,7,191,19
2013-07-10 20:00:00,15.86103,-3.280796,2013,7,191,20
2013-07-10 20:29:59,14.68772,-2.130337,2013,7,191,20
2013-07-10 21:00:00,14.91641,-3.022861,2013,7,191,21
2013-07-10 21:30:00,14.29013,-3.487571,2013,7,191,21
2013-07-10 21:59:59,13.58103,-2.793689,2013,7,191,21
2013-07-10 22:30:00,13.82809,-2.204955,2013,7,191,22
2013-07-10 23:00:00,13.22842,-3.259679,2013,7,191,23
2013-07-10 23:29:59,13.58961,-1.434981,2013,7,191,23
2013-07-11 00:00:00,12.7464,-1.371305,2013,7,192,0
2013-07-11 00:30:00,12.69734,-1.861325,2013,7,192,0
2013-07-11 00:59:59,12.53672,-1.902934,2013,7,192,0
2013-07-11 01:30:00,12.29553,-2.647883,2013,7,192,1
2013-07-11 02:00:00,12.59082,-2.196809,2013,7,192,2
2013-07-11 02:29:59,12.68185,-1.854474,2013,7,192,2
2013-07-11 03:00:00,12.44272,-1.078979,2013,7,192,3
2013-07-11 03:30:00,12.33452,-1.314508,2013,7,192,3
2013-07-11 03:59:59,11.39942,-2.535784,2013,7,192,3
2013-07-11 04:30:00,10.44283,-2.524292,2013,7,192,4
2013-07-11 05:00:00,9.752094,-2.240442,2013,7,192,5
2013-07-11 05:29:59,9.988053,-2.026384,2013,7,192,5
2013-07-11 06:00:00,10.27463,-1.52849,2013,7,192,6
2013-07-11 06:30:00,10.0901,-2.330227,2013,7,192,6
2013-07-11 06:59:59,9.92281,-0.2333346,2013,7,192,6
2013-07-11 07:30:00,9.807553,22.82083,2013,7,192,7
2013-07-11 08:00:00,10.29251,102.5889,2013,7,192,8
2013-07-11 08:29:59,10.806,206.4694,2013,7,192,8
2013-07-11 09:00:00,11.16086,287.8029,2013,7,192,9
2013-07-11 09:30:00,12.7483,264.4324,2013,7,192,9
2013-07-11 09:59:59,14.22131,397.1783,2013,7,192,9
2013-07-11 10:30:00,15.07671,488.4099,2013,7,192,10
2013-07-11 11:00:00,16.74471,354.2603,2013,7,192,11
2013-07-11 11:29:59,17.48655,161.7115,2013,7,192,11
2013-07-11 12:00:00,17.63582,133.595,2013,7,192,12
2013-07-11 12:30:00,17.82871,179.3186,2013,7,192,12
2013-07-11 12:59:59,18.66643,334.7001,2013,7,192,12
2013-07-11 13:30:00,19.75673,528.6149,2013,7,192,13
2013-07-11 14:00:00,20.47784,372.3985,2013,7,192,14
2013-07-11 14:29:59,20.87135,429.6556,2013,7,192,14
2013-07-11 15:00:00,20.73574,252.6932,2013,7,192,15
2013-07-11 15:30:00,20.56645,196.2,2013,7,192,15
2013-07-11 15:59:59,20.53555,121.2358,2013,7,192,15
2013-07-11 16:30:00,20.59528,117.9514,2013,7,192,16
2013-07-11 17:00:00,20.20041,19.7141,2013,7,192,17
2013-07-11 17:29:59,19.84807,-0.03921913,2013,7,192,17
2013-07-11 18:00:00,19.24872,-3.168348,2013,7,192,18
2013-07-11 18:30:00,18.65329,-3.2868,2013,7,192,18
2013-07-11 18:59:59,18.16684,-2.359683,2013,7,192,18
2013-07-11 19:30:00,17.87402,-1.525834,2013,7,192,19
2013-07-11 20:00:00,18.44954,-2.290374,2013,7,192,20
2013-07-11 20:29:59,17.67928,-2.257439,2013,7,192,20
2013-07-11 21:00:00,17.36171,-1.958482,2013,7,192,21
2013-07-11 21:30:00,16.24614,-1.119826,2013,7,192,21
2013-07-11 21:59:59,16.35831,-0.5478081,2013,7,192,21
2013-07-11 22:30:00,15.99979,-1.456049,2013,7,192,22
2013-07-11 23:00:00,15.42124,-1.329035,2013,7,192,23
2013-07-11 23:29:59,14.74537,-1.619723,2013,7,192,23
2013-07-12 00:00:00,14.43882,-0.9666568,2013,7,193,0
2013-07-12 00:30:00,14.60297,-0.2790712,2013,7,193,0
2013-07-12 00:59:59,14.2612,-2.602296,2013,7,193,0
2013-07-12 01:30:00,14.33689,-0.7290457,2013,7,193,1
2013-07-12 02:00:00,14.41815,-2.647745,2013,7,193,2
2013-07-12 02:29:59,12.70831,-3.804051,2013,7,193,2
2013-07-12 03:00:00,11.60116,-2.462869,2013,7,193,3
2013-07-12 03:30:00,10.93688,-1.09136,2013,7,193,3
2013-07-12 03:59:59,10.08066,-1.94869,2013,7,193,3
2013-07-12 04:30:00,9.719835,-0.4664113,2013,7,193,4
2013-07-12 05:00:00,9.76721,-0.5671234,2013,7,193,5
2013-07-12 05:29:59,9.709424,-0.5427818,2013,7,193,5
2013-07-12 06:00:00,9.677209,-0.5111373,2013,7,193,6
2013-07-12 06:30:00,9.639626,-0.7161304,2013,7,193,6
2013-07-12 06:59:59,9.55031,0.8360481,2013,7,193,6
2013-07-12 07:30:00,9.491424,20.56211,2013,7,193,7
2013-07-12 08:00:00,9.712799,93.93262,2013,7,193,8
2013-07-12 08:29:59,9.90858,142.39,2013,7,193,8
2013-07-12 09:00:00,10.19491,267.8578,2013,7,193,9
2013-07-12 09:30:00,10.11597,188.3588,2013,7,193,9
2013-07-12 09:59:59,10.23788,297.5854,2013,7,193,9
2013-07-12 10:30:00,10.46039,345.3606,2013,7,193,10
2013-07-12 11:00:00,10.39657,282.7473,2013,7,193,11
2013-07-12 11:29:59,10.39438,335.9749,2013,7,193,11
2013-07-12 12:00:00,10.46021,263.045,2013,7,193,12
2013-07-12 12:30:00,11.2625,499.9068,2013,7,193,12
2013-07-12 12:59:59,11.77134,491.4672,2013,7,193,12
2013-07-12 13:30:00,12.20851,600.4979,2013,7,193,13
2013-07-12 14:00:00,13.41797,608.5269,2013,7,193,14
2013-07-12 14:29:59,13.8457,519.906,2013,7,193,14
2013-07-12 15:00:00,14.40938,526.691,2013,7,193,15
2013-07-12 15:30:00,13.30372,274.3213,2013,7,193,15
2013-07-12 15:59:59,13.17395,192.142,2013,7,193,15
2013-07-12 16:30:00,14.63797,152.35,2013,7,193,16
2013-07-12 17:00:00,14.28609,68.87553,2013,7,193,17
2013-07-12 17:29:59,13.68632,1.399717,2013,7,193,17
2013-07-12 18:00:00,13.17851,-3.914351,2013,7,193,18
2013-07-12 18:30:00,12.66463,-4.006341,2013,7,193,18
2013-07-12 18:59:59,12.19508,-3.349332,2013,7,193,18
2013-07-12 19:30:00,11.81866,-3.418506,2013,7,193,19
2013-07-12 20:00:00,11.48196,-3.546343,2013,7,193,20
2013-07-12 20:29:59,11.25132,-3.623143,2013,7,193,20
2013-07-12 21:00:00,11.09466,-3.662754,2013,7,193,21
2013-07-12 21:30:00,10.80367,-3.649485,2013,7,193,21
2013-07-12 21:59:59,10.42312,-3.616849,2013,7,193,21
2013-07-12 22:30:00,10.21742,-3.400848,2013,7,193,22
2013-07-12 23:00:00,9.926703,-3.442776,2013,7,193,23
2013-07-12 23:29:59,9.600843,-3.371392,2013,7,193,23
2013-07-13 00:00:00,9.261412,-3.502526,2013,7,194,0
2013-07-13 00:30:00,9.288398,-3.279834,2013,7,194,0
2013-07-13 00:59:59,9.170418,-3.607933,2013,7,194,0
2013-07-13 01:30:00,8.875778,-3.273346,2013,7,194,1
2013-07-13 02:00:00,8.868861,-0.716193,2013,7,194,2
2013-07-13 02:29:59,8.78115,-0.2417315,2013,7,194,2
2013-07-13 03:00:00,8.471329,-0.2789458,2013,7,194,3
2013-07-13 03:30:00,8.240486,-0.1811604,2013,7,194,3
2013-07-13 03:59:59,8.407969,-0.03238668,2013,7,194,3
2013-07-13 04:30:00,8.629985,0.001450568,2013,7,194,4
2013-07-13 05:00:00,8.838143,-0.006301546,2013,7,194,5
2013-07-13 05:29:59,8.990567,-0.02524698,2013,7,194,5
2013-07-13 06:00:00,9.18803,-0.2348951,2013,7,194,6
2013-07-13 06:30:00,9.237616,-0.5713626,2013,7,194,6
2013-07-13 06:59:59,9.022799,0.5003349,2013,7,194,6
2013-07-13 07:30:00,8.772699,10.25938,2013,7,194,7
2013-07-13 08:00:00,8.797653,34.06944,2013,7,194,8
2013-07-13 08:29:59,9.036339,62.25103,2013,7,194,8
2013-07-13 09:00:00,9.24489,100.5777,2013,7,194,9
2013-07-13 09:30:00,9.37694,118.9061,2013,7,194,9
2013-07-13 09:59:59,9.640641,161.9968,2013,7,194,9
2013-07-13 10:30:00,9.897146,178.2176,2013,7,194,10
2013-07-13 11:00:00,10.24799,223.3627,2013,7,194,11
2013-07-13 11:29:59,10.73125,347.9172,2013,7,194,11
2013-07-13 12:00:00,11.30756,526.2949,2013,7,194,12
2013-07-13 12:30:00,11.99044,614.3793,2013,7,194,12
2013-07-13 12:59:59,12.83782,624.3977,2013,7,194,12
2013-07-13 13:30:00,13.64416,618.7797,2013,7,194,13
2013-07-13 14:00:00,14.38406,541.5946,2013,7,194,14
2013-07-13 14:29:59,14.99327,492.1153,2013,7,194,14
2013-07-13 15:00:00,15.43143,294.7337,2013,7,194,15
2013-07-13 15:30:00,16.02594,400.4538,2013,7,194,15
2013-07-13 15:59:59,16.14611,219.7351,2013,7,194,15
2013-07-13 16:30:00,16.32952,165.1722,2013,7,194,16
2013-07-13 17:00:00,16.16537,68.49811,2013,7,194,17
2013-07-13 17:29:59,15.53267,4.823802,2013,7,194,17
2013-07-13 18:00:00,14.86782,-4.850213,2013,7,194,18
2013-07-13 18:30:00,14.04922,-4.822865,2013,7,194,18
2013-07-13 18:59:59,13.42593,-4.710835,2013,7,194,18
2013-07-13 19:30:00,12.43525,-4.399248,2013,7,194,19
2013-07-13 20:00:00,12.18328,-4.26018,2013,7,194,20
2013-07-13 20:29:59,11.68012,-4.282124,2013,7,194,20
2013-07-13 21:00:00,11.36749,-4.023647,2013,7,194,21
2013-07-13 21:30:00,11.48151,-3.726278,2013,7,194,21
2013-07-13 21:59:59,10.9311,-3.837461,2013,7,194,21
2013-07-13 22:30:00,10.09925,-4.514268,2013,7,194,22
2013-07-13 23:00:00,9.032191,-3.640523,2013,7,194,23
2013-07-13 23:29:59,9.134284,-2.061091,2013,7,194,23
2013-07-14 00:00:00,9.265665,-3.087473,2013,7,195,0
2013-07-14 00:30:00,8.810493,-3.297107,2013,7,195,0
2013-07-14 00:59:59,9.277472,-2.133344,2013,7,195,0
2013-07-14 01:30:00,9.835251,-2.691308,2013,7,195,1
2013-07-14 02:00:00,9.991035,-3.340996,2013,7,195,2
2013-07-14 02:29:59,9.888031,-3.56568,2013,7,195,2
2013-07-14 03:00:00,10.25245,-3.500609,2013,7,195,3
2013-07-14 03:30:00,9.800765,-3.893646,2013,7,195,3
2013-07-14 03:59:59,8.540668,-3.708637,2013,7,195,3
2013-07-14 04:30:00,8.519855,-2.907908,2013,7,195,4
2013-07-14 05:00:00,9.124106,-3.599547,2013,7,195,5
2013-07-14 05:29:59,9.357568,-3.533579,2013,7,195,5
2013-07-14 06:00:00,9.380263,-2.803328,2013,7,195,6
2013-07-14 06:30:00,9.428855,-2.223578,2013,7,195,6
2013-07-14 06:59:59,9.285076,0.7243363,2013,7,195,6
2013-07-14 07:30:00,9.105987,39.4719,2013,7,195,7
2013-07-14 08:00:00,8.821126,120.8186,2013,7,195,8
2013-07-14 08:29:59,9.150505,216.4086,2013,7,195,8
2013-07-14 09:00:00,10.05719,309.5052,2013,7,195,9
2013-07-14 09:30:00,11.95546,396.9268,2013,7,195,9
2013-07-14 09:59:59,12.95528,473.5584,2013,7,195,9
2013-07-14 10:30:00,14.18669,538.9515,2013,7,195,10
2013-07-14 11:00:00,15.09589,588.8339,2013,7,195,11
2013-07-14 11:29:59,15.72091,623.5225,2013,7,195,11
2013-07-14 12:00:00,16.32034,641.4469,2013,7,195,12
2013-07-14 12:30:00,16.98639,646.09,2013,7,195,12
2013-07-14 12:59:59,17.67075,633.897,2013,7,195,12
2013-07-14 13:30:00,17.92671,604.8895,2013,7,195,13
2013-07-14 14:00:00,18.39107,563.076,2013,7,195,14
2013-07-14 14:29:59,18.75902,506.2029,2013,7,195,14
2013-07-14 15:00:00,19.02733,434.2008,2013,7,195,15
2013-07-14 15:30:00,19.40244,349.457,2013,7,195,15
2013-07-14 15:59:59,19.41381,258.8618,2013,7,195,15
2013-07-14 16:30:00,19.42509,163.388,2013,7,195,16
2013-07-14 17:00:00,19.22373,70.58057,2013,7,195,17
2013-07-14 17:29:59,18.66684,4.961292,2013,7,195,17
2013-07-14 18:00:00,17.91484,-5.310298,2013,7,195,18
2013-07-14 18:30:00,17.43686,-4.770352,2013,7,195,18
2013-07-14 18:59:59,16.87728,-5.222959,2013,7,195,18
2013-07-14 19:30:00,15.85502,-4.948715,2013,7,195,19
2013-07-14 20:00:00,15.11408,-4.679935,2013,7,195,20
2013-07-14 20:29:59,14.50632,-4.519802,2013,7,195,20
2013-07-14 21:00:00,14.18091,-4.335227,2013,7,195,21
2013-07-14 21:30:00,13.92707,-4.040074,2013,7,195,21
2013-07-14 21:59:59,13.78461,-3.942368,2013,7,195,21
2013-07-14 22:30:00,13.26364,-4.192842,2013,7,195,22
2013-07-14 23:00:00,12.88354,-3.869454,2013,7,195,23
2013-07-14 23:29:59,12.4801,-3.7733,2013,7,195,23
2013-07-15 00:00:00,11.82267,-3.876268,2013,7,196,0
2013-07-15 00:30:00,11.08931,-3.940886,2013,7,196,0
2013-07-15 00:59:59,10.61629,-3.68558,2013,7,196,0
2013-07-15 01:30:00,10.47227,-3.469696,2013,7,196,1
2013-07-15 02:00:00,10.3079,-3.28162,2013,7,196,2
2013-07-15 02:29:59,10.52896,-3.330731,2013,7,196,2
2013-07-15 03:00:00,10.2692,-3.599207,2013,7,196,3
2013-07-15 03:30:00,9.947971,-3.501255,2013,7,196,3
2013-07-15 03:59:59,9.438597,-3.498563,2013,7,196,3
2013-07-15 04:30:00,9.173464,-3.417375,2013,7,196,4
2013-07-15 05:00:00,8.766043,-3.285371,2013,7,196,5
2013-07-15 05:29:59,8.642391,-3.263663,2013,7,196,5
2013-07-15 06:00:00,8.770169,-3.200774,2013,7,196,6
2013-07-15 06:30:00,8.541593,-3.415978,2013,7,196,6
2013-07-15 06:59:59,7.952198,0.07139918,2013,7,196,6
2013-07-15 07:30:00,8.457578,41.47051,2013,7,196,7
2013-07-15 08:00:00,9.009324,123.2017,2013,7,196,8
2013-07-15 08:29:59,10.19714,220.0138,2013,7,196,8
2013-07-15 09:00:00,12.08767,315.0005,2013,7,196,9
2013-07-15 09:30:00,14.2522,401.546,2013,7,196,9
2013-07-15 09:59:59,16.34067,477.1246,2013,7,196,9
2013-07-15 10:30:00,17.79024,540.5032,2013,7,196,10
2013-07-15 11:00:00,18.72019,590.7853,2013,7,196,11
2013-07-15 11:29:59,19.23739,626.6985,2013,7,196,11
2013-07-15 12:00:00,20.17836,644.801,2013,7,196,12
2013-07-15 12:30:00,21.13445,648.8704,2013,7,196,12
2013-07-15 12:59:59,22.16597,628.776,2013,7,196,12
2013-07-15 13:30:00,22.62186,606.2838,2013,7,196,13
2013-07-15 14:00:00,23.20474,560.9311,2013,7,196,14
2013-07-15 14:29:59,23.41896,503.2743,2013,7,196,14
2013-07-15 15:00:00,23.68783,431.1643,2013,7,196,15
2013-07-15 15:30:00,24.1049,348.1261,2013,7,196,15
2013-07-15 15:59:59,24.36652,257.907,2013,7,196,15
2013-07-15 16:30:00,24.31106,162.4133,2013,7,196,16
2013-07-15 17:00:00,23.82285,72.14368,2013,7,196,17
2013-07-15 17:29:59,23.00743,6.053901,2013,7,196,17
2013-07-15 18:00:00,22.4497,-4.983629,2013,7,196,18
2013-07-15 18:30:00,22.01371,-4.689553,2013,7,196,18
2013-07-15 18:59:59,21.82177,-4.265347,2013,7,196,18
2013-07-15 19:30:00,21.70815,-4.032929,2013,7,196,19
2013-07-15 20:00:00,20.96877,-4.167002,2013,7,196,20
2013-07-15 20:29:59,19.87924,-3.868763,2013,7,196,20
2013-07-15 21:00:00,18.07469,-3.390805,2013,7,196,21
2013-07-15 21:30:00,17.77642,-2.420772,2013,7,196,21
2013-07-15 21:59:59,18.23409,-1.661428,2013,7,196,21
2013-07-15 22:30:00,18.43898,-3.308835,2013,7,196,22
2013-07-15 23:00:00,18.54849,-3.655476,2013,7,196,23
2013-07-15 23:29:59,17.99617,-2.800413,2013,7,196,23
2013-07-16 00:00:00,18.05437,-2.848865,2013,7,197,0
2013-07-16 00:30:00,17.25112,-3.300307,2013,7,197,0
2013-07-16 00:59:59,17.1909,-1.807168,2013,7,197,0
2013-07-16 01:30:00,16.94513,-1.328609,2013,7,197,1
2013-07-16 02:00:00,16.90158,-2.762995,2013,7,197,2
2013-07-16 02:29:59,17.22517,-2.030587,2013,7,197,2
2013-07-16 03:00:00,17.56868,-2.620065,2013,7,197,3
2013-07-16 03:30:00,17.27232,-3.278529,2013,7,197,3
2013-07-16 03:59:59,13.79792,-4.102612,2013,7,197,3
2013-07-16 04:30:00,14.43337,-2.962033,2013,7,197,4
2013-07-16 05:00:00,14.58925,-2.92075,2013,7,197,5
2013-07-16 05:29:59,14.61249,-2.583546,2013,7,197,5
2013-07-16 06:00:00,14.17476,-2.60542,2013,7,197,6
2013-07-16 06:30:00,14.27861,-3.291085,2013,7,197,6
2013-07-16 06:59:59,13.77171,-0.2204083,2013,7,197,6
2013-07-16 07:30:00,13.65425,39.50794,2013,7,197,7
2013-07-16 08:00:00,13.3652,119.8745,2013,7,197,8
2013-07-16 08:29:59,13.05567,213.5542,2013,7,197,8
2013-07-16 09:00:00,14.75205,306.55,2013,7,197,9
2013-07-16 09:30:00,16.29313,392.7977,2013,7,197,9
2013-07-16 09:59:59,16.30931,469.1114,2013,7,197,9
2013-07-16 10:30:00,16.70482,532.4449,2013,7,197,10
2013-07-16 11:00:00,17.06192,581.03,2013,7,197,11
2013-07-16 11:29:59,17.99177,618.837,2013,7,197,11
2013-07-16 12:00:00,18.28294,607.7905,2013,7,197,12
2013-07-16 12:30:00,18.76824,607.9482,2013,7,197,12
2013-07-16 12:59:59,19.50737,497.2765,2013,7,197,12
2013-07-16 13:30:00,19.65901,498.9483,2013,7,197,13
2013-07-16 14:00:00,19.08453,321.981,2013,7,197,14
2013-07-16 14:29:59,19.06174,472.1349,2013,7,197,14
2013-07-16 15:00:00,19.13248,390.8739,2013,7,197,15
2013-07-16 15:30:00,19.69629,290.8991,2013,7,197,15
2013-07-16 15:59:59,19.8462,123.6495,2013,7,197,15
2013-07-16 16:30:00,17.20971,51.9228,2013,7,197,16
2013-07-16 17:00:00,16.629,69.382,2013,7,197,17
2013-07-16 17:29:59,16.55004,1.8899,2013,7,197,17
2013-07-16 18:00:00,16.70151,-3.212036,2013,7,197,18
2013-07-16 18:30:00,16.57902,-5.18374,2013,7,197,18
2013-07-16 18:59:59,15.81516,-3.123018,2013,7,197,18
2013-07-16 19:30:00,14.30874,-2.074873,2013,7,197,19
2013-07-16 20:00:00,11.36065,-1.864493,2013,7,197,20
2013-07-16 20:29:59,10.36887,-0.4833453,2013,7,197,20
2013-07-16 21:00:00,10.02945,-0.9032599,2013,7,197,21
2013-07-16 21:30:00,9.9171,0.3484976,2013,7,197,21
2013-07-16 21:59:59,9.952903,-0.1802533,2013,7,197,21
2013-07-16 22:30:00,10.1533,-0.1524457,2013,7,197,22
2013-07-16 23:00:00,10.15733,-2.083868,2013,7,197,23
2013-07-16 23:29:59,9.969045,-3.30937,2013,7,197,23
2013-07-17 00:00:00,9.641909,-3.412924,2013,7,198,0
2013-07-17 00:30:00,9.390916,-3.529837,2013,7,198,0
2013-07-17 00:59:59,9.154696,-3.51508,2013,7,198,0
2013-07-17 01:30:00,9.156688,-1.483563,2013,7,198,1
2013-07-17 02:00:00,9.263415,-1.063168,2013,7,198,2
2013-07-17 02:29:59,9.201592,-1.528117,2013,7,198,2
2013-07-17 03:00:00,9.316072,-2.404272,2013,7,198,3
2013-07-17 03:30:00,9.075017,-3.095422,2013,7,198,3
2013-07-17 03:59:59,9.312467,-2.257506,2013,7,198,3
2013-07-17 04:30:00,8.970387,-1.418187,2013,7,198,4
2013-07-17 05:00:00,8.941082,-1.071959,2013,7,198,5
2013-07-17 05:29:59,9.04455,-1.291503,2013,7,198,5
2013-07-17 06:00:00,8.810564,-0.8685439,2013,7,198,6
2013-07-17 06:30:00,8.341542,-3.526991,2013,7,198,6
2013-07-17 06:59:59,7.816005,-1.665274,2013,7,198,6
2013-07-17 07:30:00,7.626564,18.50398,2013,7,198,7
2013-07-17 08:00:00,7.776282,69.96082,2013,7,198,8
2013-07-17 08:29:59,8.094991,119.4775,2013,7,198,8
2013-07-17 09:00:00,8.487246,213.4049,2013,7,198,9
2013-07-17 09:30:00,8.011008,248.1399,2013,7,198,9
2013-07-17 09:59:59,8.533514,303.4299,2013,7,198,9
2013-07-17 10:30:00,8.924365,452.1399,2013,7,198,10
2013-07-17 11:00:00,9.209208,421.8351,2013,7,198,11
2013-07-17 11:29:59,9.772638,539.2521,2013,7,198,11
2013-07-17 12:00:00,9.985502,654.4656,2013,7,198,12
2013-07-17 12:30:00,10.22713,603.4946,2013,7,198,12
2013-07-17 12:59:59,10.85443,674.1376,2013,7,198,12
2013-07-17 13:30:00,10.99287,628.5884,2013,7,198,13
2013-07-17 14:00:00,11.1928,561.7321,2013,7,198,14
2013-07-17 14:29:59,11.39192,464.2751,2013,7,198,14
2013-07-17 15:00:00,11.40294,263.8893,2013,7,198,15
2013-07-17 15:30:00,11.62867,305.2954,2013,7,198,15
2013-07-17 15:59:59,11.29941,138.7071,2013,7,198,15
2013-07-17 16:30:00,10.8209,91.84319,2013,7,198,16
2013-07-17 17:00:00,10.45988,34.90635,2013,7,198,17
2013-07-17 17:29:59,10.28288,3.683401,2013,7,198,17
2013-07-17 18:00:00,9.976187,-1.068677,2013,7,198,18
2013-07-17 18:30:00,9.633378,-1.481714,2013,7,198,18
2013-07-17 18:59:59,9.376812,-1.689114,2013,7,198,18
2013-07-17 19:30:00,9.119657,-2.370678,2013,7,198,19
2013-07-17 20:00:00,8.763956,-3.698794,2013,7,198,20
2013-07-17 20:29:59,8.477859,-3.766535,2013,7,198,20
2013-07-17 21:00:00,8.42394,-2.207416,2013,7,198,21
2013-07-17 21:30:00,8.627374,-1.108433,2013,7,198,21
2013-07-17 21:59:59,8.756287,-0.7991143,2013,7,198,21
2013-07-17 22:30:00,8.749428,-0.7909031,2013,7,198,22
2013-07-17 23:00:00,8.670606,-0.8506312,2013,7,198,23
2013-07-17 23:29:59,8.547044,-0.8505467,2013,7,198,23
2013-07-18 00:00:00,8.424791,-0.8148116,2013,7,199,0
2013-07-18 00:30:00,8.279525,-0.8462797,2013,7,199,0
2013-07-18 00:59:59,8.073069,-0.7855918,2013,7,199,0
2013-07-18 01:30:00,7.898405,-0.7938333,2013,7,199,1
2013-07-18 02:00:00,7.691585,-0.8014149,2013,7,199,2
2013-07-18 02:29:59,7.579069,-0.7519987,2013,7,199,2
2013-07-18 03:00:00,7.406175,-0.856864,2013,7,199,3
2013-07-18 03:30:00,6.760624,-1.30902,2013,7,199,3
2013-07-18 03:59:59,6.436234,-0.9336902,2013,7,199,3
2013-07-18 04:30:00,6.177885,-1.129463,2013,7,199,4
2013-07-18 05:00:00,6.057872,-0.8016279,2013,7,199,5
2013-07-18 05:29:59,5.805924,-0.8911468,2013,7,199,5
2013-07-18 06:00:00,5.432192,-1.211236,2013,7,199,6
2013-07-18 06:30:00,5.011909,-2.185812,2013,7,199,6
2013-07-18 06:59:59,4.649586,0.2672152,2013,7,199,6
2013-07-18 07:30:00,4.401701,21.8176,2013,7,199,7
2013-07-18 08:00:00,4.444784,81.34634,2013,7,199,8
2013-07-18 08:29:59,4.727165,198.4323,2013,7,199,8
2013-07-18 09:00:00,5.365928,313.9174,2013,7,199,9
2013-07-18 09:30:00,6.025426,394.7824,2013,7,199,9
2013-07-18 09:59:59,6.57547,433.5673,2013,7,199,9
2013-07-18 10:30:00,7.511131,513.3855,2013,7,199,10
2013-07-18 11:00:00,8.496052,604.3865,2013,7,199,11
2013-07-18 11:29:59,9.085346,410.4836,2013,7,199,11
2013-07-18 12:00:00,9.569685,541.4406,2013,7,199,12
2013-07-18 12:30:00,9.713781,394.7485,2013,7,199,12
2013-07-18 12:59:59,10.04825,380.4593,2013,7,199,12
2013-07-18 13:30:00,10.61584,542.8572,2013,7,199,13
2013-07-18 14:00:00,11.02963,424.7617,2013,7,199,14
2013-07-18 14:29:59,10.87593,283.1423,2013,7,199,14
2013-07-18 15:00:00,11.05066,363.3478,2013,7,199,15
2013-07-18 15:30:00,10.6785,224.0694,2013,7,199,15
2013-07-18 15:59:59,10.68112,156.9977,2013,7,199,15
2013-07-18 16:30:00,10.48376,63.29585,2013,7,199,16
2013-07-18 17:00:00,10.48458,23.44798,2013,7,199,17
2013-07-18 17:29:59,10.25658,2.932658,2013,7,199,17
2013-07-18 18:00:00,10.06613,-1.664042,2013,7,199,18
2013-07-18 18:30:00,10.08161,-1.798968,2013,7,199,18
2013-07-18 18:59:59,10.13032,-2.089289,2013,7,199,18
2013-07-18 19:30:00,9.713708,-3.553606,2013,7,199,19
2013-07-18 20:00:00,9.135921,-2.60818,2013,7,199,20
2013-07-18 20:29:59,8.490306,-1.878499,2013,7,199,20
2013-07-18 21:00:00,8.224189,-1.134082,2013,7,199,21
2013-07-18 21:30:00,7.924287,-1.536061,2013,7,199,21
2013-07-18 21:59:59,7.930835,-1.164952,2013,7,199,21
2013-07-18 22:30:00,8.056164,-1.639179,2013,7,199,22
2013-07-18 23:00:00,7.592375,-3.171777,2013,7,199,23
2013-07-18 23:29:59,7.387993,-4.939852,2013,7,199,23
2013-07-19 00:00:00,7.103921,-4.852918,2013,7,200,0
2013-07-19 00:30:00,6.575222,-4.541593,2013,7,200,0
2013-07-19 00:59:59,6.321912,-4.586736,2013,7,200,0
2013-07-19 01:30:00,5.710997,-4.724971,2013,7,200,1
2013-07-19 02:00:00,5.17346,-4.331141,2013,7,200,2
2013-07-19 02:29:59,4.989283,-4.086772,2013,7,200,2
2013-07-19 03:00:00,4.685027,-3.88078,2013,7,200,3
2013-07-19 03:30:00,4.434002,-3.910535,2013,7,200,3
2013-07-19 03:59:59,4.191504,-3.688329,2013,7,200,3
2013-07-19 04:30:00,4.171691,-3.526841,2013,7,200,4
2013-07-19 05:00:00,3.957155,-3.340964,2013,7,200,5
2013-07-19 05:29:59,4.161625,-2.98487,2013,7,200,5
2013-07-19 06:00:00,4.976277,0.1035838,2013,7,200,6
2013-07-19 06:30:00,5.816822,-1.261678,2013,7,200,6
2013-07-19 06:59:59,5.630832,0.34931,2013,7,200,6
2013-07-19 07:30:00,4.977623,23.90719,2013,7,200,7
2013-07-19 08:00:00,5.279127,64.59295,2013,7,200,8
2013-07-19 08:29:59,5.969463,107.1849,2013,7,200,8
2013-07-19 09:00:00,6.360333,187.0041,2013,7,200,9
2013-07-19 09:30:00,7.583064,310.3315,2013,7,200,9
2013-07-19 09:59:59,8.300326,440.5582,2013,7,200,9
2013-07-19 10:30:00,9.270967,524.8459,2013,7,200,10
2013-07-19 11:00:00,9.182891,377.865,2013,7,200,11
2013-07-19 11:29:59,9.719519,341.1802,2013,7,200,11
2013-07-19 12:00:00,9.968107,328.1589,2013,7,200,12
2013-07-19 12:30:00,10.04986,296.5715,2013,7,200,12
2013-07-19 12:59:59,10.06351,310.7821,2013,7,200,12
2013-07-19 13:30:00,10.65715,278.373,2013,7,200,13
2013-07-19 14:00:00,10.51609,405.1539,2013,7,200,14
2013-07-19 14:29:59,10.83751,218.5292,2013,7,200,14
2013-07-19 15:00:00,10.54344,314.6762,2013,7,200,15
2013-07-19 15:30:00,11.46935,227.7113,2013,7,200,15
2013-07-19 15:59:59,11.66422,126.5402,2013,7,200,15
2013-07-19 16:30:00,11.77453,55.9254,2013,7,200,16
2013-07-19 17:00:00,11.60751,37.5339,2013,7,200,17
2013-07-19 17:29:59,11.65101,4.491971,2013,7,200,17
2013-07-19 18:00:00,11.60617,-1.568217,2013,7,200,18
2013-07-19 18:30:00,11.24646,-2.492958,2013,7,200,18
2013-07-19 18:59:59,10.78459,-3.047318,2013,7,200,18
2013-07-19 19:30:00,10.45146,-2.254406,2013,7,200,19
2013-07-19 20:00:00,9.962866,-3.673954,2013,7,200,20
2013-07-19 20:29:59,9.495,-2.669747,2013,7,200,20
2013-07-19 21:00:00,9.190639,-1.270741,2013,7,200,21
2013-07-19 21:30:00,9.312696,-1.578331,2013,7,200,21
2013-07-19 21:59:59,9.699355,-1.06425,2013,7,200,21
2013-07-19 22:30:00,9.755794,-1.53807,2013,7,200,22
2013-07-19 23:00:00,9.473744,-2.036473,2013,7,200,23
2013-07-19 23:29:59,9.145698,-1.888272,2013,7,200,23
2013-07-20 00:00:00,8.852322,-1.686788,2013,7,201,0
2013-07-20 00:30:00,8.534055,-1.758571,2013,7,201,0
2013-07-20 00:59:59,8.170038,-2.631555,2013,7,201,0
2013-07-20 01:30:00,7.598114,-3.178786,2013,7,201,1
2013-07-20 02:00:00,6.719081,-4.452217,2013,7,201,2
2013-07-20 02:29:59,6.051764,-4.197634,2013,7,201,2
2013-07-20 03:00:00,5.600554,-4.193105,2013,7,201,3
2013-07-20 03:30:00,5.081504,-4.217331,2013,7,201,3
2013-07-20 03:59:59,4.508303,-4.028028,2013,7,201,3
2013-07-20 04:30:00,4.271841,-3.735488,2013,7,201,4
2013-07-20 05:00:00,4.127953,-3.636673,2013,7,201,5
2013-07-20 05:29:59,3.728683,-3.659898,2013,7,201,5
2013-07-20 06:00:00,3.533402,-3.45611,2013,7,201,6
2013-07-20 06:30:00,3.43539,-3.40145,2013,7,201,6
2013-07-20 06:59:59,3.411576,0.3803382,2013,7,201,6
2013-07-20 07:30:00,3.501726,43.08085,2013,7,201,7
2013-07-20 08:00:00,4.221482,113.125,2013,7,201,8
2013-07-20 08:29:59,5.48884,187.3076,2013,7,201,8
2013-07-20 09:00:00,6.713646,200.6171,2013,7,201,9
2013-07-20 09:30:00,7.457345,276.2487,2013,7,201,9
2013-07-20 09:59:59,8.010657,224.9034,2013,7,201,9
2013-07-20 10:30:00,8.362464,219.3736,2013,7,201,10
2013-07-20 11:00:00,9.23627,240.803,2013,7,201,11
2013-07-20 11:29:59,9.495354,198.5575,2013,7,201,11
2013-07-20 12:00:00,9.781787,304.3747,2013,7,201,12
2013-07-20 12:30:00,9.828043,259.3591,2013,7,201,12
2013-07-20 12:59:59,10.03569,315.6892,2013,7,201,12
2013-07-20 13:30:00,10.37324,376.2795,2013,7,201,13
2013-07-20 14:00:00,10.2569,265.9166,2013,7,201,14
2013-07-20 14:29:59,10.2279,260.3253,2013,7,201,14
2013-07-20 15:00:00,10.25373,255.3888,2013,7,201,15
2013-07-20 15:30:00,10.38356,241.2179,2013,7,201,15
2013-07-20 15:59:59,10.82439,289.8123,2013,7,201,15
2013-07-20 16:30:00,10.26204,124.5307,2013,7,201,16
2013-07-20 17:00:00,10.28835,83.57927,2013,7,201,17
2013-07-20 17:29:59,9.730202,8.910633,2013,7,201,17
2013-07-20 18:00:00,9.500553,-0.9713807,2013,7,201,18
2013-07-20 18:30:00,9.460353,-1.036875,2013,7,201,18
2013-07-20 18:59:59,9.433034,-1.049814,2013,7,201,18
2013-07-20 19:30:00,9.397388,-1.197778,2013,7,201,19
2013-07-20 20:00:00,9.354125,-1.44588,2013,7,201,20
2013-07-20 20:29:59,9.325593,-1.309254,2013,7,201,20
2013-07-20 21:00:00,9.257798,-1.152075,2013,7,201,21
2013-07-20 21:30:00,9.135539,-1.165749,2013,7,201,21
2013-07-20 21:59:59,9.006495,-1.256667,2013,7,201,21
2013-07-20 22:30:00,8.959248,-1.176812,2013,7,201,22
2013-07-20 23:00:00,8.955578,-1.00144,2013,7,201,23
2013-07-20 23:29:59,9.073126,-1.079543,2013,7,201,23
2013-07-21 00:00:00,9.084229,-0.9509474,2013,7,202,0
2013-07-21 00:30:00,8.969195,-1.264875,2013,7,202,0
2013-07-21 00:59:59,8.793024,-1.058182,2013,7,202,0
2013-07-21 01:30:00,8.804427,-1.038439,2013,7,202,1
2013-07-21 02:00:00,8.806191,-1.052698,2013,7,202,2
2013-07-21 02:29:59,8.73957,-0.9821605,2013,7,202,2
2013-07-21 03:00:00,8.626958,-0.9876809,2013,7,202,3
2013-07-21 03:30:00,8.501145,-0.9941112,2013,7,202,3
2013-07-21 03:59:59,8.4324,-0.9917299,2013,7,202,3
2013-07-21 04:30:00,8.357164,-0.9453986,2013,7,202,4
2013-07-21 05:00:00,8.243941,-0.9146965,2013,7,202,5
2013-07-21 05:29:59,8.136105,-0.9682187,2013,7,202,5
2013-07-21 06:00:00,8.024988,-0.9461997,2013,7,202,6
2013-07-21 06:30:00,7.904226,-0.963757,2013,7,202,6
2013-07-21 06:59:59,7.787478,1.039642,2013,7,202,6
2013-07-21 07:30:00,7.615054,18.22887,2013,7,202,7
2013-07-21 08:00:00,7.631373,50.20995,2013,7,202,8
2013-07-21 08:29:59,7.853053,111.9329,2013,7,202,8
2013-07-21 09:00:00,8.107547,152.9266,2013,7,202,9
2013-07-21 09:30:00,8.459521,198.9756,2013,7,202,9
2013-07-21 09:59:59,8.86275,202.5446,2013,7,202,9
2013-07-21 10:30:00,9.109075,280.243,2013,7,202,10
2013-07-21 11:00:00,9.411503,293.2548,2013,7,202,11
2013-07-21 11:29:59,9.671107,284.9871,2013,7,202,11
2013-07-21 12:00:00,9.892035,344.8107,2013,7,202,12
2013-07-21 12:30:00,10.61716,539.0589,2013,7,202,12
2013-07-21 12:59:59,11.14191,660.2625,2013,7,202,12
2013-07-21 13:30:00,11.14148,676.9146,2013,7,202,13
2013-07-21 14:00:00,11.43011,595.6838,2013,7,202,14
2013-07-21 14:29:59,12.19937,580.3203,2013,7,202,14
2013-07-21 15:00:00,12.17419,485.588,2013,7,202,15
2013-07-21 15:30:00,12.06446,304.4892,2013,7,202,15
2013-07-21 15:59:59,12.34276,291.0883,2013,7,202,15
2013-07-21 16:30:00,12.36709,193.218,2013,7,202,16
2013-07-21 17:00:00,12.21857,92.7719,2013,7,202,17
2013-07-21 17:29:59,11.82394,12.65782,2013,7,202,17
2013-07-21 18:00:00,11.04284,-4.748518,2013,7,202,18
2013-07-21 18:30:00,10.73831,-4.162059,2013,7,202,18
2013-07-21 18:59:59,10.37671,-4.052431,2013,7,202,18
2013-07-21 19:30:00,9.522882,-5.198989,2013,7,202,19
2013-07-21 20:00:00,8.811314,-4.913951,2013,7,202,20
2013-07-21 20:29:59,8.393919,-4.886561,2013,7,202,20
2013-07-21 21:00:00,8.070869,-4.809202,2013,7,202,21
2013-07-21 21:30:00,7.912454,-4.218482,2013,7,202,21
2013-07-21 21:59:59,7.13628,-4.947737,2013,7,202,21
2013-07-21 22:30:00,6.944161,-3.558053,2013,7,202,22
2013-07-21 23:00:00,6.847372,-4.242835,2013,7,202,23
2013-07-21 23:29:59,5.966688,-4.659061,2013,7,202,23
2013-07-22 00:00:00,5.494514,-3.256357,2013,7,203,0
2013-07-22 00:30:00,5.450258,-2.619329,2013,7,203,0
2013-07-22 00:59:59,5.621679,-3.012787,2013,7,203,0
2013-07-22 01:30:00,5.505198,-2.069992,2013,7,203,1
2013-07-22 02:00:00,5.742761,-3.210482,2013,7,203,2
2013-07-22 02:29:59,5.498739,-4.140845,2013,7,203,2
2013-07-22 03:00:00,5.186091,-3.269047,2013,7,203,3
2013-07-22 03:30:00,5.254189,-2.491927,2013,7,203,3
2013-07-22 03:59:59,4.854325,-2.855754,2013,7,203,3
2013-07-22 04:30:00,4.552799,-2.740372,2013,7,203,4
2013-07-22 05:00:00,4.615479,-2.686842,2013,7,203,5
2013-07-22 05:29:59,3.97974,-2.65281,2013,7,203,5
2013-07-22 06:00:00,3.852029,-1.742334,2013,7,203,6
2013-07-22 06:30:00,3.742776,-2.775964,2013,7,203,6
2013-07-22 06:59:59,3.744517,2.061594,2013,7,203,6
2013-07-22 07:30:00,4.418948,48.90427,2013,7,203,7
2013-07-22 08:00:00,4.70614,135.6154,2013,7,203,8
2013-07-22 08:29:59,4.993789,235.1991,2013,7,203,8
2013-07-22 09:00:00,5.921693,331.5729,2013,7,203,9
2013-07-22 09:30:00,8.904121,429.48,2013,7,203,9
2013-07-22 09:59:59,10.76694,492.5351,2013,7,203,9
2013-07-22 10:30:00,11.39753,571.9828,2013,7,203,10
2013-07-22 11:00:00,11.7905,624.019,2013,7,203,11
2013-07-22 11:29:59,12.23685,659.1032,2013,7,203,11
2013-07-22 12:00:00,12.64572,678.3347,2013,7,203,12
2013-07-22 12:30:00,13.22297,684.486,2013,7,203,12
2013-07-22 12:59:59,13.381,679.8738,2013,7,203,12
2013-07-22 13:30:00,13.86069,578.72,2013,7,203,13
2013-07-22 14:00:00,14.2963,566.9277,2013,7,203,14
2013-07-22 14:29:59,14.59056,547.7941,2013,7,203,14
2013-07-22 15:00:00,14.85584,464.7527,2013,7,203,15
2013-07-22 15:30:00,15.09636,379.773,2013,7,203,15
2013-07-22 15:59:59,15.16336,287.2811,2013,7,203,15
2013-07-22 16:30:00,15.07844,188.3346,2013,7,203,16
2013-07-22 17:00:00,14.92054,90.91934,2013,7,203,17
2013-07-22 17:29:59,14.389,13.37118,2013,7,203,17
2013-07-22 18:00:00,13.56335,-5.220487,2013,7,203,18
2013-07-22 18:30:00,12.81669,-5.124945,2013,7,203,18
2013-07-22 18:59:59,12.24959,-5.132425,2013,7,203,18
2013-07-22 19:30:00,11.53604,-4.788326,2013,7,203,19
2013-07-22 20:00:00,11.21669,-4.675261,2013,7,203,20
2013-07-22 20:29:59,10.80788,-4.443531,2013,7,203,20
2013-07-22 21:00:00,10.23793,-4.565716,2013,7,203,21
2013-07-22 21:30:00,9.295952,-4.374344,2013,7,203,21
2013-07-22 21:59:59,9.313027,-3.949943,2013,7,203,21
2013-07-22 22:30:00,9.106833,-4.093124,2013,7,203,22
2013-07-22 23:00:00,8.996004,-4.013505,2013,7,203,23
2013-07-22 23:29:59,9.166365,-4.005201,2013,7,203,23
2013-07-23 00:00:00,9.513291,-4.021978,2013,7,204,0
2013-07-23 00:30:00,9.800625,-4.114119,2013,7,204,0
2013-07-23 00:59:59,9.611075,-4.229398,2013,7,204,0
2013-07-23 01:30:00,8.974469,-4.230534,2013,7,204,1
2013-07-23 02:00:00,9.000808,-4.021983,2013,7,204,2
2013-07-23 02:29:59,8.724401,-4.166425,2013,7,204,2
2013-07-23 03:00:00,8.096775,-4.239141,2013,7,204,3
2013-07-23 03:30:00,7.485289,-4.292046,2013,7,204,3
2013-07-23 03:59:59,6.925723,-4.394703,2013,7,204,3
2013-07-23 04:30:00,6.267392,-4.233958,2013,7,204,4
2013-07-23 05:00:00,5.748735,-4.092996,2013,7,204,5
2013-07-23 05:29:59,5.44044,-3.790288,2013,7,204,5
2013-07-23 06:00:00,5.012422,-3.724821,2013,7,204,6
2013-07-23 06:30:00,4.71868,-3.467493,2013,7,204,6
2013-07-23 06:59:59,4.25941,1.680059,2013,7,204,6
2013-07-23 07:30:00,4.312477,50.15334,2013,7,204,7
2013-07-23 08:00:00,4.620406,137.1188,2013,7,204,8
2013-07-23 08:29:59,5.783637,235.5287,2013,7,204,8
2013-07-23 09:00:00,9.218659,334.5894,2013,7,204,9
2013-07-23 09:30:00,11.17328,423.8727,2013,7,204,9
2013-07-23 09:59:59,12.58604,501.4646,2013,7,204,9
2013-07-23 10:30:00,14.1695,566.0859,2013,7,204,10
2013-07-23 11:00:00,14.8147,615.7363,2013,7,204,11
2013-07-23 11:29:59,15.52693,650.7565,2013,7,204,11
2013-07-23 12:00:00,16.73668,669.9941,2013,7,204,12
2013-07-23 12:30:00,17.61215,673.6866,2013,7,204,12
2013-07-23 12:59:59,18.5298,660.1847,2013,7,204,12
2013-07-23 13:30:00,19.08211,630.8312,2013,7,204,13
2013-07-23 14:00:00,19.6883,586.074,2013,7,204,14
2013-07-23 14:29:59,19.96017,528.9024,2013,7,204,14
2013-07-23 15:00:00,20.17953,452.3157,2013,7,204,15
2013-07-23 15:30:00,20.7486,377.8417,2013,7,204,15
2013-07-23 15:59:59,20.96105,287.1023,2013,7,204,15
2013-07-23 16:30:00,21.00955,182.7525,2013,7,204,16
2013-07-23 17:00:00,20.86208,85.79933,2013,7,204,17
2013-07-23 17:29:59,20.41364,10.35628,2013,7,204,17
2013-07-23 18:00:00,19.54974,-5.070091,2013,7,204,18
2013-07-23 18:30:00,18.48856,-5.027645,2013,7,204,18
2013-07-23 18:59:59,17.58316,-4.750784,2013,7,204,18
2013-07-23 19:30:00,16.70988,-4.418871,2013,7,204,19
2013-07-23 20:00:00,15.867,-4.019734,2013,7,204,20
2013-07-23 20:29:59,15.40318,-3.470433,2013,7,204,20
2013-07-23 21:00:00,15.06866,-3.492098,2013,7,204,21
2013-07-23 21:30:00,14.71444,-3.001483,2013,7,204,21
2013-07-23 21:59:59,14.77903,-1.962801,2013,7,204,21
2013-07-23 22:30:00,14.81919,-1.756745,2013,7,204,22
2013-07-23 23:00:00,14.52698,-2.502798,2013,7,204,23
2013-07-23 23:29:59,14.2849,-1.705689,2013,7,204,23
2013-07-24 00:00:00,14.66699,-1.635915,2013,7,205,0
2013-07-24 00:30:00,15.22875,-2.154566,2013,7,205,0
2013-07-24 00:59:59,15.40951,-1.562703,2013,7,205,0
2013-07-24 01:30:00,15.38944,-2.347247,2013,7,205,1
2013-07-24 02:00:00,14.97124,-2.498798,2013,7,205,2
2013-07-24 02:29:59,14.75188,-2.357322,2013,7,205,2
2013-07-24 03:00:00,14.78039,-2.16484,2013,7,205,3
2013-07-24 03:30:00,14.66742,-2.393448,2013,7,205,3
2013-07-24 03:59:59,14.41034,-1.416882,2013,7,205,3
2013-07-24 04:30:00,14.47229,-1.698913,2013,7,205,4
2013-07-24 05:00:00,14.53121,-1.055842,2013,7,205,5
2013-07-24 05:29:59,14.70849,-0.8697968,2013,7,205,5
2013-07-24 06:00:00,14.73859,-0.8710334,2013,7,205,6
2013-07-24 06:30:00,14.94045,-0.6728851,2013,7,205,6
2013-07-24 06:59:59,15.68007,0.4212216,2013,7,205,6
2013-07-24 07:30:00,15.14335,11.48837,2013,7,205,7
2013-07-24 08:00:00,14.67344,51.02991,2013,7,205,8
2013-07-24 08:29:59,14.41254,70.92915,2013,7,205,8
2013-07-24 09:00:00,13.45362,37.57048,2013,7,205,9
2013-07-24 09:30:00,12.25045,63.52833,2013,7,205,9
2013-07-24 09:59:59,11.85466,71.26292,2013,7,205,9
2013-07-24 10:30:00,12.01707,146.2786,2013,7,205,10
2013-07-24 11:00:00,12.48504,131.847,2013,7,205,11
2013-07-24 11:29:59,12.39052,143.5225,2013,7,205,11
2013-07-24 12:00:00,12.78238,290.1063,2013,7,205,12
2013-07-24 12:30:00,13.80938,398.0603,2013,7,205,12
2013-07-24 12:59:59,15.18779,587.2035,2013,7,205,12
2013-07-24 13:30:00,15.85243,336.185,2013,7,205,13
2013-07-24 14:00:00,16.17112,254.3731,2013,7,205,14
2013-07-24 14:29:59,16.26712,155.0122,2013,7,205,14
2013-07-24 15:00:00,15.79715,212.904,2013,7,205,15
2013-07-24 15:30:00,16.21441,294.6985,2013,7,205,15
2013-07-24 15:59:59,16.38512,159.3901,2013,7,205,15
2013-07-24 16:30:00,16.14087,163.3479,2013,7,205,16
2013-07-24 17:00:00,15.95779,62.05362,2013,7,205,17
2013-07-24 17:29:59,15.79656,12.87855,2013,7,205,17
2013-07-24 18:00:00,15.09674,-4.186838,2013,7,205,18
2013-07-24 18:30:00,14.53067,-3.973948,2013,7,205,18
2013-07-24 18:59:59,13.99788,-3.989071,2013,7,205,18
2013-07-24 19:30:00,13.50071,-4.023377,2013,7,205,19
2013-07-24 20:00:00,13.11912,-3.723102,2013,7,205,20
2013-07-24 20:29:59,13.06016,-3.490999,2013,7,205,20
2013-07-24 21:00:00,13.09575,-3.628266,2013,7,205,21
2013-07-24 21:30:00,12.67361,-3.757638,2013,7,205,21
2013-07-24 21:59:59,12.54605,-3.546375,2013,7,205,21
2013-07-24 22:30:00,12.40906,-3.769897,2013,7,205,22
2013-07-24 23:00:00,12.24196,-3.64388,2013,7,205,23
2013-07-24 23:29:59,12.65205,-3.403687,2013,7,205,23
2013-07-25 00:00:00,12.78797,-3.807243,2013,7,206,0
2013-07-25 00:30:00,12.47046,-3.6471,2013,7,206,0
2013-07-25 00:59:59,12.18622,-3.252076,2013,7,206,0
2013-07-25 01:30:00,12.43772,-3.105556,2013,7,206,1
2013-07-25 02:00:00,11.40166,-3.306379,2013,7,206,2
2013-07-25 02:29:59,10.56476,-3.313108,2013,7,206,2
2013-07-25 03:00:00,10.85565,-2.227981,2013,7,206,3
2013-07-25 03:30:00,10.7971,-2.790002,2013,7,206,3
2013-07-25 03:59:59,10.9874,-2.549985,2013,7,206,3
2013-07-25 04:30:00,10.47362,-1.364053,2013,7,206,4
2013-07-25 05:00:00,10.32023,-3.04124,2013,7,206,5
2013-07-25 05:29:59,9.092768,-1.3887,2013,7,206,5
2013-07-25 06:00:00,8.908397,-2.738099,2013,7,206,6
2013-07-25 06:30:00,8.648197,-0.9336548,2013,7,206,6
2013-07-25 06:59:59,8.702696,3.482547,2013,7,206,6
2013-07-25 07:30:00,8.480434,44.38804,2013,7,206,7
2013-07-25 08:00:00,7.682768,109.9532,2013,7,206,8
2013-07-25 08:29:59,7.293194,191.5234,2013,7,206,8
2013-07-25 09:00:00,8.372652,300.5311,2013,7,206,9
2013-07-25 09:30:00,9.915793,390.3024,2013,7,206,9
2013-07-25 09:59:59,11.63574,514.0826,2013,7,206,9
2013-07-25 10:30:00,13.35968,565.2878,2013,7,206,10
2013-07-25 11:00:00,15.11947,612.4597,2013,7,206,11
2013-07-25 11:29:59,15.99191,650.3061,2013,7,206,11
2013-07-25 12:00:00,16.8261,669.3458,2013,7,206,12
2013-07-25 12:30:00,17.87618,669.9626,2013,7,206,12
2013-07-25 12:59:59,18.36747,647.8967,2013,7,206,12
2013-07-25 13:30:00,18.65155,574.566,2013,7,206,13
2013-07-25 14:00:00,19.72274,592.4354,2013,7,206,14
2013-07-25 14:29:59,20.44888,520.9219,2013,7,206,14
2013-07-25 15:00:00,20.63864,380.6218,2013,7,206,15
2013-07-25 15:30:00,20.41566,147.6266,2013,7,206,15
2013-07-25 15:59:59,20.48475,68.24187,2013,7,206,15
2013-07-25 16:30:00,20.10887,77.37679,2013,7,206,16
2013-07-25 17:00:00,19.71021,23.40001,2013,7,206,17
2013-07-25 17:29:59,19.35793,-1.464223,2013,7,206,17
2013-07-25 18:00:00,18.79363,NA,2013,7,206,18
2013-07-25 18:30:00,17.6553,-6.168107,2013,7,206,18
2013-07-25 18:59:59,16.85495,-1.047025,2013,7,206,18
2013-07-25 19:30:00,16.4591,-1.071996,2013,7,206,19
2013-07-25 20:00:00,16.01385,-4.521448,2013,7,206,20
2013-07-25 20:29:59,15.97536,-5.013556,2013,7,206,20
2013-07-25 21:00:00,15.70372,-2.684424,2013,7,206,21
2013-07-25 21:30:00,15.5806,-3.357592,2013,7,206,21
2013-07-25 21:59:59,15.4675,-3.219599,2013,7,206,21
2013-07-25 22:30:00,15.03219,-4.148396,2013,7,206,22
2013-07-25 23:00:00,15.08498,-1.970411,2013,7,206,23
2013-07-25 23:29:59,15.33821,-1.109013,2013,7,206,23
2013-07-26 00:00:00,15.27278,-0.5450987,2013,7,207,0
2013-07-26 00:30:00,15.20788,-0.4137744,2013,7,207,0
2013-07-26 00:59:59,15.86754,-5.911067,2013,7,207,0
2013-07-26 01:30:00,15.88691,-8.10482,2013,7,207,1
2013-07-26 02:00:00,14.5942,-5.760808,2013,7,207,2
2013-07-26 02:29:59,13.69027,-2.824421,2013,7,207,2
2013-07-26 03:00:00,13.46244,-1.727783,2013,7,207,3
2013-07-26 03:30:00,13.3875,-1.754244,2013,7,207,3
2013-07-26 03:59:59,13.02648,-0.7294639,2013,7,207,3
2013-07-26 04:30:00,13.57342,-0.3353675,2013,7,207,4
2013-07-26 05:00:00,14.21879,-0.5393664,2013,7,207,5
2013-07-26 05:29:59,14.45056,-0.6479703,2013,7,207,5
2013-07-26 06:00:00,14.4574,-0.6191657,2013,7,207,6
2013-07-26 06:30:00,14.36172,-0.2855276,2013,7,207,6
2013-07-26 06:59:59,14.32204,1.095926,2013,7,207,6
2013-07-26 07:30:00,14.27268,8.890011,2013,7,207,7
2013-07-26 08:00:00,14.18523,51.21153,2013,7,207,8
2013-07-26 08:29:59,14.26016,85.56606,2013,7,207,8
2013-07-26 09:00:00,14.76915,126.6924,2013,7,207,9
2013-07-26 09:30:00,15.24798,110.949,2013,7,207,9
2013-07-26 09:59:59,15.69292,214.547,2013,7,207,9
2013-07-26 10:30:00,16.04876,204.4803,2013,7,207,10
2013-07-26 11:00:00,16.48815,377.4876,2013,7,207,11
2013-07-26 11:29:59,17.30454,293.5612,2013,7,207,11
2013-07-26 12:00:00,17.33768,170.2982,2013,7,207,12
2013-07-26 12:30:00,16.12768,188.7136,2013,7,207,12
2013-07-26 12:59:59,15.76139,384.8263,2013,7,207,12
2013-07-26 13:30:00,15.7458,257.3506,2013,7,207,13
2013-07-26 14:00:00,15.88293,348.9362,2013,7,207,14
2013-07-26 14:29:59,15.43397,213.404,2013,7,207,14
2013-07-26 15:00:00,15.44573,359.8698,2013,7,207,15
2013-07-26 15:30:00,13.8018,174.6508,2013,7,207,15
2013-07-26 15:59:59,12.73324,161.8841,2013,7,207,15
2013-07-26 16:30:00,13.12859,122.9697,2013,7,207,16
2013-07-26 17:00:00,13.23983,50.91343,2013,7,207,17
2013-07-26 17:29:59,13.21073,12.45337,2013,7,207,17
2013-07-26 18:00:00,12.91188,-2.872281,2013,7,207,18
2013-07-26 18:30:00,13.02705,-3.207587,2013,7,207,18
2013-07-26 18:59:59,13.37042,-3.878695,2013,7,207,18
2013-07-26 19:30:00,12.99572,-4.100993,2013,7,207,19
2013-07-26 20:00:00,12.52929,-4.030049,2013,7,207,20
2013-07-26 20:29:59,11.86566,-4.213575,2013,7,207,20
2013-07-26 21:00:00,11.20125,-4.037162,2013,7,207,21
2013-07-26 21:30:00,10.87013,-3.489429,2013,7,207,21
2013-07-26 21:59:59,11.22076,-3.096648,2013,7,207,21
2013-07-26 22:30:00,11.2905,-4.433458,2013,7,207,22
2013-07-26 23:00:00,11.06295,-3.986493,2013,7,207,23
2013-07-26 23:29:59,10.71098,-2.64576,2013,7,207,23
2013-07-27 00:00:00,10.20288,-2.753478,2013,7,208,0
2013-07-27 00:30:00,9.857409,-2.957719,2013,7,208,0
2013-07-27 00:59:59,10.09994,-1.505157,2013,7,208,0
2013-07-27 01:30:00,9.781527,-1.988885,2013,7,208,1
2013-07-27 02:00:00,9.55797,-1.586011,2013,7,208,2
2013-07-27 02:29:59,9.535401,-2.18328,2013,7,208,2
2013-07-27 03:00:00,9.345518,-2.962002,2013,7,208,3
2013-07-27 03:30:00,9.053739,-3.087037,2013,7,208,3
2013-07-27 03:59:59,8.914581,-2.711158,2013,7,208,3
2013-07-27 04:30:00,8.913589,-1.29946,2013,7,208,4
2013-07-27 05:00:00,9.212627,-1.272218,2013,7,208,5
2013-07-27 05:29:59,9.638191,-1.984565,2013,7,208,5
2013-07-27 06:00:00,9.890695,-0.7283381,2013,7,208,6
2013-07-27 06:30:00,10.13591,-0.7204227,2013,7,208,6
2013-07-27 06:59:59,10.18616,2.181407,2013,7,208,6
2013-07-27 07:30:00,10.2708,26.98842,2013,7,208,7
2013-07-27 08:00:00,10.52302,119.3057,2013,7,208,8
2013-07-27 08:29:59,10.89113,188.3109,2013,7,208,8
2013-07-27 09:00:00,11.28559,191.3847,2013,7,208,9
2013-07-27 09:30:00,12.0616,308.4012,2013,7,208,9
2013-07-27 09:59:59,12.59224,363.2586,2013,7,208,9
2013-07-27 10:30:00,13.06675,383.5275,2013,7,208,10
2013-07-27 11:00:00,13.44,342.1154,2013,7,208,11
2013-07-27 11:29:59,14.07443,395.4589,2013,7,208,11
2013-07-27 12:00:00,14.456,399.3742,2013,7,208,12
2013-07-27 12:30:00,14.76744,378.2471,2013,7,208,12
2013-07-27 12:59:59,14.04688,333.3809,2013,7,208,12
2013-07-27 13:30:00,14.25899,473.1761,2013,7,208,13
2013-07-27 14:00:00,14.86392,397.252,2013,7,208,14
2013-07-27 14:29:59,15.09713,270.5107,2013,7,208,14
2013-07-27 15:00:00,15.2077,258.5698,2013,7,208,15
2013-07-27 15:30:00,15.16878,201.5628,2013,7,208,15
2013-07-27 15:59:59,14.44692,255.2856,2013,7,208,15
2013-07-27 16:30:00,14.65291,110.0077,2013,7,208,16
2013-07-27 17:00:00,13.54461,30.69979,2013,7,208,17
2013-07-27 17:29:59,14.41656,4.439482,2013,7,208,17
2013-07-27 18:00:00,14.05943,-3.587864,2013,7,208,18
2013-07-27 18:30:00,13.8256,-2.800224,2013,7,208,18
2013-07-27 18:59:59,13.91798,-2.375066,2013,7,208,18
2013-07-27 19:30:00,13.70105,-4.581434,2013,7,208,19
2013-07-27 20:00:00,13.53965,-2.513343,2013,7,208,20
2013-07-27 20:29:59,13.45537,-3.654016,2013,7,208,20
2013-07-27 21:00:00,13.02884,-4.133837,2013,7,208,21
2013-07-27 21:30:00,12.56659,-4.056439,2013,7,208,21
2013-07-27 21:59:59,12.14884,-3.739276,2013,7,208,21
2013-07-27 22:30:00,11.6425,-3.899889,2013,7,208,22
2013-07-27 23:00:00,11.07865,-3.333278,2013,7,208,23
2013-07-27 23:29:59,10.85403,-1.305316,2013,7,208,23
2013-07-28 00:00:00,11.2148,-0.7999374,2013,7,209,0
2013-07-28 00:30:00,11.69106,-1.070697,2013,7,209,0
2013-07-28 00:59:59,11.64408,-1.851612,2013,7,209,0
2013-07-28 01:30:00,11.28745,-4.135743,2013,7,209,1
2013-07-28 02:00:00,10.67759,-4.291187,2013,7,209,2
2013-07-28 02:29:59,10.13381,-4.015338,2013,7,209,2
2013-07-28 03:00:00,9.662748,-3.761536,2013,7,209,3
2013-07-28 03:30:00,9.299386,-4.341053,2013,7,209,3
2013-07-28 03:59:59,8.919868,-4.371916,2013,7,209,3
2013-07-28 04:30:00,8.468666,-4.092222,2013,7,209,4
2013-07-28 05:00:00,8.200452,-3.619236,2013,7,209,5
2013-07-28 05:29:59,7.905569,-2.904883,2013,7,209,5
2013-07-28 06:00:00,7.575218,-2.770656,2013,7,209,6
2013-07-28 06:30:00,7.377179,-2.38867,2013,7,209,6
2013-07-28 06:59:59,7.390321,3.283255,2013,7,209,6
2013-07-28 07:30:00,7.292995,34.86327,2013,7,209,7
2013-07-28 08:00:00,7.247445,94.8958,2013,7,209,8
2013-07-28 08:29:59,7.509154,169.2342,2013,7,209,8
2013-07-28 09:00:00,8.521684,331.9421,2013,7,209,9
2013-07-28 09:30:00,9.671406,429.6301,2013,7,209,9
2013-07-28 09:59:59,10.54249,509.7447,2013,7,209,9
2013-07-28 10:30:00,11.31756,579.3046,2013,7,209,10
2013-07-28 11:00:00,12.10687,638.2909,2013,7,209,11
2013-07-28 11:29:59,12.65934,645.5678,2013,7,209,11
2013-07-28 12:00:00,13.63537,719.3923,2013,7,209,12
2013-07-28 12:30:00,13.58946,586.6226,2013,7,209,12
2013-07-28 12:59:59,14.26579,659.6063,2013,7,209,12
2013-07-28 13:30:00,14.97661,608.4187,2013,7,209,13
2013-07-28 14:00:00,15.16416,691.4333,2013,7,209,14
2013-07-28 14:29:59,15.26413,382.5002,2013,7,209,14
2013-07-28 15:00:00,15.56237,334.9825,2013,7,209,15
2013-07-28 15:30:00,15.77716,255.9412,2013,7,209,15
2013-07-28 15:59:59,15.89004,237.7692,2013,7,209,15
2013-07-28 16:30:00,16.10502,184.5244,2013,7,209,16
2013-07-28 17:00:00,15.99189,77.20743,2013,7,209,17
2013-07-28 17:29:59,15.57144,14.98283,2013,7,209,17
2013-07-28 18:00:00,15.04315,-4.085799,2013,7,209,18
2013-07-28 18:30:00,14.19426,-4.589489,2013,7,209,18
2013-07-28 18:59:59,13.28837,-4.522347,2013,7,209,18
2013-07-28 19:30:00,12.66022,-4.280428,2013,7,209,19
2013-07-28 20:00:00,12.14517,-4.309978,2013,7,209,20
2013-07-28 20:29:59,11.591,-4.100517,2013,7,209,20
2013-07-28 21:00:00,11.84053,-3.080764,2013,7,209,21
2013-07-28 21:30:00,11.85398,-2.151863,2013,7,209,21
2013-07-28 21:59:59,12.57109,-1.217612,2013,7,209,21
2013-07-28 22:30:00,12.73035,-3.453905,2013,7,209,22
2013-07-28 23:00:00,12.6775,-3.269913,2013,7,209,23
2013-07-28 23:29:59,12.86867,-1.086615,2013,7,209,23
2013-07-29 00:00:00,12.58232,-0.4338189,2013,7,210,0
2013-07-29 00:30:00,12.65126,-0.7090692,2013,7,210,0
2013-07-29 00:59:59,12.15646,-1.319125,2013,7,210,0
2013-07-29 01:30:00,12.0811,-0.7283598,2013,7,210,1
2013-07-29 02:00:00,12.2221,-0.3285513,2013,7,210,2
2013-07-29 02:29:59,11.92831,-1.337914,2013,7,210,2
2013-07-29 03:00:00,11.7548,-1.134983,2013,7,210,3
2013-07-29 03:30:00,11.7871,-2.397931,2013,7,210,3
2013-07-29 03:59:59,11.88977,-2.965229,2013,7,210,3
2013-07-29 04:30:00,11.73281,-2.597334,2013,7,210,4
2013-07-29 05:00:00,11.74789,-1.211539,2013,7,210,5
2013-07-29 05:29:59,11.63338,-0.7249725,2013,7,210,5
2013-07-29 06:00:00,11.5962,-0.984197,2013,7,210,6
2013-07-29 06:30:00,11.55821,-1.582991,2013,7,210,6
2013-07-29 06:59:59,10.91743,1.248408,2013,7,210,6
2013-07-29 07:30:00,10.6023,26.37367,2013,7,210,7
2013-07-29 08:00:00,10.48637,120.4812,2013,7,210,8
2013-07-29 08:29:59,11.1015,250.8698,2013,7,210,8
2013-07-29 09:00:00,12.5949,348.9562,2013,7,210,9
2013-07-29 09:30:00,13.51656,440.1496,2013,7,210,9
2013-07-29 09:59:59,14.34528,542.79,2013,7,210,9
2013-07-29 10:30:00,14.3983,590.3306,2013,7,210,10
2013-07-29 11:00:00,14.84916,639.4423,2013,7,210,11
2013-07-29 11:29:59,15.0011,674.3516,2013,7,210,11
2013-07-29 12:00:00,15.20858,695.8653,2013,7,210,12
2013-07-29 12:30:00,15.44653,698.1355,2013,7,210,12
2013-07-29 12:59:59,15.86125,691.5293,2013,7,210,12
2013-07-29 13:30:00,16.18876,624.8176,2013,7,210,13
2013-07-29 14:00:00,16.68506,621.8635,2013,7,210,14
2013-07-29 14:29:59,17.02497,557.9479,2013,7,210,14
2013-07-29 15:00:00,17.13459,495.7424,2013,7,210,15
2013-07-29 15:30:00,17.3097,232.5903,2013,7,210,15
2013-07-29 15:59:59,17.19793,218.3116,2013,7,210,15
2013-07-29 16:30:00,17.60874,201.0728,2013,7,210,16
2013-07-29 17:00:00,17.46626,99.46817,2013,7,210,17
2013-07-29 17:29:59,17.32592,17.18823,2013,7,210,17
2013-07-29 18:00:00,16.49925,-4.583851,2013,7,210,18
2013-07-29 18:30:00,16.05184,-4.753075,2013,7,210,18
2013-07-29 18:59:59,15.6615,-4.47879,2013,7,210,18
2013-07-29 19:30:00,15.36102,-3.219025,2013,7,210,19
2013-07-29 20:00:00,14.78241,-3.952798,2013,7,210,20
2013-07-29 20:29:59,14.4994,-3.498954,2013,7,210,20
2013-07-29 21:00:00,13.85608,-4.130296,2013,7,210,21
2013-07-29 21:30:00,12.31167,-4.711863,2013,7,210,21
2013-07-29 21:59:59,12.19776,-3.974386,2013,7,210,21
2013-07-29 22:30:00,11.60618,-4.294083,2013,7,210,22
2013-07-29 23:00:00,11.17019,-2.470981,2013,7,210,23
2013-07-29 23:29:59,11.38981,-2.86365,2013,7,210,23
2013-07-30 00:00:00,11.67222,-3.293886,2013,7,211,0
2013-07-30 00:30:00,11.63061,-4.019967,2013,7,211,0
2013-07-30 00:59:59,11.65306,-4.074043,2013,7,211,0
2013-07-30 01:30:00,11.67844,-3.814835,2013,7,211,1
2013-07-30 02:00:00,11.3406,-4.413375,2013,7,211,2
2013-07-30 02:29:59,10.40014,-3.985881,2013,7,211,2
2013-07-30 03:00:00,9.706015,-3.932472,2013,7,211,3
2013-07-30 03:30:00,9.840899,-3.634738,2013,7,211,3
2013-07-30 03:59:59,10.30776,-3.616827,2013,7,211,3
2013-07-30 04:30:00,10.02344,-4.071669,2013,7,211,4
2013-07-30 05:00:00,9.449899,-4.144822,2013,7,211,5
2013-07-30 05:29:59,8.261636,-3.963681,2013,7,211,5
2013-07-30 06:00:00,7.227789,-2.624398,2013,7,211,6
2013-07-30 06:30:00,8.024529,-2.282973,2013,7,211,6
2013-07-30 06:59:59,8.002549,3.424237,2013,7,211,6
2013-07-30 07:30:00,8.609178,59.55815,2013,7,211,7
2013-07-30 08:00:00,9.386154,151.3211,2013,7,211,8
2013-07-30 08:29:59,10.58924,249.9968,2013,7,211,8
2013-07-30 09:00:00,12.01291,345.7938,2013,7,211,9
2013-07-30 09:30:00,12.87022,437.2207,2013,7,211,9
2013-07-30 09:59:59,14.57445,516.3123,2013,7,211,9
2013-07-30 10:30:00,15.44547,581.8282,2013,7,211,10
2013-07-30 11:00:00,15.81422,636.2194,2013,7,211,11
2013-07-30 11:29:59,16.1243,649.9202,2013,7,211,11
2013-07-30 12:00:00,16.24733,638.3849,2013,7,211,12
2013-07-30 12:30:00,16.56327,460.3181,2013,7,211,12
2013-07-30 12:59:59,16.69243,706.0003,2013,7,211,12
2013-07-30 13:30:00,17.04695,655.849,2013,7,211,13
2013-07-30 14:00:00,17.19173,597.7311,2013,7,211,14
2013-07-30 14:29:59,17.61603,574.1244,2013,7,211,14
2013-07-30 15:00:00,17.47552,408.7279,2013,7,211,15
2013-07-30 15:30:00,17.81274,429.075,2013,7,211,15
2013-07-30 15:59:59,17.80634,296.0529,2013,7,211,15
2013-07-30 16:30:00,17.84566,214.3299,2013,7,211,16
2013-07-30 17:00:00,18.07633,116.4449,2013,7,211,17
2013-07-30 17:29:59,17.31977,15.01631,2013,7,211,17
2013-07-30 18:00:00,16.58666,-4.57701,2013,7,211,18
2013-07-30 18:30:00,16.81674,-4.786138,2013,7,211,18
2013-07-30 18:59:59,16.53103,-5.105664,2013,7,211,18
2013-07-30 19:30:00,16.53828,-4.921051,2013,7,211,19
2013-07-30 20:00:00,15.36409,-4.608685,2013,7,211,20
2013-07-30 20:29:59,15.32865,-3.184186,2013,7,211,20
2013-07-30 21:00:00,15.40185,-2.871173,2013,7,211,21
2013-07-30 21:30:00,15.04543,-3.335823,2013,7,211,21
2013-07-30 21:59:59,14.45156,-4.048623,2013,7,211,21
2013-07-30 22:30:00,12.67498,-4.449392,2013,7,211,22
2013-07-30 23:00:00,11.18098,-3.836904,2013,7,211,23
2013-07-30 23:29:59,11.52131,-2.33616,2013,7,211,23
2013-07-31 00:00:00,11.48884,-2.00909,2013,7,212,0
2013-07-31 00:30:00,11.25258,-2.804983,2013,7,212,0
2013-07-31 00:59:59,11.67211,-2.275762,2013,7,212,0
2013-07-31 01:30:00,11.93045,-3.092955,2013,7,212,1
2013-07-31 02:00:00,11.6733,-3.03148,2013,7,212,2
2013-07-31 02:29:59,11.38683,-3.487922,2013,7,212,2
2013-07-31 03:00:00,10.45729,-3.563624,2013,7,212,3
2013-07-31 03:30:00,10.02744,-3.233284,2013,7,212,3
2013-07-31 03:59:59,9.523227,-2.243956,2013,7,212,3
2013-07-31 04:30:00,10.39766,-1.73489,2013,7,212,4
2013-07-31 05:00:00,11.0038,-3.006758,2013,7,212,5
2013-07-31 05:29:59,11.31115,-3.217703,2013,7,212,5
2013-07-31 06:00:00,11.84907,-3.022567,2013,7,212,6
2013-07-31 06:30:00,11.0802,-2.409017,2013,7,212,6
2013-07-31 06:59:59,11.42049,7.777317,2013,7,212,6
2013-07-31 07:30:00,11.82539,62.01538,2013,7,212,7
2013-07-31 08:00:00,11.56642,153.7229,2013,7,212,8
2013-07-31 08:29:59,12.19155,253.9307,2013,7,212,8
2013-07-31 09:00:00,13.14478,352.5482,2013,7,212,9
2013-07-31 09:30:00,14.82783,441.1964,2013,7,212,9
2013-07-31 09:59:59,15.75824,520.5261,2013,7,212,9
2013-07-31 10:30:00,16.5046,585.1478,2013,7,212,10
2013-07-31 11:00:00,16.82186,636.7565,2013,7,212,11
2013-07-31 11:29:59,17.14629,673.6039,2013,7,212,11
2013-07-31 12:00:00,17.46342,694.5997,2013,7,212,12
2013-07-31 12:30:00,17.93163,698.2718,2013,7,212,12
2013-07-31 12:59:59,18.23483,686.2272,2013,7,212,12
2013-07-31 13:30:00,18.65893,657.208,2013,7,212,13
2013-07-31 14:00:00,18.95977,613.1424,2013,7,212,14
2013-07-31 14:29:59,19.21864,552.8251,2013,7,212,14
2013-07-31 15:00:00,19.53786,479.2782,2013,7,212,15
2013-07-31 15:30:00,19.60902,393.9527,2013,7,212,15
2013-07-31 15:59:59,19.67138,300.1952,2013,7,212,15
2013-07-31 16:30:00,19.67504,199.6469,2013,7,212,16
2013-07-31 17:00:00,19.56649,101.2247,2013,7,212,17
2013-07-31 17:29:59,19.11131,20.04043,2013,7,212,17
2013-07-31 18:00:00,18.51141,-4.352757,2013,7,212,18
2013-07-31 18:30:00,17.88858,-4.746362,2013,7,212,18
2013-07-31 18:59:59,16.57796,-5.005592,2013,7,212,18
2013-07-31 19:30:00,16.22218,-4.522347,2013,7,212,19
2013-07-31 20:00:00,15.65929,-4.469267,2013,7,212,20
2013-07-31 20:29:59,15.35018,-4.172182,2013,7,212,20
2013-07-31 21:00:00,14.99838,-3.810561,2013,7,212,21
2013-07-31 21:30:00,14.32703,-3.909859,2013,7,212,21
2013-07-31 21:59:59,13.67212,-3.774168,2013,7,212,21
2013-07-31 22:30:00,13.21522,-3.728875,2013,7,212,22
2013-07-31 23:00:00,13.03096,-3.588637,2013,7,212,23
2013-07-31 23:29:59,12.77203,-3.75969,2013,7,212,23
2013-08-01 00:00:00,12.53006,-3.777261,2013,8,213,0
2013-08-01 00:30:00,11.96975,-3.315462,2013,8,213,0
2013-08-01 00:59:59,11.58055,-3.231658,2013,8,213,0
2013-08-01 01:30:00,11.54338,-2.718568,2013,8,213,1
2013-08-01 02:00:00,11.94098,-2.080684,2013,8,213,2
2013-08-01 02:29:59,11.83103,-1.052344,2013,8,213,2
2013-08-01 03:00:00,12.05086,-2.018963,2013,8,213,3
2013-08-01 03:30:00,11.82376,-0.9922864,2013,8,213,3
2013-08-01 03:59:59,11.58989,-0.7902789,2013,8,213,3
2013-08-01 04:30:00,11.63838,-0.935167,2013,8,213,4
2013-08-01 05:00:00,11.60486,-1.317964,2013,8,213,5
2013-08-01 05:29:59,11.64153,-2.143999,2013,8,213,5
2013-08-01 06:00:00,11.32518,-3.242914,2013,8,213,6
2013-08-01 06:30:00,10.96046,-2.727561,2013,8,213,6
2013-08-01 06:59:59,11.08261,5.429199,2013,8,213,6
2013-08-01 07:30:00,11.07635,40.20673,2013,8,213,7
2013-08-01 08:00:00,11.13243,134.7059,2013,8,213,8
2013-08-01 08:29:59,12.28515,243.3112,2013,8,213,8
2013-08-01 09:00:00,13.5649,327.6839,2013,8,213,9
2013-08-01 09:30:00,13.92565,271.2268,2013,8,213,9
2013-08-01 09:59:59,14.71107,522.9569,2013,8,213,9
2013-08-01 10:30:00,15.64319,583.5414,2013,8,213,10
2013-08-01 11:00:00,16.0599,418.9428,2013,8,213,11
2013-08-01 11:29:59,16.39084,461.8318,2013,8,213,11
2013-08-01 12:00:00,16.828,538.7383,2013,8,213,12
2013-08-01 12:30:00,17.33661,623.4948,2013,8,213,12
2013-08-01 12:59:59,17.99471,530.0422,2013,8,213,12
2013-08-01 13:30:00,17.89443,418.8828,2013,8,213,13
2013-08-01 14:00:00,18.49823,652.063,2013,8,213,14
2013-08-01 14:29:59,18.27826,450.3593,2013,8,213,14
2013-08-01 15:00:00,18.28799,307.0818,2013,8,213,15
2013-08-01 15:30:00,18.50953,344.6587,2013,8,213,15
2013-08-01 15:59:59,18.46373,234.4306,2013,8,213,15
2013-08-01 16:30:00,18.54754,123.2344,2013,8,213,16
2013-08-01 17:00:00,18.01851,38.17007,2013,8,213,17
2013-08-01 17:29:59,17.58451,10.11636,2013,8,213,17
2013-08-01 18:00:00,17.04336,-3.218203,2013,8,213,18
2013-08-01 18:30:00,16.55906,-3.882734,2013,8,213,18
2013-08-01 18:59:59,15.91152,-4.417,2013,8,213,18
2013-08-01 19:30:00,15.10113,-4.088884,2013,8,213,19
2013-08-01 20:00:00,14.64337,-2.685908,2013,8,213,20
2013-08-01 20:29:59,14.54842,-3.656156,2013,8,213,20
2013-08-01 21:00:00,14.60273,-4.027357,2013,8,213,21
2013-08-01 21:30:00,14.07183,-4.260507,2013,8,213,21
2013-08-01 21:59:59,13.78617,-3.789552,2013,8,213,21
2013-08-01 22:30:00,13.11012,-4.064424,2013,8,213,22
2013-08-01 23:00:00,13.09906,-3.737011,2013,8,213,23
2013-08-01 23:29:59,12.63907,-3.705338,2013,8,213,23
2013-08-02 00:00:00,12.60479,-3.716604,2013,8,214,0
2013-08-02 00:30:00,11.75987,-3.796198,2013,8,214,0
2013-08-02 00:59:59,11.6893,-3.400725,2013,8,214,0
2013-08-02 01:30:00,11.98008,-3.208099,2013,8,214,1
2013-08-02 02:00:00,11.71754,-3.491847,2013,8,214,2
2013-08-02 02:29:59,11.51048,-3.334227,2013,8,214,2
2013-08-02 03:00:00,10.52836,-3.778549,2013,8,214,3
2013-08-02 03:30:00,10.30524,-3.060109,2013,8,214,3
2013-08-02 03:59:59,10.45836,-3.039091,2013,8,214,3
2013-08-02 04:30:00,10.34432,-3.036905,2013,8,214,4
2013-08-02 05:00:00,10.15361,-2.975891,2013,8,214,5
2013-08-02 05:29:59,9.776876,-3.245389,2013,8,214,5
2013-08-02 06:00:00,9.652487,-2.922294,2013,8,214,6
2013-08-02 06:30:00,9.292509,-3.081302,2013,8,214,6
2013-08-02 06:59:59,8.453959,5.886723,2013,8,214,6
2013-08-02 07:30:00,8.96305,69.51245,2013,8,214,7
2013-08-02 08:00:00,9.975173,157.3931,2013,8,214,8
2013-08-02 08:29:59,10.39834,246.5399,2013,8,214,8
2013-08-02 09:00:00,10.97811,349.6222,2013,8,214,9
2013-08-02 09:30:00,11.35904,444.3197,2013,8,214,9
2013-08-02 09:59:59,12.68392,521.0585,2013,8,214,9
2013-08-02 10:30:00,14.10859,564.2834,2013,8,214,10
2013-08-02 11:00:00,15.03177,628.4778,2013,8,214,11
2013-08-02 11:29:59,16.08144,669.111,2013,8,214,11
2013-08-02 12:00:00,16.85391,716.9998,2013,8,214,12
2013-08-02 12:30:00,17.33691,735.3394,2013,8,214,12
2013-08-02 12:59:59,18.21757,763.1403,2013,8,214,12
2013-08-02 13:30:00,18.93167,710.9164,2013,8,214,13
2013-08-02 14:00:00,18.67229,619.5643,2013,8,214,14
2013-08-02 14:29:59,18.98462,554.774,2013,8,214,14
2013-08-02 15:00:00,19.3184,479.7441,2013,8,214,15
2013-08-02 15:30:00,19.8683,394.7097,2013,8,214,15
2013-08-02 15:59:59,20.04272,299.4755,2013,8,214,15
2013-08-02 16:30:00,20.24158,198.4398,2013,8,214,16
2013-08-02 17:00:00,19.89315,102.243,2013,8,214,17
2013-08-02 17:29:59,19.64563,21.43508,2013,8,214,17
2013-08-02 18:00:00,18.85642,-4.157215,2013,8,214,18
2013-08-02 18:30:00,18.47635,-3.852615,2013,8,214,18
2013-08-02 18:59:59,17.84068,-3.988889,2013,8,214,18
2013-08-02 19:30:00,18.18521,-2.462606,2013,8,214,19
2013-08-02 20:00:00,17.55161,-3.62732,2013,8,214,20
2013-08-02 20:29:59,16.12888,-4.90088,2013,8,214,20
2013-08-02 21:00:00,15.44788,-3.979245,2013,8,214,21
2013-08-02 21:30:00,15.8028,-3.646451,2013,8,214,21
2013-08-02 21:59:59,15.1948,-3.499358,2013,8,214,21
2013-08-02 22:30:00,16.36283,-3.209063,2013,8,214,22
2013-08-02 23:00:00,15.1301,-4.404886,2013,8,214,23
2013-08-02 23:29:59,14.39628,-3.601928,2013,8,214,23
2013-08-03 00:00:00,15.11666,-3.664798,2013,8,215,0
2013-08-03 00:30:00,14.19757,-4.136012,2013,8,215,0
2013-08-03 00:59:59,13.20068,-4.092169,2013,8,215,0
2013-08-03 01:30:00,12.63894,-3.48596,2013,8,215,1
2013-08-03 02:00:00,12.00658,-3.991208,2013,8,215,2
2013-08-03 02:29:59,11.33523,-3.230818,2013,8,215,2
2013-08-03 03:00:00,11.04037,-2.881207,2013,8,215,3
2013-08-03 03:30:00,10.8553,-3.021182,2013,8,215,3
2013-08-03 03:59:59,10.40618,-3.185116,2013,8,215,3
2013-08-03 04:30:00,10.25023,-3.134742,2013,8,215,4
2013-08-03 05:00:00,10.14417,-2.744791,2013,8,215,5
2013-08-03 05:29:59,10.16536,-2.570394,2013,8,215,5
2013-08-03 06:00:00,9.913016,-2.946762,2013,8,215,6
2013-08-03 06:30:00,9.598309,-2.867709,2013,8,215,6
2013-08-03 06:59:59,9.538321,8.70495,2013,8,215,6
2013-08-03 07:30:00,9.857404,76.68335,2013,8,215,7
2013-08-03 08:00:00,10.03185,170.2621,2013,8,215,8
2013-08-03 08:29:59,11.01118,262.5847,2013,8,215,8
2013-08-03 09:00:00,12.23467,360.101,2013,8,215,9
2013-08-03 09:30:00,12.65349,454.2802,2013,8,215,9
2013-08-03 09:59:59,14.12925,531.7266,2013,8,215,9
2013-08-03 10:30:00,15.16287,594.2869,2013,8,215,10
2013-08-03 11:00:00,15.94695,646.3516,2013,8,215,11
2013-08-03 11:29:59,17.16931,683.418,2013,8,215,11
2013-08-03 12:00:00,17.94979,704.9728,2013,8,215,12
2013-08-03 12:30:00,18.73456,709.4315,2013,8,215,12
2013-08-03 12:59:59,19.41245,695.0131,2013,8,215,12
2013-08-03 13:30:00,20.36046,662.2429,2013,8,215,13
2013-08-03 14:00:00,20.9157,618.6643,2013,8,215,14
2013-08-03 14:29:59,21.61454,560.2172,2013,8,215,14
2013-08-03 15:00:00,21.69383,488.5175,2013,8,215,15
2013-08-03 15:30:00,21.99328,402.2898,2013,8,215,15
2013-08-03 15:59:59,22.36661,307.7557,2013,8,215,15
2013-08-03 16:30:00,22.16215,207.7998,2013,8,215,16
2013-08-03 17:00:00,21.92628,109.1693,2013,8,215,17
2013-08-03 17:29:59,21.52788,24.80553,2013,8,215,17
2013-08-03 18:00:00,20.90077,-4.788543,2013,8,215,18
2013-08-03 18:30:00,20.10303,-5.179935,2013,8,215,18
2013-08-03 18:59:59,19.19428,-4.977825,2013,8,215,18
2013-08-03 19:30:00,18.08606,-5.408978,2013,8,215,19
2013-08-03 20:00:00,18.18653,-4.165588,2013,8,215,20
2013-08-03 20:29:59,17.10652,-4.538415,2013,8,215,20
2013-08-03 21:00:00,17.92229,-3.915273,2013,8,215,21
2013-08-03 21:30:00,17.36592,-4.610916,2013,8,215,21
2013-08-03 21:59:59,16.00757,-4.565071,2013,8,215,21
2013-08-03 22:30:00,15.6249,-4.311597,2013,8,215,22
2013-08-03 23:00:00,15.22445,-4.255992,2013,8,215,23
2013-08-03 23:29:59,14.72073,-4.516297,2013,8,215,23
2013-08-04 00:00:00,14.42437,-4.254272,2013,8,216,0
2013-08-04 00:30:00,13.75622,-4.153429,2013,8,216,0
2013-08-04 00:59:59,13.69256,-3.861822,2013,8,216,0
2013-08-04 01:30:00,12.99028,-4.044618,2013,8,216,1
2013-08-04 02:00:00,12.59079,-4.153973,2013,8,216,2
2013-08-04 02:29:59,11.88312,-4.131079,2013,8,216,2
2013-08-04 03:00:00,11.68745,-3.792785,2013,8,216,3
2013-08-04 03:30:00,12.072,-3.616624,2013,8,216,3
2013-08-04 03:59:59,11.93587,-3.943911,2013,8,216,3
2013-08-04 04:30:00,11.58623,-3.825747,2013,8,216,4
2013-08-04 05:00:00,10.82448,-4.182858,2013,8,216,5
2013-08-04 05:29:59,10.42269,-3.75756,2013,8,216,5
2013-08-04 06:00:00,10.19361,-3.700611,2013,8,216,6
2013-08-04 06:30:00,10.46975,-3.504241,2013,8,216,6
2013-08-04 06:59:59,10.42943,8.309727,2013,8,216,6
2013-08-04 07:30:00,10.90948,73.59401,2013,8,216,7
2013-08-04 08:00:00,11.94489,172.0614,2013,8,216,8
2013-08-04 08:29:59,13.60817,276.6712,2013,8,216,8
2013-08-04 09:00:00,15.77646,377.363,2013,8,216,9
2013-08-04 09:30:00,17.7683,467.7589,2013,8,216,9
2013-08-04 09:59:59,19.4346,547.3143,2013,8,216,9
2013-08-04 10:30:00,20.55552,612.3129,2013,8,216,10
2013-08-04 11:00:00,21.63141,662.8227,2013,8,216,11
2013-08-04 11:29:59,22.67437,698.2336,2013,8,216,11
2013-08-04 12:00:00,23.31187,717.4211,2013,8,216,12
2013-08-04 12:30:00,23.55231,720.3893,2013,8,216,12
2013-08-04 12:59:59,23.94532,707.6802,2013,8,216,12
2013-08-04 13:30:00,24.31791,677.2274,2013,8,216,13
2013-08-04 14:00:00,24.67338,631.2361,2013,8,216,14
2013-08-04 14:29:59,24.6625,572.4654,2013,8,216,14
2013-08-04 15:00:00,24.77608,496.928,2013,8,216,15
2013-08-04 15:30:00,24.86504,411.736,2013,8,216,15
2013-08-04 15:59:59,24.80595,316.2371,2013,8,216,15
2013-08-04 16:30:00,24.80924,213.5405,2013,8,216,16
2013-08-04 17:00:00,24.84462,113.2561,2013,8,216,17
2013-08-04 17:29:59,24.32081,26.48155,2013,8,216,17
2013-08-04 18:00:00,23.42515,-5.053673,2013,8,216,18
2013-08-04 18:30:00,22.60658,-5.503654,2013,8,216,18
2013-08-04 18:59:59,21.93467,-5.189217,2013,8,216,18
2013-08-04 19:30:00,20.8209,-5.349186,2013,8,216,19
2013-08-04 20:00:00,20.57078,-4.551306,2013,8,216,20
2013-08-04 20:29:59,19.91624,-4.501938,2013,8,216,20
2013-08-04 21:00:00,19.7696,-4.19255,2013,8,216,21
2013-08-04 21:30:00,19.2036,-4.238177,2013,8,216,21
2013-08-04 21:59:59,18.78906,-4.335429,2013,8,216,21
2013-08-04 22:30:00,17.951,-4.371773,2013,8,216,22
2013-08-04 23:00:00,17.66843,-4.269396,2013,8,216,23
2013-08-04 23:29:59,17.46518,-4.411777,2013,8,216,23
2013-08-05 00:00:00,17.04042,-4.427423,2013,8,217,0
2013-08-05 00:30:00,16.70728,-4.231237,2013,8,217,0
2013-08-05 00:59:59,16.1851,-4.414456,2013,8,217,0
2013-08-05 01:30:00,15.59346,-4.071841,2013,8,217,1
2013-08-05 02:00:00,15.14163,-4.300897,2013,8,217,2
2013-08-05 02:29:59,14.41556,-4.118018,2013,8,217,2
2013-08-05 03:00:00,13.54489,-4.012506,2013,8,217,3
2013-08-05 03:30:00,12.72719,-3.888081,2013,8,217,3
2013-08-05 03:59:59,12.09834,-3.609987,2013,8,217,3
2013-08-05 04:30:00,12.18657,-3.496221,2013,8,217,4
2013-08-05 05:00:00,11.97856,-3.552523,2013,8,217,5
2013-08-05 05:29:59,11.74717,-3.752289,2013,8,217,5
2013-08-05 06:00:00,11.32763,-4.022483,2013,8,217,6
2013-08-05 06:30:00,10.60251,-3.891185,2013,8,217,6
2013-08-05 06:59:59,10.47969,8.912229,2013,8,217,6
2013-08-05 07:30:00,10.82008,75.62055,2013,8,217,7
2013-08-05 08:00:00,12.01956,173.1691,2013,8,217,8
2013-08-05 08:29:59,13.41091,275.8925,2013,8,217,8
2013-08-05 09:00:00,14.52014,375.197,2013,8,217,9
2013-08-05 09:30:00,15.68443,465.3717,2013,8,217,9
2013-08-05 09:59:59,16.18919,544.0823,2013,8,217,9
2013-08-05 10:30:00,16.96103,609.8784,2013,8,217,10
2013-08-05 11:00:00,17.61255,660.9548,2013,8,217,11
2013-08-05 11:29:59,18.21159,696.1005,2013,8,217,11
2013-08-05 12:00:00,18.69105,714.7717,2013,8,217,12
2013-08-05 12:30:00,19.26516,690.5181,2013,8,217,12
2013-08-05 12:59:59,19.89784,739.2441,2013,8,217,12
2013-08-05 13:30:00,20.45779,591.8214,2013,8,217,13
2013-08-05 14:00:00,20.46138,444.1439,2013,8,217,14
2013-08-05 14:29:59,20.96158,586.9871,2013,8,217,14
2013-08-05 15:00:00,21.10048,469.4756,2013,8,217,15
2013-08-05 15:30:00,20.64994,265.4009,2013,8,217,15
2013-08-05 15:59:59,20.52915,154.966,2013,8,217,15
2013-08-05 16:30:00,20.73989,174.4486,2013,8,217,16
2013-08-05 17:00:00,20.4597,63.84752,2013,8,217,17
2013-08-05 17:29:59,20.00438,10.54251,2013,8,217,17
2013-08-05 18:00:00,19.50675,-3.296824,2013,8,217,18
2013-08-05 18:30:00,19.25718,-3.653797,2013,8,217,18
2013-08-05 18:59:59,18.90851,-3.396225,2013,8,217,18
2013-08-05 19:30:00,18.55412,-3.144106,2013,8,217,19
2013-08-05 20:00:00,18.22499,-3.242262,2013,8,217,20
2013-08-05 20:29:59,17.89995,-3.896295,2013,8,217,20
2013-08-05 21:00:00,17.71372,-3.099338,2013,8,217,21
2013-08-05 21:30:00,17.6652,-3.742292,2013,8,217,21
2013-08-05 21:59:59,16.7382,-3.776308,2013,8,217,21
2013-08-05 22:30:00,16.22577,-3.889931,2013,8,217,22
2013-08-05 23:00:00,15.70659,-3.75182,2013,8,217,23
2013-08-05 23:29:59,15.13601,-3.792088,2013,8,217,23
2013-08-06 00:00:00,14.70143,-3.838801,2013,8,218,0
2013-08-06 00:30:00,14.25566,-3.854357,2013,8,218,0
2013-08-06 00:59:59,14.16805,-3.770403,2013,8,218,0
2013-08-06 01:30:00,14.08502,-3.581985,2013,8,218,1
2013-08-06 02:00:00,13.96658,-3.737569,2013,8,218,2
2013-08-06 02:29:59,12.98378,-4.377648,2013,8,218,2
2013-08-06 03:00:00,12.28826,-3.717679,2013,8,218,3
2013-08-06 03:30:00,11.83644,-3.362346,2013,8,218,3
2013-08-06 03:59:59,12.10366,-3.102585,2013,8,218,3
2013-08-06 04:30:00,12.02654,-3.434196,2013,8,218,4
2013-08-06 05:00:00,12.14779,-3.360031,2013,8,218,5
2013-08-06 05:29:59,11.44157,-3.168438,2013,8,218,5
2013-08-06 06:00:00,10.59422,-3.342966,2013,8,218,6
2013-08-06 06:30:00,10.11388,-2.964499,2013,8,218,6
2013-08-06 06:59:59,10.03244,9.864326,2013,8,218,6
2013-08-06 07:30:00,10.57422,72.39626,2013,8,218,7
2013-08-06 08:00:00,11.64156,168.9267,2013,8,218,8
2013-08-06 08:29:59,13.05238,270.9235,2013,8,218,8
2013-08-06 09:00:00,13.76991,369.7358,2013,8,218,9
2013-08-06 09:30:00,14.83628,459.48,2013,8,218,9
2013-08-06 09:59:59,15.40136,536.4125,2013,8,218,9
2013-08-06 10:30:00,15.34963,600.9331,2013,8,218,10
2013-08-06 11:00:00,16.49796,650.2798,2013,8,218,11
2013-08-06 11:29:59,17.36715,685.5615,2013,8,218,11
2013-08-06 12:00:00,18.12178,710.1341,2013,8,218,12
2013-08-06 12:30:00,18.90978,700.3782,2013,8,218,12
2013-08-06 12:59:59,19.40107,605.8289,2013,8,218,12
2013-08-06 13:30:00,20.14074,695.0405,2013,8,218,13
2013-08-06 14:00:00,20.47554,596.7756,2013,8,218,14
2013-08-06 14:29:59,21.05469,469.1203,2013,8,218,14
2013-08-06 15:00:00,21.13128,424.1288,2013,8,218,15
2013-08-06 15:30:00,21.63612,479.0011,2013,8,218,15
2013-08-06 15:59:59,21.31051,194.634,2013,8,218,15
2013-08-06 16:30:00,21.39016,187.6957,2013,8,218,16
2013-08-06 17:00:00,21.2941,103.0117,2013,8,218,17
2013-08-06 17:29:59,20.94605,27.03033,2013,8,218,17
2013-08-06 18:00:00,20.26694,-3.797947,2013,8,218,18
2013-08-06 18:30:00,19.67175,-4.196533,2013,8,218,18
2013-08-06 18:59:59,19.21431,-3.995289,2013,8,218,18
2013-08-06 19:30:00,18.59072,-3.64454,2013,8,218,19
2013-08-06 20:00:00,18.15187,-3.405228,2013,8,218,20
2013-08-06 20:29:59,18.10363,-3.033499,2013,8,218,20
2013-08-06 21:00:00,18.34378,-3.141711,2013,8,218,21
2013-08-06 21:30:00,18.25698,-3.129029,2013,8,218,21
2013-08-06 21:59:59,18.10361,-3.157375,2013,8,218,21
2013-08-06 22:30:00,18.09119,-3.366174,2013,8,218,22
2013-08-06 23:00:00,17.56402,-3.254372,2013,8,218,23
2013-08-06 23:29:59,16.82278,-3.682751,2013,8,218,23
2013-08-07 00:00:00,17.10726,-3.107989,2013,8,219,0
2013-08-07 00:30:00,16.77095,-3.238203,2013,8,219,0
2013-08-07 00:59:59,16.82646,-2.825448,2013,8,219,0
2013-08-07 01:30:00,16.62609,-3.058945,2013,8,219,1
2013-08-07 02:00:00,15.89505,-2.817089,2013,8,219,2
2013-08-07 02:29:59,15.4969,-3.04089,2013,8,219,2
2013-08-07 03:00:00,15.4466,-3.186266,2013,8,219,3
2013-08-07 03:30:00,14.30521,-3.195559,2013,8,219,3
2013-08-07 03:59:59,14.10819,-3.019845,2013,8,219,3
2013-08-07 04:30:00,13.9467,-3.033513,2013,8,219,4
2013-08-07 05:00:00,14.16355,-3.02444,2013,8,219,5
2013-08-07 05:29:59,13.86939,-3.296763,2013,8,219,5
2013-08-07 06:00:00,13.64485,-3.123657,2013,8,219,6
2013-08-07 06:30:00,13.54003,-2.88055,2013,8,219,6
2013-08-07 06:59:59,13.37853,10.67139,2013,8,219,6
2013-08-07 07:30:00,13.56206,76.33279,2013,8,219,7
2013-08-07 08:00:00,14.78952,172.7761,2013,8,219,8
2013-08-07 08:29:59,16.29092,274.5311,2013,8,219,8
2013-08-07 09:00:00,17.89489,373.6932,2013,8,219,9
2013-08-07 09:30:00,19.28757,464.3875,2013,8,219,9
2013-08-07 09:59:59,20.1664,544.0746,2013,8,219,9
2013-08-07 10:30:00,20.90438,609.8448,2013,8,219,10
2013-08-07 11:00:00,21.74257,662.0865,2013,8,219,11
2013-08-07 11:29:59,22.39897,697.2832,2013,8,219,11
2013-08-07 12:00:00,22.58506,713.4102,2013,8,219,12
2013-08-07 12:30:00,23.22865,715.5765,2013,8,219,12
2013-08-07 12:59:59,23.97183,714.5387,2013,8,219,12
2013-08-07 13:30:00,24.29859,602.3924,2013,8,219,13
2013-08-07 14:00:00,24.70905,575.4019,2013,8,219,14
2013-08-07 14:29:59,24.7284,477.9305,2013,8,219,14
2013-08-07 15:00:00,24.86186,401.545,2013,8,219,15
2013-08-07 15:30:00,25.15849,400.9191,2013,8,219,15
2013-08-07 15:59:59,25.30507,341.1278,2013,8,219,15
2013-08-07 16:30:00,25.21362,206.7183,2013,8,219,16
2013-08-07 17:00:00,25.0165,120.9547,2013,8,219,17
2013-08-07 17:29:59,24.68114,28.91644,2013,8,219,17
2013-08-07 18:00:00,24.01405,-4.320383,2013,8,219,18
2013-08-07 18:30:00,23.36644,-4.91291,2013,8,219,18
2013-08-07 18:59:59,22.97287,-4.446917,2013,8,219,18
2013-08-07 19:30:00,22.29058,-4.396342,2013,8,219,19
2013-08-07 20:00:00,21.76919,-3.823122,2013,8,219,20
2013-08-07 20:29:59,21.18299,-3.675584,2013,8,219,20
2013-08-07 21:00:00,20.98444,-3.884947,2013,8,219,21
2013-08-07 21:30:00,20.48341,-3.902896,2013,8,219,21
2013-08-07 21:59:59,20.22351,-3.763571,2013,8,219,21
2013-08-07 22:30:00,19.7547,-3.921796,2013,8,219,22
2013-08-07 23:00:00,19.42092,-3.744563,2013,8,219,23
2013-08-07 23:29:59,19.04959,-2.617329,2013,8,219,23
2013-08-08 00:00:00,19.01631,-2.663137,2013,8,220,0
2013-08-08 00:30:00,18.78507,-2.856179,2013,8,220,0
2013-08-08 00:59:59,18.75426,-3.270315,2013,8,220,0
2013-08-08 01:30:00,18.96068,-3.032409,2013,8,220,1
2013-08-08 02:00:00,18.59463,-2.961673,2013,8,220,2
2013-08-08 02:29:59,18.26495,-2.960998,2013,8,220,2
2013-08-08 03:00:00,18.1597,-1.6196,2013,8,220,3
2013-08-08 03:30:00,17.76294,-1.769947,2013,8,220,3
2013-08-08 03:59:59,17.24024,-1.957358,2013,8,220,3
2013-08-08 04:30:00,16.58566,-3.142078,2013,8,220,4
2013-08-08 05:00:00,16.32723,-2.625284,2013,8,220,5
2013-08-08 05:29:59,16.64108,-1.956203,2013,8,220,5
2013-08-08 06:00:00,16.90776,-2.954228,2013,8,220,6
2013-08-08 06:30:00,16.5819,-3.734973,2013,8,220,6
2013-08-08 06:59:59,16.15823,9.934658,2013,8,220,6
2013-08-08 07:30:00,15.71945,93.79773,2013,8,220,7
2013-08-08 08:00:00,16.98759,130.3504,2013,8,220,8
2013-08-08 08:29:59,18.16606,240.6481,2013,8,220,8
2013-08-08 09:00:00,18.47397,306.9923,2013,8,220,9
2013-08-08 09:30:00,18.7905,405.2281,2013,8,220,9
2013-08-08 09:59:59,19.37726,270.5933,2013,8,220,9
2013-08-08 10:30:00,19.97933,586.892,2013,8,220,10
2013-08-08 11:00:00,21.60625,664.0043,2013,8,220,11
2013-08-08 11:29:59,22.57369,511.3401,2013,8,220,11
2013-08-08 12:00:00,23.20096,473.589,2013,8,220,12
2013-08-08 12:30:00,23.46582,529.7139,2013,8,220,12
2013-08-08 12:59:59,24.08769,609.8704,2013,8,220,12
2013-08-08 13:30:00,25.06846,649.8353,2013,8,220,13
2013-08-08 14:00:00,25.10069,545.6536,2013,8,220,14
2013-08-08 14:29:59,25.47083,565.7674,2013,8,220,14
2013-08-08 15:00:00,26.13941,473.8923,2013,8,220,15
2013-08-08 15:30:00,26.36858,375.7992,2013,8,220,15
2013-08-08 15:59:59,26.46219,226.9588,2013,8,220,15
2013-08-08 16:30:00,20.35076,73.35161,2013,8,220,16
2013-08-08 17:00:00,18.07807,29.14116,2013,8,220,17
2013-08-08 17:29:59,15.95193,7.364651,2013,8,220,17
2013-08-08 18:00:00,15.14895,-2.474723,2013,8,220,18
2013-08-08 18:30:00,14.67046,-3.064009,2013,8,220,18
2013-08-08 18:59:59,14.37827,-3.317604,2013,8,220,18
2013-08-08 19:30:00,13.72448,-1.830161,2013,8,220,19
2013-08-08 20:00:00,13.49673,-1.257629,2013,8,220,20
2013-08-08 20:29:59,13.34635,-0.986151,2013,8,220,20
2013-08-08 21:00:00,13.34388,-0.8364484,2013,8,220,21
2013-08-08 21:30:00,13.47961,-0.8171239,2013,8,220,21
2013-08-08 21:59:59,13.64103,-0.8930751,2013,8,220,21
2013-08-08 22:30:00,13.70044,-0.7783064,2013,8,220,22
2013-08-08 23:00:00,13.8041,-0.2657482,2013,8,220,23
2013-08-08 23:29:59,13.69251,-0.8029354,2013,8,220,23
2013-08-09 00:00:00,13.56172,-1.100071,2013,8,221,0
2013-08-09 00:30:00,13.33135,-1.222762,2013,8,221,0
2013-08-09 00:59:59,12.9535,-1.697234,2013,8,221,0
2013-08-09 01:30:00,12.76854,-1.639323,2013,8,221,1
2013-08-09 02:00:00,12.6241,-1.084509,2013,8,221,2
2013-08-09 02:29:59,12.51974,-0.8246584,2013,8,221,2
2013-08-09 03:00:00,12.38877,-2.597329,2013,8,221,3
2013-08-09 03:30:00,12.01858,-3.214078,2013,8,221,3
2013-08-09 03:59:59,11.63142,-3.537914,2013,8,221,3
2013-08-09 04:30:00,11.31351,-3.541128,2013,8,221,4
2013-08-09 05:00:00,10.95387,-3.433877,2013,8,221,5
2013-08-09 05:29:59,10.50948,-3.458604,2013,8,221,5
2013-08-09 06:00:00,10.05221,-2.231036,2013,8,221,6
2013-08-09 06:30:00,9.735875,-0.3741167,2013,8,221,6
2013-08-09 06:59:59,9.75493,6.865211,2013,8,221,6
2013-08-09 07:30:00,9.877096,46.23622,2013,8,221,7
2013-08-09 08:00:00,9.98643,95.04395,2013,8,221,8
2013-08-09 08:29:59,10.42439,149.4936,2013,8,221,8
2013-08-09 09:00:00,11.16763,253.8533,2013,8,221,9
2013-08-09 09:30:00,11.62621,336.097,2013,8,221,9
2013-08-09 09:59:59,12.19843,416.8633,2013,8,221,9
2013-08-09 10:30:00,12.83423,597.6863,2013,8,221,10
2013-08-09 11:00:00,13.04886,340.8444,2013,8,221,11
2013-08-09 11:29:59,13.65651,771.2078,2013,8,221,11
2013-08-09 12:00:00,14.11483,519.7856,2013,8,221,12
2013-08-09 12:30:00,14.49182,755.0092,2013,8,221,12
2013-08-09 12:59:59,15.08434,728.8259,2013,8,221,12
2013-08-09 13:30:00,15.64014,700.2104,2013,8,221,13
2013-08-09 14:00:00,16.13835,652.4537,2013,8,221,14
2013-08-09 14:29:59,16.59026,590.25,2013,8,221,14
2013-08-09 15:00:00,17.01929,512.5583,2013,8,221,15
2013-08-09 15:30:00,17.33874,426.8818,2013,8,221,15
2013-08-09 15:59:59,17.38624,329.1795,2013,8,221,15
2013-08-09 16:30:00,17.49527,225.0532,2013,8,221,16
2013-08-09 17:00:00,17.668,121.406,2013,8,221,17
2013-08-09 17:29:59,17.0928,31.18575,2013,8,221,17
2013-08-09 18:00:00,16.64673,-3.333003,2013,8,221,18
2013-08-09 18:30:00,16.34935,-3.603389,2013,8,221,18
2013-08-09 18:59:59,16.17627,-3.675574,2013,8,221,18
2013-08-09 19:30:00,15.59126,-2.990469,2013,8,221,19
2013-08-09 20:00:00,15.66384,-3.262259,2013,8,221,20
2013-08-09 20:29:59,15.34276,-3.025578,2013,8,221,20
2013-08-09 21:00:00,14.53196,-3.660957,2013,8,221,21
2013-08-09 21:30:00,13.36074,-4.601589,2013,8,221,21
2013-08-09 21:59:59,12.25328,-4.674772,2013,8,221,21
2013-08-09 22:30:00,11.37158,-3.919538,2013,8,221,22
2013-08-09 23:00:00,11.19785,-3.711761,2013,8,221,23
2013-08-09 23:29:59,10.9368,-3.656964,2013,8,221,23
2013-08-10 00:00:00,10.49256,-3.82956,2013,8,222,0
2013-08-10 00:30:00,9.999395,-3.77514,2013,8,222,0
2013-08-10 00:59:59,9.676688,-3.18217,2013,8,222,0
2013-08-10 01:30:00,9.527302,-2.583308,2013,8,222,1
2013-08-10 02:00:00,9.643139,-1.781231,2013,8,222,2
2013-08-10 02:29:59,10.01057,-2.357259,2013,8,222,2
2013-08-10 03:00:00,9.781092,-2.980055,2013,8,222,3
2013-08-10 03:30:00,9.916666,-2.808242,2013,8,222,3
2013-08-10 03:59:59,9.554391,-2.614255,2013,8,222,3
2013-08-10 04:30:00,9.667032,-2.125846,2013,8,222,4
2013-08-10 05:00:00,9.094843,-2.930017,2013,8,222,5
2013-08-10 05:29:59,8.813709,-1.471849,2013,8,222,5
2013-08-10 06:00:00,8.718395,-2.223532,2013,8,222,6
2013-08-10 06:30:00,8.497086,-0.6250119,2013,8,222,6
2013-08-10 06:59:59,8.332664,7.736077,2013,8,222,6
2013-08-10 07:30:00,9.075687,90.41201,2013,8,222,7
2013-08-10 08:00:00,9.406588,119.8863,2013,8,222,8
2013-08-10 08:29:59,10.81999,274.2402,2013,8,222,8
2013-08-10 09:00:00,12.29154,383.1091,2013,8,222,9
2013-08-10 09:30:00,13.51328,440.7206,2013,8,222,9
2013-08-10 09:59:59,15.30915,541.6906,2013,8,222,9
2013-08-10 10:30:00,15.9487,621.0361,2013,8,222,10
2013-08-10 11:00:00,16.75021,617.9774,2013,8,222,11
2013-08-10 11:29:59,17.62266,710.1821,2013,8,222,11
2013-08-10 12:00:00,18.22811,727.7637,2013,8,222,12
2013-08-10 12:30:00,18.96305,688.9229,2013,8,222,12
2013-08-10 12:59:59,19.52566,788.7818,2013,8,222,12
2013-08-10 13:30:00,19.96754,752.5793,2013,8,222,13
2013-08-10 14:00:00,19.83919,620.2687,2013,8,222,14
2013-08-10 14:29:59,19.9261,452.1609,2013,8,222,14
2013-08-10 15:00:00,20.27415,457.6935,2013,8,222,15
2013-08-10 15:30:00,19.99433,287.6157,2013,8,222,15
2013-08-10 15:59:59,20.28546,301.3236,2013,8,222,15
2013-08-10 16:30:00,20.12548,180.6485,2013,8,222,16
2013-08-10 17:00:00,20.20686,124.1235,2013,8,222,17
2013-08-10 17:29:59,19.84507,32.12235,2013,8,222,17
2013-08-10 18:00:00,18.91851,-3.878621,2013,8,222,18
2013-08-10 18:30:00,18.33296,-4.87178,2013,8,222,18
2013-08-10 18:59:59,17.20523,-4.956821,2013,8,222,18
2013-08-10 19:30:00,16.45562,-4.421021,2013,8,222,19
2013-08-10 20:00:00,16.01192,-4.450681,2013,8,222,20
2013-08-10 20:29:59,15.27607,-4.523155,2013,8,222,20
2013-08-10 21:00:00,14.57442,-4.286401,2013,8,222,21
2013-08-10 21:30:00,13.83469,-4.295945,2013,8,222,21
2013-08-10 21:59:59,13.13167,-4.193899,2013,8,222,21
2013-08-10 22:30:00,12.45084,-4.180947,2013,8,222,22
2013-08-10 23:00:00,11.88937,-4.060818,2013,8,222,23
2013-08-10 23:29:59,11.47998,-3.881027,2013,8,222,23
2013-08-11 00:00:00,11.30694,-3.282623,2013,8,223,0
2013-08-11 00:30:00,11.06604,-3.244404,2013,8,223,0
2013-08-11 00:59:59,10.73596,-3.416117,2013,8,223,0
2013-08-11 01:30:00,10.80391,-2.72142,2013,8,223,1
2013-08-11 02:00:00,10.54097,-3.267637,2013,8,223,2
2013-08-11 02:29:59,10.33836,-3.116556,2013,8,223,2
2013-08-11 03:00:00,9.647358,-3.687328,2013,8,223,3
2013-08-11 03:30:00,9.451356,-3.159988,2013,8,223,3
2013-08-11 03:59:59,9.613256,-3.342731,2013,8,223,3
2013-08-11 04:30:00,9.224508,-3.313969,2013,8,223,4
2013-08-11 05:00:00,9.032993,-3.268625,2013,8,223,5
2013-08-11 05:29:59,9.19889,-2.716338,2013,8,223,5
2013-08-11 06:00:00,9.478863,-2.840587,2013,8,223,6
2013-08-11 06:30:00,9.520948,-3.075851,2013,8,223,6
2013-08-11 06:59:59,9.312643,11.12776,2013,8,223,6
2013-08-11 07:30:00,9.705172,75.55235,2013,8,223,7
2013-08-11 08:00:00,9.923986,112.3635,2013,8,223,8
2013-08-11 08:29:59,10.00491,211.9551,2013,8,223,8
2013-08-11 09:00:00,10.5417,256.9442,2013,8,223,9
2013-08-11 09:30:00,11.65343,435.2917,2013,8,223,9
2013-08-11 09:59:59,12.57185,472.8768,2013,8,223,9
2013-08-11 10:30:00,13.69677,649.2657,2013,8,223,10
2013-08-11 11:00:00,14.65332,456.8928,2013,8,223,11
2013-08-11 11:29:59,15.39121,569.978,2013,8,223,11
2013-08-11 12:00:00,16.1057,623.9418,2013,8,223,12
2013-08-11 12:30:00,16.49105,595.237,2013,8,223,12
2013-08-11 12:59:59,16.57817,374.9305,2013,8,223,12
2013-08-11 13:30:00,17.31088,557.8108,2013,8,223,13
2013-08-11 14:00:00,17.17337,324.4185,2013,8,223,14
2013-08-11 14:29:59,17.77874,508.8637,2013,8,223,14
2013-08-11 15:00:00,17.40819,361.073,2013,8,223,15
2013-08-11 15:30:00,17.62558,368.8469,2013,8,223,15
2013-08-11 15:59:59,17.52601,237.7425,2013,8,223,15
2013-08-11 16:30:00,17.15992,91.94535,2013,8,223,16
2013-08-11 17:00:00,16.76637,53.99205,2013,8,223,17
2013-08-11 17:29:59,16.40204,24.93239,2013,8,223,17
2013-08-11 18:00:00,15.85739,-3.161188,2013,8,223,18
2013-08-11 18:30:00,15.0667,-4.64469,2013,8,223,18
2013-08-11 18:59:59,14.39528,-4.61161,2013,8,223,18
2013-08-11 19:30:00,13.6382,-4.491445,2013,8,223,19
2013-08-11 20:00:00,13.06304,-4.395163,2013,8,223,20
2013-08-11 20:29:59,12.51968,-4.306232,2013,8,223,20
2013-08-11 21:00:00,12.3508,-3.829204,2013,8,223,21
2013-08-11 21:30:00,12.46555,-3.98582,2013,8,223,21
2013-08-11 21:59:59,11.73047,-4.376737,2013,8,223,21
2013-08-11 22:30:00,11.38405,-3.762446,2013,8,223,22
2013-08-11 23:00:00,11.59147,-3.773209,2013,8,223,23
2013-08-11 23:29:59,11.18702,-3.70644,2013,8,223,23
2013-08-12 00:00:00,11.05193,-3.642776,2013,8,224,0
2013-08-12 00:30:00,10.84012,-3.553412,2013,8,224,0
2013-08-12 00:59:59,10.57196,-3.937684,2013,8,224,0
2013-08-12 01:30:00,10.15857,-3.722393,2013,8,224,1
2013-08-12 02:00:00,10.04775,-3.526888,2013,8,224,2
2013-08-12 02:29:59,9.847589,-3.83525,2013,8,224,2
2013-08-12 03:00:00,8.759324,-4.162248,2013,8,224,3
2013-08-12 03:30:00,7.957433,-4.30188,2013,8,224,3
2013-08-12 03:59:59,7.369174,-4.257785,2013,8,224,3
2013-08-12 04:30:00,6.840262,-4.092948,2013,8,224,4
2013-08-12 05:00:00,6.533184,-3.906922,2013,8,224,5
2013-08-12 05:29:59,6.585664,-3.639947,2013,8,224,5
2013-08-12 06:00:00,6.628082,-3.770009,2013,8,224,6
2013-08-12 06:30:00,6.68109,-3.136575,2013,8,224,6
2013-08-12 06:59:59,6.846579,17.36446,2013,8,224,6
2013-08-12 07:30:00,7.291781,93.71355,2013,8,224,7
2013-08-12 08:00:00,8.006189,196.1249,2013,8,224,8
2013-08-12 08:29:59,10.05116,302.2178,2013,8,224,8
2013-08-12 09:00:00,11.74123,404.9391,2013,8,224,9
2013-08-12 09:30:00,12.344,496.8515,2013,8,224,9
2013-08-12 09:59:59,12.70963,578.1342,2013,8,224,9
2013-08-12 10:30:00,13.21995,644.7697,2013,8,224,10
2013-08-12 11:00:00,13.63489,696.0895,2013,8,224,11
2013-08-12 11:29:59,14.11165,731.85,2013,8,224,11
2013-08-12 12:00:00,14.56548,750.0201,2013,8,224,12
2013-08-12 12:30:00,15.05305,752.6682,2013,8,224,12
2013-08-12 12:59:59,15.63037,738.0211,2013,8,224,12
2013-08-12 13:30:00,16.12066,706.5078,2013,8,224,13
2013-08-12 14:00:00,16.66191,660.6099,2013,8,224,14
2013-08-12 14:29:59,16.93961,599.9199,2013,8,224,14
2013-08-12 15:00:00,17.29283,523.6673,2013,8,224,15
2013-08-12 15:30:00,17.58432,436.2516,2013,8,224,15
2013-08-12 15:59:59,17.88106,337.5372,2013,8,224,15
2013-08-12 16:30:00,17.7325,232.7446,2013,8,224,16
2013-08-12 17:00:00,17.83134,127.4788,2013,8,224,17
2013-08-12 17:29:59,17.32736,35.34142,2013,8,224,17
2013-08-12 18:00:00,16.58081,-3.893068,2013,8,224,18
2013-08-12 18:30:00,15.98661,-4.887612,2013,8,224,18
2013-08-12 18:59:59,14.80439,-5.240398,2013,8,224,18
2013-08-12 19:30:00,13.94133,-4.801375,2013,8,224,19
2013-08-12 20:00:00,13.07611,-4.779115,2013,8,224,20
2013-08-12 20:29:59,12.59861,-3.996293,2013,8,224,20
2013-08-12 21:00:00,12.27854,-3.603621,2013,8,224,21
2013-08-12 21:30:00,11.79727,-4.14335,2013,8,224,21
2013-08-12 21:59:59,11.52882,-3.814065,2013,8,224,21
2013-08-12 22:30:00,11.25273,-3.393468,2013,8,224,22
2013-08-12 23:00:00,11.17674,-3.15256,2013,8,224,23
2013-08-12 23:29:59,11.27135,-3.418262,2013,8,224,23
2013-08-13 00:00:00,11.17031,-3.335093,2013,8,225,0
2013-08-13 00:30:00,10.89006,-3.595716,2013,8,225,0
2013-08-13 00:59:59,10.53696,-3.769383,2013,8,225,0
2013-08-13 01:30:00,9.965321,-3.831342,2013,8,225,1
2013-08-13 02:00:00,9.593016,-3.344697,2013,8,225,2
2013-08-13 02:29:59,9.669777,-3.582455,2013,8,225,2
2013-08-13 03:00:00,9.458196,-3.482977,2013,8,225,3
2013-08-13 03:30:00,9.205557,-3.060055,2013,8,225,3
2013-08-13 03:59:59,9.3104,-3.247639,2013,8,225,3
2013-08-13 04:30:00,9.099751,-3.678999,2013,8,225,4
2013-08-13 05:00:00,8.619906,-3.708297,2013,8,225,5
2013-08-13 05:29:59,8.462517,-3.690034,2013,8,225,5
2013-08-13 06:00:00,8.381557,-3.588601,2013,8,225,6
2013-08-13 06:30:00,8.116025,-3.579202,2013,8,225,6
2013-08-13 06:59:59,7.787212,16.48214,2013,8,225,6
2013-08-13 07:30:00,7.784573,96.92339,2013,8,225,7
2013-08-13 08:00:00,9.217737,201.6509,2013,8,225,8
2013-08-13 08:29:59,11.24005,310.1403,2013,8,225,8
2013-08-13 09:00:00,12.43732,414.4025,2013,8,225,9
2013-08-13 09:30:00,13.20029,508.0645,2013,8,225,9
2013-08-13 09:59:59,13.60158,587.8451,2013,8,225,9
2013-08-13 10:30:00,14.12452,653.6372,2013,8,225,10
2013-08-13 11:00:00,14.78457,705.7831,2013,8,225,11
2013-08-13 11:29:59,15.19461,744.7987,2013,8,225,11
2013-08-13 12:00:00,15.8321,751.5219,2013,8,225,12
2013-08-13 12:30:00,16.4255,772.2538,2013,8,225,12
2013-08-13 12:59:59,16.6491,704.1798,2013,8,225,12
2013-08-13 13:30:00,16.90908,655.271,2013,8,225,13
2013-08-13 14:00:00,17.66714,669.1839,2013,8,225,14
2013-08-13 14:29:59,17.85509,542.8683,2013,8,225,14
2013-08-13 15:00:00,18.4181,520.1191,2013,8,225,15
2013-08-13 15:30:00,18.70922,448.2552,2013,8,225,15
2013-08-13 15:59:59,18.83613,314.4378,2013,8,225,15
2013-08-13 16:30:00,18.75086,242.9892,2013,8,225,16
2013-08-13 17:00:00,18.53547,127.9831,2013,8,225,17
2013-08-13 17:29:59,18.22341,36.65979,2013,8,225,17
2013-08-13 18:00:00,17.64343,-3.484333,2013,8,225,18
2013-08-13 18:30:00,16.98134,-4.910237,2013,8,225,18
2013-08-13 18:59:59,16.26361,-4.765604,2013,8,225,18
2013-08-13 19:30:00,15.79705,-4.254563,2013,8,225,19
2013-08-13 20:00:00,15.28354,-3.28042,2013,8,225,20
2013-08-13 20:29:59,15.0101,-1.192054,2013,8,225,20
2013-08-13 21:00:00,14.89113,-2.51113,2013,8,225,21
2013-08-13 21:30:00,14.53311,-3.247293,2013,8,225,21
2013-08-13 21:59:59,14.03683,-3.140755,2013,8,225,21
2013-08-13 22:30:00,14.05843,-1.650468,2013,8,225,22
2013-08-13 23:00:00,13.90307,-3.363799,2013,8,225,23
2013-08-13 23:29:59,13.22633,-4.078568,2013,8,225,23
2013-08-14 00:00:00,12.43227,-4.299207,2013,8,226,0
2013-08-14 00:30:00,11.74933,-4.116719,2013,8,226,0
2013-08-14 00:59:59,11.27059,-4.033758,2013,8,226,0
2013-08-14 01:30:00,10.94964,-3.689304,2013,8,226,1
2013-08-14 02:00:00,11.04873,-3.450659,2013,8,226,2
2013-08-14 02:29:59,10.93598,-3.739381,2013,8,226,2
2013-08-14 03:00:00,10.08921,-4.114453,2013,8,226,3
2013-08-14 03:30:00,9.559821,-3.675593,2013,8,226,3
2013-08-14 03:59:59,9.213684,-3.528455,2013,8,226,3
2013-08-14 04:30:00,8.827816,-2.808031,2013,8,226,4
2013-08-14 05:00:00,8.883819,-0.9553292,2013,8,226,5
2013-08-14 05:29:59,8.950178,-2.967394,2013,8,226,5
2013-08-14 06:00:00,8.785708,-1.819618,2013,8,226,6
2013-08-14 06:30:00,8.674999,-0.4299431,2013,8,226,6
2013-08-14 06:59:59,8.620881,12.44333,2013,8,226,6
2013-08-14 07:30:00,8.773213,86.37986,2013,8,226,7
2013-08-14 08:00:00,9.298093,189.6818,2013,8,226,8
2013-08-14 08:29:59,9.908819,310.9349,2013,8,226,8
2013-08-14 09:00:00,10.66422,412.7331,2013,8,226,9
2013-08-14 09:30:00,11.46783,506.2322,2013,8,226,9
2013-08-14 09:59:59,12.369,587.9142,2013,8,226,9
2013-08-14 10:30:00,13.45333,656.222,2013,8,226,10
2013-08-14 11:00:00,14.14704,707.2089,2013,8,226,11
2013-08-14 11:29:59,14.90888,750.0728,2013,8,226,11
2013-08-14 12:00:00,15.59457,700.4948,2013,8,226,12
2013-08-14 12:30:00,16.50402,747.7563,2013,8,226,12
2013-08-14 12:59:59,16.98307,750.5545,2013,8,226,12
2013-08-14 13:30:00,17.57672,714.3968,2013,8,226,13
2013-08-14 14:00:00,18.22428,670.3856,2013,8,226,14
2013-08-14 14:29:59,18.39259,609.7101,2013,8,226,14
2013-08-14 15:00:00,18.86209,532.5321,2013,8,226,15
2013-08-14 15:30:00,19.34743,446.64,2013,8,226,15
2013-08-14 15:59:59,19.58833,346.1986,2013,8,226,15
2013-08-14 16:30:00,19.58745,241.4997,2013,8,226,16
2013-08-14 17:00:00,19.77439,135.9625,2013,8,226,17
2013-08-14 17:29:59,19.34961,37.99654,2013,8,226,17
2013-08-14 18:00:00,18.70344,-3.863326,2013,8,226,18
2013-08-14 18:30:00,18.25761,-5.267695,2013,8,226,18
2013-08-14 18:59:59,18.4603,-4.846769,2013,8,226,18
2013-08-14 19:30:00,17.63649,-5.409094,2013,8,226,19
2013-08-14 20:00:00,17.76853,-5.129277,2013,8,226,20
2013-08-14 20:29:59,16.81551,-5.210566,2013,8,226,20
2013-08-14 21:00:00,15.88188,-4.187984,2013,8,226,21
2013-08-14 21:30:00,15.85432,-4.290311,2013,8,226,21
2013-08-14 21:59:59,14.91041,-4.487528,2013,8,226,21
2013-08-14 22:30:00,15.16282,-3.526815,2013,8,226,22
2013-08-14 23:00:00,15.06177,-3.747342,2013,8,226,23
2013-08-14 23:29:59,15.67037,-3.938262,2013,8,226,23
2013-08-15 00:00:00,14.81496,-3.91703,2013,8,227,0
2013-08-15 00:30:00,14.51692,-3.882299,2013,8,227,0
2013-08-15 00:59:59,13.49381,-4.411003,2013,8,227,0
2013-08-15 01:30:00,12.6694,-3.902944,2013,8,227,1
2013-08-15 02:00:00,12.06345,-4.215102,2013,8,227,2
2013-08-15 02:29:59,11.7451,-3.602652,2013,8,227,2
2013-08-15 03:00:00,11.47079,-3.781667,2013,8,227,3
2013-08-15 03:30:00,11.11542,-3.771293,2013,8,227,3
2013-08-15 03:59:59,10.94813,-3.788947,2013,8,227,3
2013-08-15 04:30:00,10.36653,-3.94761,2013,8,227,4
2013-08-15 05:00:00,10.05091,-3.234714,2013,8,227,5
2013-08-15 05:29:59,9.164193,-3.756963,2013,8,227,5
2013-08-15 06:00:00,9.296217,-2.004815,2013,8,227,6
2013-08-15 06:30:00,9.619036,-0.4774682,2013,8,227,6
2013-08-15 06:59:59,10.72971,23.48689,2013,8,227,6
2013-08-15 07:30:00,11.03124,103.1959,2013,8,227,7
2013-08-15 08:00:00,10.9458,206.8837,2013,8,227,8
2013-08-15 08:29:59,12.30223,312.7895,2013,8,227,8
2013-08-15 09:00:00,13.91821,414.6755,2013,8,227,9
2013-08-15 09:30:00,14.43567,508.4927,2013,8,227,9
2013-08-15 09:59:59,15.18543,589.1773,2013,8,227,9
2013-08-15 10:30:00,15.97472,654.7179,2013,8,227,10
2013-08-15 11:00:00,16.56459,706.9431,2013,8,227,11
2013-08-15 11:29:59,17.46236,743.3693,2013,8,227,11
2013-08-15 12:00:00,17.95342,762.31,2013,8,227,12
2013-08-15 12:30:00,18.39259,768.1442,2013,8,227,12
2013-08-15 12:59:59,18.89033,757.9142,2013,8,227,12
2013-08-15 13:30:00,18.97119,719.9282,2013,8,227,13
2013-08-15 14:00:00,19.38549,681.5607,2013,8,227,14
2013-08-15 14:29:59,19.86285,619.1927,2013,8,227,14
2013-08-15 15:00:00,20.22069,541.2128,2013,8,227,15
2013-08-15 15:30:00,19.95647,451.877,2013,8,227,15
2013-08-15 15:59:59,19.87551,354.2938,2013,8,227,15
2013-08-15 16:30:00,19.70661,237.6912,2013,8,227,16
2013-08-15 17:00:00,19.4536,133.5814,2013,8,227,17
2013-08-15 17:29:59,18.90194,18.6721,2013,8,227,17
2013-08-15 18:00:00,18.45422,-2.668222,2013,8,227,18
2013-08-15 18:30:00,18.16374,-3.335554,2013,8,227,18
2013-08-15 18:59:59,18.05573,-3.888013,2013,8,227,18
2013-08-15 19:30:00,17.56009,-3.762899,2013,8,227,19
2013-08-15 20:00:00,16.52136,-7.645953,2013,8,227,20
2013-08-15 20:29:59,14.71923,-3.468026,2013,8,227,20
2013-08-15 21:00:00,12.09278,-2.169528,2013,8,227,21
2013-08-15 21:30:00,11.55662,-0.9708102,2013,8,227,21
2013-08-15 21:59:59,11.47156,-1.08436,2013,8,227,21
2013-08-15 22:30:00,9.571305,-0.3660977,2013,8,227,22
2013-08-15 23:00:00,9.59919,-1.12137,2013,8,227,23
2013-08-15 23:29:59,9.455213,-2.251235,2013,8,227,23
2013-08-16 00:00:00,9.421356,-1.455269,2013,8,228,0
2013-08-16 00:30:00,9.261092,-2.132605,2013,8,228,0
2013-08-16 00:59:59,8.658669,-3.886619,2013,8,228,0
2013-08-16 01:30:00,8.130881,-4.173123,2013,8,228,1
2013-08-16 02:00:00,7.752285,-3.27755,2013,8,228,2
2013-08-16 02:29:59,7.390809,-4.142499,2013,8,228,2
2013-08-16 03:00:00,6.950154,-4.187908,2013,8,228,3
2013-08-16 03:30:00,6.587985,-4.379329,2013,8,228,3
2013-08-16 03:59:59,6.219124,-4.362157,2013,8,228,3
2013-08-16 04:30:00,5.890939,-4.633538,2013,8,228,4
2013-08-16 05:00:00,5.550138,-4.660214,2013,8,228,5
2013-08-16 05:29:59,5.185496,-4.548141,2013,8,228,5
2013-08-16 06:00:00,4.812362,-4.622137,2013,8,228,6
2013-08-16 06:30:00,4.547327,-3.564825,2013,8,228,6
2013-08-16 06:59:59,4.256682,23.13554,2013,8,228,6
2013-08-16 07:30:00,4.36104,108.1064,2013,8,228,7
2013-08-16 08:00:00,5.14013,215.7717,2013,8,228,8
2013-08-16 08:29:59,6.342326,323.2599,2013,8,228,8
2013-08-16 09:00:00,7.360773,428.6563,2013,8,228,9
2013-08-16 09:30:00,8.03301,523.5555,2013,8,228,9
2013-08-16 09:59:59,8.650342,603.8378,2013,8,228,9
2013-08-16 10:30:00,9.301062,694.6582,2013,8,228,10
2013-08-16 11:00:00,10.19225,638.5752,2013,8,228,11
2013-08-16 11:29:59,10.92785,639.9553,2013,8,228,11
2013-08-16 12:00:00,11.29972,777.7865,2013,8,228,12
2013-08-16 12:30:00,11.73692,638.3215,2013,8,228,12
2013-08-16 12:59:59,11.86274,389.705,2013,8,228,12
2013-08-16 13:30:00,12.36553,610.8623,2013,8,228,13
2013-08-16 14:00:00,12.74363,487.8365,2013,8,228,14
2013-08-16 14:29:59,12.55665,313.5043,2013,8,228,14
2013-08-16 15:00:00,12.98288,433.6698,2013,8,228,15
2013-08-16 15:30:00,13.11798,411.0168,2013,8,228,15
2013-08-16 15:59:59,13.30098,352.19,2013,8,228,15
2013-08-16 16:30:00,13.44411,301.658,2013,8,228,16
2013-08-16 17:00:00,13.30518,115.5155,2013,8,228,17
2013-08-16 17:29:59,12.83588,20.23367,2013,8,228,17
2013-08-16 18:00:00,12.61889,-0.6932645,2013,8,228,18
2013-08-16 18:30:00,12.47854,-4.415627,2013,8,228,18
2013-08-16 18:59:59,11.96864,-4.494803,2013,8,228,18
2013-08-16 19:30:00,11.48231,-4.038828,2013,8,228,19
2013-08-16 20:00:00,11.08435,-1.259864,2013,8,228,20
2013-08-16 20:29:59,11.01996,-1.220985,2013,8,228,20
2013-08-16 21:00:00,11.10656,-1.379965,2013,8,228,21
2013-08-16 21:30:00,10.90673,-2.298862,2013,8,228,21
2013-08-16 21:59:59,10.81782,-3.247555,2013,8,228,21
2013-08-16 22:30:00,10.7835,-1.753119,2013,8,228,22
2013-08-16 23:00:00,10.84275,-3.577345,2013,8,228,23
2013-08-16 23:29:59,10.5414,-3.98276,2013,8,228,23
2013-08-17 00:00:00,10.08541,-3.961666,2013,8,229,0
2013-08-17 00:30:00,9.699092,-3.977855,2013,8,229,0
2013-08-17 00:59:59,9.314835,-4.011923,2013,8,229,0
2013-08-17 01:30:00,8.862558,-3.963103,2013,8,229,1
2013-08-17 02:00:00,8.437524,-3.877486,2013,8,229,2
2013-08-17 02:29:59,8.17686,-3.797479,2013,8,229,2
2013-08-17 03:00:00,8.027947,-3.715461,2013,8,229,3
2013-08-17 03:30:00,7.70259,-3.852869,2013,8,229,3
2013-08-17 03:59:59,7.207539,-3.865641,2013,8,229,3
2013-08-17 04:30:00,6.798635,-3.537896,2013,8,229,4
2013-08-17 05:00:00,6.630389,-3.406792,2013,8,229,5
2013-08-17 05:29:59,6.363121,-3.371485,2013,8,229,5
2013-08-17 06:00:00,6.379552,-2.205348,2013,8,229,6
2013-08-17 06:30:00,6.407095,-0.8249269,2013,8,229,6
2013-08-17 06:59:59,6.206289,16.29852,2013,8,229,6
2013-08-17 07:30:00,6.096969,80.25865,2013,8,229,7
2013-08-17 08:00:00,6.688073,161.0114,2013,8,229,8
2013-08-17 08:29:59,7.436966,272.1524,2013,8,229,8
2013-08-17 09:00:00,8.849704,368.889,2013,8,229,9
2013-08-17 09:30:00,10.30127,419.5207,2013,8,229,9
2013-08-17 09:59:59,11.39026,551.2408,2013,8,229,9
2013-08-17 10:30:00,12.22062,437.5334,2013,8,229,10
2013-08-17 11:00:00,12.81523,383.1944,2013,8,229,11
2013-08-17 11:29:59,13.01989,383.2399,2013,8,229,11
2013-08-17 12:00:00,13.27415,399.2952,2013,8,229,12
2013-08-17 12:30:00,13.51274,342.5546,2013,8,229,12
2013-08-17 12:59:59,14.36101,668.3132,2013,8,229,12
2013-08-17 13:30:00,14.71674,585.5994,2013,8,229,13
2013-08-17 14:00:00,15.07713,518.626,2013,8,229,14
2013-08-17 14:29:59,15.00309,390.3,2013,8,229,14
2013-08-17 15:00:00,15.78438,475.9185,2013,8,229,15
2013-08-17 15:30:00,15.83529,404.3636,2013,8,229,15
2013-08-17 15:59:59,15.7445,226.1548,2013,8,229,15
2013-08-17 16:30:00,15.92336,172.8913,2013,8,229,16
2013-08-17 17:00:00,15.64296,44.70353,2013,8,229,17
2013-08-17 17:29:59,15.53955,12.80122,2013,8,229,17
2013-08-17 18:00:00,15.35407,-0.8445969,2013,8,229,18
2013-08-17 18:30:00,15.1436,-2.722829,2013,8,229,18
2013-08-17 18:59:59,14.61488,-4.31086,2013,8,229,18
2013-08-17 19:30:00,13.96517,-3.600347,2013,8,229,19
2013-08-17 20:00:00,13.57355,-3.513213,2013,8,229,20
2013-08-17 20:29:59,13.63811,-2.630954,2013,8,229,20
2013-08-17 21:00:00,13.23121,-1.919438,2013,8,229,21
2013-08-17 21:30:00,13.17331,-1.386498,2013,8,229,21
2013-08-17 21:59:59,13.05071,-1.759538,2013,8,229,21
2013-08-17 22:30:00,13.17693,-2.30609,2013,8,229,22
2013-08-17 23:00:00,13.07261,-2.834297,2013,8,229,23
2013-08-17 23:29:59,12.78773,-3.132682,2013,8,229,23
2013-08-18 00:00:00,12.4358,-1.754382,2013,8,230,0
2013-08-18 00:30:00,12.40459,-1.307742,2013,8,230,0
2013-08-18 00:59:59,12.11983,-2.205221,2013,8,230,0
2013-08-18 01:30:00,11.99909,-0.9603087,2013,8,230,1
2013-08-18 02:00:00,12.05997,-0.8294107,2013,8,230,2
2013-08-18 02:29:59,12.10241,-0.8218114,2013,8,230,2
2013-08-18 03:00:00,12.0579,-0.9010575,2013,8,230,3
2013-08-18 03:30:00,11.8888,-1.020272,2013,8,230,3
2013-08-18 03:59:59,11.68744,-1.058785,2013,8,230,3
2013-08-18 04:30:00,11.54783,-1.03385,2013,8,230,4
2013-08-18 05:00:00,11.51776,-0.9643154,2013,8,230,5
2013-08-18 05:29:59,11.45061,-1.06008,2013,8,230,5
2013-08-18 06:00:00,11.3325,-1.37647,2013,8,230,6
2013-08-18 06:30:00,11.17482,-0.7097524,2013,8,230,6
2013-08-18 06:59:59,10.98882,11.87488,2013,8,230,6
2013-08-18 07:30:00,11.01477,47.60402,2013,8,230,7
2013-08-18 08:00:00,11.2502,113.2622,2013,8,230,8
2013-08-18 08:29:59,11.90968,154.6027,2013,8,230,8
2013-08-18 09:00:00,12.57563,229.3781,2013,8,230,9
2013-08-18 09:30:00,13.25546,342.3212,2013,8,230,9
2013-08-18 09:59:59,13.66819,333.58,2013,8,230,9
2013-08-18 10:30:00,13.65759,310.0302,2013,8,230,10
2013-08-18 11:00:00,13.96341,442.0637,2013,8,230,11
2013-08-18 11:29:59,14.16472,379.619,2013,8,230,11
2013-08-18 12:00:00,14.53565,517.2083,2013,8,230,12
2013-08-18 12:30:00,15.27498,770.0682,2013,8,230,12
2013-08-18 12:59:59,15.15942,509.8256,2013,8,230,12
2013-08-18 13:30:00,15.73762,559.4429,2013,8,230,13
2013-08-18 14:00:00,15.58001,299.6452,2013,8,230,14
2013-08-18 14:29:59,15.97548,282.5244,2013,8,230,14
2013-08-18 15:00:00,16.06079,254.8845,2013,8,230,15
2013-08-18 15:30:00,15.91671,132.3398,2013,8,230,15
2013-08-18 15:59:59,15.88669,81.23252,2013,8,230,15
2013-08-18 16:30:00,15.8936,52.24465,2013,8,230,16
2013-08-18 17:00:00,15.86563,24.95933,2013,8,230,17
2013-08-18 17:29:59,15.70264,11.39139,2013,8,230,17
2013-08-18 18:00:00,15.42289,-1.796224,2013,8,230,18
2013-08-18 18:30:00,15.16958,-2.560142,2013,8,230,18
2013-08-18 18:59:59,14.89153,-2.562172,2013,8,230,18
2013-08-18 19:30:00,14.66324,-2.493118,2013,8,230,19
2013-08-18 20:00:00,14.42926,-1.999679,2013,8,230,20
2013-08-18 20:29:59,13.98864,-2.229009,2013,8,230,20
2013-08-18 21:00:00,13.73618,-1.923263,2013,8,230,21
2013-08-18 21:30:00,13.66363,-1.590834,2013,8,230,21
2013-08-18 21:59:59,13.5932,-2.424378,2013,8,230,21
2013-08-18 22:30:00,13.11696,-3.314069,2013,8,230,22
2013-08-18 23:00:00,12.69041,-3.179349,2013,8,230,23
2013-08-18 23:29:59,11.80552,-3.660483,2013,8,230,23
2013-08-19 00:00:00,11.42279,-2.683696,2013,8,231,0
2013-08-19 00:30:00,11.29757,-2.924372,2013,8,231,0
2013-08-19 00:59:59,11.08755,-3.183003,2013,8,231,0
2013-08-19 01:30:00,10.91206,-2.284671,2013,8,231,1
2013-08-19 02:00:00,10.55105,-1.989852,2013,8,231,2
2013-08-19 02:29:59,10.19534,-1.762829,2013,8,231,2
2013-08-19 03:00:00,10.17326,-1.559616,2013,8,231,3
2013-08-19 03:30:00,10.34209,-1.683065,2013,8,231,3
2013-08-19 03:59:59,10.27882,-1.687095,2013,8,231,3
2013-08-19 04:30:00,10.14085,-1.749343,2013,8,231,4
2013-08-19 05:00:00,10.12692,-1.694169,2013,8,231,5
2013-08-19 05:29:59,10.21169,-1.682065,2013,8,231,5
2013-08-19 06:00:00,10.22309,-1.876255,2013,8,231,6
2013-08-19 06:30:00,10.07871,0.4209061,2013,8,231,6
2013-08-19 06:59:59,10.06923,39.15989,2013,8,231,6
2013-08-19 07:30:00,10.34429,117.6587,2013,8,231,7
2013-08-19 08:00:00,10.47513,163.8751,2013,8,231,8
2013-08-19 08:29:59,10.96724,313.915,2013,8,231,8
2013-08-19 09:00:00,10.97597,243.0794,2013,8,231,9
2013-08-19 09:30:00,11.16069,302.9847,2013,8,231,9
2013-08-19 09:59:59,11.61407,469.3702,2013,8,231,9
2013-08-19 10:30:00,12.04698,419.6277,2013,8,231,10
2013-08-19 11:00:00,12.65537,446.8998,2013,8,231,11
2013-08-19 11:29:59,13.20989,472.696,2013,8,231,11
2013-08-19 12:00:00,13.81573,495.5325,2013,8,231,12
2013-08-19 12:30:00,14.40857,575.9885,2013,8,231,12
2013-08-19 12:59:59,15.20525,758.0998,2013,8,231,12
2013-08-19 13:30:00,15.88824,721.5504,2013,8,231,13
2013-08-19 14:00:00,16.79359,677.5189,2013,8,231,14
2013-08-19 14:29:59,17.01252,402.4404,2013,8,231,14
2013-08-19 15:00:00,17.06562,296.9536,2013,8,231,15
2013-08-19 15:30:00,17.43021,274.0606,2013,8,231,15
2013-08-19 15:59:59,17.57852,304.6922,2013,8,231,15
2013-08-19 16:30:00,17.49303,95.66103,2013,8,231,16
2013-08-19 17:00:00,17.57125,95.00135,2013,8,231,17
2013-08-19 17:29:59,17.52973,40.03792,2013,8,231,17
2013-08-19 18:00:00,17.24001,-1.871399,2013,8,231,18
2013-08-19 18:30:00,16.70136,-3.581922,2013,8,231,18
2013-08-19 18:59:59,16.27773,-2.772892,2013,8,231,18
2013-08-19 19:30:00,15.73302,-2.525532,2013,8,231,19
2013-08-19 20:00:00,15.28591,-2.769092,2013,8,231,20
2013-08-19 20:29:59,14.83963,-3.456183,2013,8,231,20
2013-08-19 21:00:00,14.45526,-4.627796,2013,8,231,21
2013-08-19 21:30:00,13.96435,-4.25052,2013,8,231,21
2013-08-19 21:59:59,13.64252,-4.298841,2013,8,231,21
2013-08-19 22:30:00,13.51261,-4.393104,2013,8,231,22
2013-08-19 23:00:00,13.03741,-4.267173,2013,8,231,23
2013-08-19 23:29:59,12.42651,-4.182517,2013,8,231,23
2013-08-20 00:00:00,11.91141,-3.831425,2013,8,232,0
2013-08-20 00:30:00,11.48945,-3.664125,2013,8,232,0
2013-08-20 00:59:59,11.1392,-3.508574,2013,8,232,0
2013-08-20 01:30:00,10.57989,-3.554865,2013,8,232,1
2013-08-20 02:00:00,10.52061,-3.509981,2013,8,232,2
2013-08-20 02:29:59,10.2941,-3.788147,2013,8,232,2
2013-08-20 03:00:00,9.884507,-3.70902,2013,8,232,3
2013-08-20 03:30:00,9.64705,-3.711181,2013,8,232,3
2013-08-20 03:59:59,9.324058,-3.581764,2013,8,232,3
2013-08-20 04:30:00,9.282816,-3.482163,2013,8,232,4
2013-08-20 05:00:00,9.230315,-3.506552,2013,8,232,5
2013-08-20 05:29:59,9.153421,-3.399043,2013,8,232,5
2013-08-20 06:00:00,9.163334,-3.49011,2013,8,232,6
2013-08-20 06:30:00,8.885344,-1.805775,2013,8,232,6
2013-08-20 06:59:59,9.289011,29.70255,2013,8,232,6
2013-08-20 07:30:00,8.948765,116.2096,2013,8,232,7
2013-08-20 08:00:00,8.953641,222.903,2013,8,232,8
2013-08-20 08:29:59,10.76536,329.0793,2013,8,232,8
2013-08-20 09:00:00,12.27688,427.9398,2013,8,232,9
2013-08-20 09:30:00,13.78817,522.7631,2013,8,232,9
2013-08-20 09:59:59,14.72196,598.8757,2013,8,232,9
2013-08-20 10:30:00,15.99276,661.3568,2013,8,232,10
2013-08-20 11:00:00,17.14207,710.6622,2013,8,232,11
2013-08-20 11:29:59,17.58449,755.7181,2013,8,232,11
2013-08-20 12:00:00,17.73421,786.7245,2013,8,232,12
2013-08-20 12:30:00,18.32132,791.4857,2013,8,232,12
2013-08-20 12:59:59,18.8184,745.4658,2013,8,232,12
2013-08-20 13:30:00,18.92468,421.3241,2013,8,232,13
2013-08-20 14:00:00,19.42991,660.0651,2013,8,232,14
2013-08-20 14:29:59,19.89493,627.9645,2013,8,232,14
2013-08-20 15:00:00,20.19346,552.4592,2013,8,232,15
2013-08-20 15:30:00,20.21139,456.6787,2013,8,232,15
2013-08-20 15:59:59,20.28248,356.5352,2013,8,232,15
2013-08-20 16:30:00,20.35355,247.777,2013,8,232,16
2013-08-20 17:00:00,20.29428,139.8706,2013,8,232,17
2013-08-20 17:29:59,20.08841,44.34926,2013,8,232,17
2013-08-20 18:00:00,19.53789,-2.752912,2013,8,232,18
2013-08-20 18:30:00,18.78638,-5.505234,2013,8,232,18
2013-08-20 18:59:59,17.3168,-5.487723,2013,8,232,18
2013-08-20 19:30:00,16.31978,-5.228275,2013,8,232,19
2013-08-20 20:00:00,15.68776,-4.674116,2013,8,232,20
2013-08-20 20:29:59,15.34048,-4.535478,2013,8,232,20
2013-08-20 21:00:00,14.96506,-4.661958,2013,8,232,21
2013-08-20 21:30:00,14.30712,-4.479932,2013,8,232,21
2013-08-20 21:59:59,13.90045,-4.41801,2013,8,232,21
2013-08-20 22:30:00,13.22239,-4.483484,2013,8,232,22
2013-08-20 23:00:00,12.48032,-4.279151,2013,8,232,23
2013-08-20 23:29:59,11.86827,-4.224128,2013,8,232,23
2013-08-21 00:00:00,11.35064,-4.042901,2013,8,233,0
2013-08-21 00:30:00,11.00771,-4.084225,2013,8,233,0
2013-08-21 00:59:59,10.40032,-4.241308,2013,8,233,0
2013-08-21 01:30:00,10.04187,-3.863175,2013,8,233,1
2013-08-21 02:00:00,9.770347,-3.62134,2013,8,233,2
2013-08-21 02:29:59,9.426321,-3.75372,2013,8,233,2
2013-08-21 03:00:00,9.339526,-3.634069,2013,8,233,3
2013-08-21 03:30:00,9.110444,-3.670561,2013,8,233,3
2013-08-21 03:59:59,9.219016,-3.59612,2013,8,233,3
2013-08-21 04:30:00,8.65953,-3.742609,2013,8,233,4
2013-08-21 05:00:00,8.262749,-3.569789,2013,8,233,5
2013-08-21 05:29:59,8.082056,-3.505341,2013,8,233,5
2013-08-21 06:00:00,7.944579,-3.572814,2013,8,233,6
2013-08-21 06:30:00,7.647811,-1.667477,2013,8,233,6
2013-08-21 06:59:59,7.773509,33.01474,2013,8,233,6
2013-08-21 07:30:00,8.374764,121.1092,2013,8,233,7
2013-08-21 08:00:00,10.32938,230.5873,2013,8,233,8
2013-08-21 08:29:59,12.28713,338.0102,2013,8,233,8
2013-08-21 09:00:00,13.3197,444.1967,2013,8,233,9
2013-08-21 09:30:00,14.12738,536.4125,2013,8,233,9
2013-08-21 09:59:59,14.7921,608.7089,2013,8,233,9
2013-08-21 10:30:00,15.16323,590.3997,2013,8,233,10
2013-08-21 11:00:00,15.91777,718.7036,2013,8,233,11
2013-08-21 11:29:59,16.15156,729.6768,2013,8,233,11
2013-08-21 12:00:00,16.47557,765.0477,2013,8,233,12
2013-08-21 12:30:00,16.75108,775.6339,2013,8,233,12
2013-08-21 12:59:59,17.25713,778.982,2013,8,233,12
2013-08-21 13:30:00,17.7221,747.5613,2013,8,233,13
2013-08-21 14:00:00,18.18731,698.6154,2013,8,233,14
2013-08-21 14:29:59,18.42686,638.2908,2013,8,233,14
2013-08-21 15:00:00,18.78219,561.1038,2013,8,233,15
2013-08-21 15:30:00,19.0072,470.1985,2013,8,233,15
2013-08-21 15:59:59,19.13366,370.8679,2013,8,233,15
2013-08-21 16:30:00,19.23915,264.0955,2013,8,233,16
2013-08-21 17:00:00,19.01425,154.6898,2013,8,233,17
2013-08-21 17:29:59,18.60433,54.67473,2013,8,233,17
2013-08-21 18:00:00,17.80976,-1.929918,2013,8,233,18
2013-08-21 18:30:00,17.08624,-5.362807,2013,8,233,18
2013-08-21 18:59:59,16.31329,-5.159322,2013,8,233,18
2013-08-21 19:30:00,15.676,-4.828582,2013,8,233,19
2013-08-21 20:00:00,15.02264,-4.750065,2013,8,233,20
2013-08-21 20:29:59,14.36099,-4.681395,2013,8,233,20
2013-08-21 21:00:00,13.84379,-4.356871,2013,8,233,21
2013-08-21 21:30:00,13.47083,-4.423832,2013,8,233,21
2013-08-21 21:59:59,13.10969,-4.429565,2013,8,233,21
2013-08-21 22:30:00,12.87535,-4.35214,2013,8,233,22
2013-08-21 23:00:00,12.49085,-4.291571,2013,8,233,23
2013-08-21 23:29:59,11.61861,-4.503287,2013,8,233,23
2013-08-22 00:00:00,11.01273,-3.960187,2013,8,234,0
2013-08-22 00:30:00,10.81535,-3.19135,2013,8,234,0
2013-08-22 00:59:59,11.10003,-3.290506,2013,8,234,0
2013-08-22 01:30:00,11.10112,-3.880845,2013,8,234,1
2013-08-22 02:00:00,10.50066,-4.071862,2013,8,234,2
2013-08-22 02:29:59,8.524304,-4.516524,2013,8,234,2
2013-08-22 03:00:00,8.449123,-2.883826,2013,8,234,3
2013-08-22 03:30:00,9.138711,-3.209312,2013,8,234,3
2013-08-22 03:59:59,9.16758,-3.42828,2013,8,234,3
2013-08-22 04:30:00,9.28821,-3.26188,2013,8,234,4
2013-08-22 05:00:00,9.369839,-3.420548,2013,8,234,5
2013-08-22 05:29:59,9.2387,-3.443795,2013,8,234,5
2013-08-22 06:00:00,8.861202,-3.762971,2013,8,234,6
2013-08-22 06:30:00,8.116419,-1.517818,2013,8,234,6
2013-08-22 06:59:59,8.26407,37.19432,2013,8,234,6
2013-08-22 07:30:00,8.846075,128.8893,2013,8,234,7
2013-08-22 08:00:00,9.419195,238.0744,2013,8,234,8
2013-08-22 08:29:59,10.72095,346.3203,2013,8,234,8
2013-08-22 09:00:00,12.27857,448.5515,2013,8,234,9
2013-08-22 09:30:00,13.36658,540.9058,2013,8,234,9
2013-08-22 09:59:59,14.56361,619.579,2013,8,234,9
2013-08-22 10:30:00,15.2409,685.1459,2013,8,234,10
2013-08-22 11:00:00,15.73797,737.8447,2013,8,234,11
2013-08-22 11:29:59,16.30456,775.9024,2013,8,234,11
2013-08-22 12:00:00,16.97669,792.538,2013,8,234,12
2013-08-22 12:30:00,17.48141,793.1476,2013,8,234,12
2013-08-22 12:59:59,17.84023,773.6544,2013,8,234,12
2013-08-22 13:30:00,18.1655,743.8644,2013,8,234,13
2013-08-22 14:00:00,18.46777,688.7206,2013,8,234,14
2013-08-22 14:29:59,18.87594,622.9735,2013,8,234,14
2013-08-22 15:00:00,19.15851,550.4818,2013,8,234,15
2013-08-22 15:30:00,19.11032,463.9887,2013,8,234,15
2013-08-22 15:59:59,19.51709,365.6665,2013,8,234,15
2013-08-22 16:30:00,19.88828,262.9489,2013,8,234,16
2013-08-22 17:00:00,19.63775,154.0406,2013,8,234,17
2013-08-22 17:29:59,19.22297,54.30843,2013,8,234,17
2013-08-22 18:00:00,18.5785,-1.986643,2013,8,234,18
2013-08-22 18:30:00,18.05318,-5.592134,2013,8,234,18
2013-08-22 18:59:59,17.38222,-5.629836,2013,8,234,18
2013-08-22 19:30:00,16.83051,-5.247375,2013,8,234,19
2013-08-22 20:00:00,16.05545,-4.257979,2013,8,234,20
2013-08-22 20:29:59,15.49811,-4.571062,2013,8,234,20
2013-08-22 21:00:00,14.62448,-4.219268,2013,8,234,21
2013-08-22 21:30:00,14.60979,-4.035357,2013,8,234,21
2013-08-22 21:59:59,14.50475,-4.155725,2013,8,234,21
2013-08-22 22:30:00,13.63331,-4.361167,2013,8,234,22
2013-08-22 23:00:00,12.95852,-4.255252,2013,8,234,23
2013-08-22 23:29:59,12.82299,-4.324717,2013,8,234,23
2013-08-23 00:00:00,12.3814,-3.923037,2013,8,235,0
2013-08-23 00:30:00,12.78634,-3.806662,2013,8,235,0
2013-08-23 00:59:59,11.48311,-4.465584,2013,8,235,0
2013-08-23 01:30:00,10.36846,-4.054946,2013,8,235,1
2013-08-23 02:00:00,10.02193,-3.802214,2013,8,235,2
2013-08-23 02:29:59,10.07271,-3.849931,2013,8,235,2
2013-08-23 03:00:00,9.670033,-3.894934,2013,8,235,3
2013-08-23 03:30:00,9.338026,-3.713705,2013,8,235,3
2013-08-23 03:59:59,9.366477,-3.600515,2013,8,235,3
2013-08-23 04:30:00,9.246796,-3.731154,2013,8,235,4
2013-08-23 05:00:00,9.230158,-3.471218,2013,8,235,5
2013-08-23 05:29:59,8.96271,-2.873172,2013,8,235,5
2013-08-23 06:00:00,8.545001,-2.728041,2013,8,235,6
2013-08-23 06:30:00,8.65279,-0.2474288,2013,8,235,6
2013-08-23 06:59:59,8.983238,40.26157,2013,8,235,6
2013-08-23 07:30:00,9.178402,132.5812,2013,8,235,7
2013-08-23 08:00:00,9.294145,240.9167,2013,8,235,8
2013-08-23 08:29:59,10.7356,349.2885,2013,8,235,8
2013-08-23 09:00:00,13.03902,454.2755,2013,8,235,9
2013-08-23 09:30:00,13.97833,548.1356,2013,8,235,9
2013-08-23 09:59:59,15.24374,627.7654,2013,8,235,9
2013-08-23 10:30:00,16.18736,694.621,2013,8,235,10
2013-08-23 11:00:00,16.93755,751.9581,2013,8,235,11
2013-08-23 11:29:59,17.66837,785.8052,2013,8,235,11
2013-08-23 12:00:00,18.15776,798.1079,2013,8,235,12
2013-08-23 12:30:00,18.6215,797.9105,2013,8,235,12
2013-08-23 12:59:59,19.08904,781.6678,2013,8,235,12
2013-08-23 13:30:00,19.74882,748.114,2013,8,235,13
2013-08-23 14:00:00,20.04499,701.2695,2013,8,235,14
2013-08-23 14:29:59,20.38912,640.425,2013,8,235,14
2013-08-23 15:00:00,20.59197,562.5565,2013,8,235,15
2013-08-23 15:30:00,21.02556,472.0364,2013,8,235,15
2013-08-23 15:59:59,21.03617,370.5498,2013,8,235,15
2013-08-23 16:30:00,20.94643,265.2087,2013,8,235,16
2013-08-23 17:00:00,21.00525,155.8567,2013,8,235,17
2013-08-23 17:29:59,20.81217,56.09602,2013,8,235,17
2013-08-23 18:00:00,20.33783,-1.08609,2013,8,235,18
2013-08-23 18:30:00,19.47779,-5.818636,2013,8,235,18
2013-08-23 18:59:59,18.85583,-5.225071,2013,8,235,18
2013-08-23 19:30:00,18.74483,-5.200943,2013,8,235,19
2013-08-23 20:00:00,17.60909,-5.000915,2013,8,235,20
2013-08-23 20:29:59,16.84925,-4.796465,2013,8,235,20
2013-08-23 21:00:00,16.16235,-4.500295,2013,8,235,21
2013-08-23 21:30:00,15.61599,-4.53849,2013,8,235,21
2013-08-23 21:59:59,15.05715,-4.112313,2013,8,235,21
2013-08-23 22:30:00,14.55178,-4.164193,2013,8,235,22
2013-08-23 23:00:00,14.43495,-4.04119,2013,8,235,23
2013-08-23 23:29:59,13.57087,-4.29385,2013,8,235,23
2013-08-24 00:00:00,13.22393,-4.03076,2013,8,236,0
2013-08-24 00:30:00,12.79628,-4.018731,2013,8,236,0
2013-08-24 00:59:59,12.38294,-4.132829,2013,8,236,0
2013-08-24 01:30:00,12.3868,-3.198511,2013,8,236,1
2013-08-24 02:00:00,12.76147,-3.29512,2013,8,236,2
2013-08-24 02:29:59,12.17632,-4.079982,2013,8,236,2
2013-08-24 03:00:00,11.50807,-4.252992,2013,8,236,3
2013-08-24 03:30:00,11.75303,-3.62225,2013,8,236,3
2013-08-24 03:59:59,11.05358,-4.072833,2013,8,236,3
2013-08-24 04:30:00,10.87881,-3.587121,2013,8,236,4
2013-08-24 05:00:00,10.97491,-3.566971,2013,8,236,5
2013-08-24 05:29:59,10.72707,-3.792643,2013,8,236,5
2013-08-24 06:00:00,10.66217,-3.632103,2013,8,236,6
2013-08-24 06:30:00,10.61124,-0.3861545,2013,8,236,6
2013-08-24 06:59:59,10.54478,43.8299,2013,8,236,6
2013-08-24 07:30:00,10.94169,137.4453,2013,8,236,7
2013-08-24 08:00:00,11.76274,248.7623,2013,8,236,8
2013-08-24 08:29:59,14.07471,360.9686,2013,8,236,8
2013-08-24 09:00:00,16.35657,468.1627,2013,8,236,9
2013-08-24 09:30:00,17.86161,563.1425,2013,8,236,9
2013-08-24 09:59:59,19.10359,644.6782,2013,8,236,9
2013-08-24 10:30:00,20.01753,712.0908,2013,8,236,10
2013-08-24 11:00:00,20.92686,761.6148,2013,8,236,11
2013-08-24 11:29:59,21.24869,794.3676,2013,8,236,11
2013-08-24 12:00:00,21.56845,814.8218,2013,8,236,12
2013-08-24 12:30:00,22.07118,811.8073,2013,8,236,12
2013-08-24 12:59:59,22.369,795.5812,2013,8,236,12
2013-08-24 13:30:00,22.84764,763.0703,2013,8,236,13
2013-08-24 14:00:00,23.14487,713.8066,2013,8,236,14
2013-08-24 14:29:59,23.63552,649.7596,2013,8,236,14
2013-08-24 15:00:00,23.74265,572.9827,2013,8,236,15
2013-08-24 15:30:00,24.09762,481.1284,2013,8,236,15
2013-08-24 15:59:59,24.17349,380.9477,2013,8,236,15
2013-08-24 16:30:00,24.07993,273.6635,2013,8,236,16
2013-08-24 17:00:00,24.00302,162.7015,2013,8,236,17
2013-08-24 17:29:59,23.88255,59.0196,2013,8,236,17
2013-08-24 18:00:00,23.24661,-1.730268,2013,8,236,18
2013-08-24 18:30:00,22.27005,-6.223903,2013,8,236,18
2013-08-24 18:59:59,21.02552,-5.929961,2013,8,236,18
2013-08-24 19:30:00,20.51353,-5.533451,2013,8,236,19
2013-08-24 20:00:00,19.42586,-5.715187,2013,8,236,20
2013-08-24 20:29:59,18.46501,-5.651991,2013,8,236,20
2013-08-24 21:00:00,18.17363,-4.719967,2013,8,236,21
2013-08-24 21:30:00,17.58256,-4.557488,2013,8,236,21
2013-08-24 21:59:59,16.99109,-3.526162,2013,8,236,21
2013-08-24 22:30:00,16.92884,-3.738865,2013,8,236,22
2013-08-24 23:00:00,16.38202,-4.55488,2013,8,236,23
2013-08-24 23:29:59,16.3362,-4.271796,2013,8,236,23
2013-08-25 00:00:00,15.95967,-4.098451,2013,8,237,0
2013-08-25 00:30:00,15.39339,-4.290689,2013,8,237,0
2013-08-25 00:59:59,14.73034,-4.353262,2013,8,237,0
2013-08-25 01:30:00,13.94317,-3.44353,2013,8,237,1
2013-08-25 02:00:00,13.89569,-2.507628,2013,8,237,2
2013-08-25 02:29:59,13.96919,-3.086359,2013,8,237,2
2013-08-25 03:00:00,14.29825,-3.621658,2013,8,237,3
2013-08-25 03:30:00,14.13371,-4.178883,2013,8,237,3
2013-08-25 03:59:59,13.70295,-3.0857,2013,8,237,3
2013-08-25 04:30:00,12.62123,-1.478562,2013,8,237,4
2013-08-25 05:00:00,12.34258,-0.6961569,2013,8,237,5
2013-08-25 05:29:59,12.25768,-0.6922144,2013,8,237,5
2013-08-25 06:00:00,12.04371,-0.7435442,2013,8,237,6
2013-08-25 06:30:00,11.86162,0.3248799,2013,8,237,6
2013-08-25 06:59:59,11.80011,18.47687,2013,8,237,6
2013-08-25 07:30:00,11.39312,60.37437,2013,8,237,7
2013-08-25 08:00:00,10.64555,103.5956,2013,8,237,8
2013-08-25 08:29:59,11.88338,131.3396,2013,8,237,8
2013-08-25 09:00:00,13.85304,176.8456,2013,8,237,9
2013-08-25 09:30:00,17.25185,227.5821,2013,8,237,9
2013-08-25 09:59:59,18.7368,239.5326,2013,8,237,9
2013-08-25 10:30:00,19.67029,248.39,2013,8,237,10
2013-08-25 11:00:00,20.203,245.7277,2013,8,237,11
2013-08-25 11:29:59,20.84491,255.6672,2013,8,237,11
2013-08-25 12:00:00,22.12243,278.6982,2013,8,237,12
2013-08-25 12:30:00,22.78735,321.7593,2013,8,237,12
2013-08-25 12:59:59,23.72894,323.9621,2013,8,237,12
2013-08-25 13:30:00,24.24662,304.5226,2013,8,237,13
2013-08-25 14:00:00,24.42318,243.7044,2013,8,237,14
2013-08-25 14:29:59,24.62483,175.4252,2013,8,237,14
2013-08-25 15:00:00,25.02372,117.8614,2013,8,237,15
2013-08-25 15:30:00,25.0943,85.85371,2013,8,237,15
2013-08-25 15:59:59,24.75655,47.14142,2013,8,237,15
2013-08-25 16:30:00,24.5429,32.69877,2013,8,237,16
2013-08-25 17:00:00,24.17596,19.88056,2013,8,237,17
2013-08-25 17:29:59,23.93125,6.068572,2013,8,237,17
2013-08-25 18:00:00,23.47232,-1.518761,2013,8,237,18
2013-08-25 18:30:00,22.8312,-2.878253,2013,8,237,18
2013-08-25 18:59:59,22.38241,-2.755512,2013,8,237,18
2013-08-25 19:30:00,22.10023,-2.684838,2013,8,237,19
2013-08-25 20:00:00,21.84141,-1.762071,2013,8,237,20
2013-08-25 20:29:59,21.55576,-1.601741,2013,8,237,20
2013-08-25 21:00:00,21.79881,-1.674717,2013,8,237,21
2013-08-25 21:30:00,21.966,-1.721934,2013,8,237,21
2013-08-25 21:59:59,21.62172,-2.493253,2013,8,237,21
2013-08-25 22:30:00,21.43519,-2.498687,2013,8,237,22
2013-08-25 23:00:00,20.62217,-2.770552,2013,8,237,23
2013-08-25 23:29:59,19.84094,-2.597988,2013,8,237,23
2013-08-26 00:00:00,18.73839,-2.244364,2013,8,238,0
2013-08-26 00:30:00,17.9292,-2.37407,2013,8,238,0
2013-08-26 00:59:59,16.44424,-5.334949,2013,8,238,0
2013-08-26 01:30:00,14.72993,-4.880489,2013,8,238,1
2013-08-26 02:00:00,13.92577,-5.798396,2013,8,238,2
2013-08-26 02:29:59,13.54012,-3.029433,2013,8,238,2
2013-08-26 03:00:00,13.3889,-2.055751,2013,8,238,3
2013-08-26 03:30:00,13.54537,-1.573766,2013,8,238,3
2013-08-26 03:59:59,13.48831,-0.8295554,2013,8,238,3
2013-08-26 04:30:00,12.99368,-3.958213,2013,8,238,4
2013-08-26 05:00:00,12.55031,-3.678618,2013,8,238,5
2013-08-26 05:29:59,12.18504,-3.988118,2013,8,238,5
2013-08-26 06:00:00,11.78259,-2.763405,2013,8,238,6
2013-08-26 06:30:00,11.63389,-0.7024771,2013,8,238,6
2013-08-26 06:59:59,11.40104,48.11263,2013,8,238,6
2013-08-26 07:30:00,11.72925,144.3157,2013,8,238,7
2013-08-26 08:00:00,12.26452,245.0136,2013,8,238,8
2013-08-26 08:29:59,12.52796,289.7367,2013,8,238,8
2013-08-26 09:00:00,13.17797,350.5602,2013,8,238,9
2013-08-26 09:30:00,13.48057,287.3754,2013,8,238,9
2013-08-26 09:59:59,14.02338,493.0362,2013,8,238,9
2013-08-26 10:30:00,14.69979,651.1178,2013,8,238,10
2013-08-26 11:00:00,15.41766,480.2084,2013,8,238,11
2013-08-26 11:29:59,15.95576,381.2203,2013,8,238,11
2013-08-26 12:00:00,16.68811,458.0553,2013,8,238,12
2013-08-26 12:30:00,17.24301,498.0176,2013,8,238,12
2013-08-26 12:59:59,17.58862,536.8394,2013,8,238,12
2013-08-26 13:30:00,17.70679,553.6158,2013,8,238,13
2013-08-26 14:00:00,17.96624,375.3567,2013,8,238,14
2013-08-26 14:29:59,18.2968,353.133,2013,8,238,14
2013-08-26 15:00:00,18.94418,483.5291,2013,8,238,15
2013-08-26 15:30:00,19.16194,331.4935,2013,8,238,15
2013-08-26 15:59:59,19.711,415.5667,2013,8,238,15
2013-08-26 16:30:00,19.53452,252.0175,2013,8,238,16
2013-08-26 17:00:00,19.21505,66.31727,2013,8,238,17
2013-08-26 17:29:59,19.03019,26.18807,2013,8,238,17
2013-08-26 18:00:00,18.91384,0.04181769,2013,8,238,18
2013-08-26 18:30:00,18.57523,-3.205148,2013,8,238,18
2013-08-26 18:59:59,18.18239,-2.630858,2013,8,238,18
2013-08-26 19:30:00,18.09336,-2.342602,2013,8,238,19
2013-08-26 20:00:00,17.92058,-2.403654,2013,8,238,20
2013-08-26 20:29:59,17.71585,-2.016945,2013,8,238,20
2013-08-26 21:00:00,17.43864,-2.704879,2013,8,238,21
2013-08-26 21:30:00,17.16203,-2.605583,2013,8,238,21
2013-08-26 21:59:59,16.87855,-2.496123,2013,8,238,21
2013-08-26 22:30:00,16.52259,-2.598308,2013,8,238,22
2013-08-26 23:00:00,16.41795,-1.712436,2013,8,238,23
2013-08-26 23:29:59,16.12308,-2.010975,2013,8,238,23
2013-08-27 00:00:00,15.54087,-3.906698,2013,8,239,0
2013-08-27 00:30:00,14.49009,-4.944951,2013,8,239,0
2013-08-27 00:59:59,13.48272,-4.792111,2013,8,239,0
2013-08-27 01:30:00,12.69572,-4.473708,2013,8,239,1
2013-08-27 02:00:00,12.0258,-4.467551,2013,8,239,2
2013-08-27 02:29:59,11.55389,-3.929811,2013,8,239,2
2013-08-27 03:00:00,11.18918,-4.046654,2013,8,239,3
2013-08-27 03:30:00,10.55661,-3.870146,2013,8,239,3
2013-08-27 03:59:59,10.04756,-3.784018,2013,8,239,3
2013-08-27 04:30:00,9.805007,-3.457813,2013,8,239,4
2013-08-27 05:00:00,9.374864,-3.613205,2013,8,239,5
2013-08-27 05:29:59,9.116488,-3.401288,2013,8,239,5
2013-08-27 06:00:00,8.999209,-3.358141,2013,8,239,6
2013-08-27 06:30:00,8.596343,0.7848376,2013,8,239,6
2013-08-27 06:59:59,8.321149,49.18443,2013,8,239,6
2013-08-27 07:30:00,8.776061,148.7357,2013,8,239,7
2013-08-27 08:00:00,10.29376,260.4964,2013,8,239,8
2013-08-27 08:29:59,12.38148,370.9572,2013,8,239,8
2013-08-27 09:00:00,13.75307,474.6397,2013,8,239,9
2013-08-27 09:30:00,14.92739,568.4668,2013,8,239,9
2013-08-27 09:59:59,15.85789,650.6628,2013,8,239,9
2013-08-27 10:30:00,16.49592,718.4543,2013,8,239,10
2013-08-27 11:00:00,16.81222,758.2206,2013,8,239,11
2013-08-27 11:29:59,16.95892,746.4212,2013,8,239,11
2013-08-27 12:00:00,17.40115,843.3063,2013,8,239,12
2013-08-27 12:30:00,17.65618,770.9045,2013,8,239,12
2013-08-27 12:59:59,18.56747,795.1169,2013,8,239,12
2013-08-27 13:30:00,18.80107,739.6707,2013,8,239,13
2013-08-27 14:00:00,18.97562,600.642,2013,8,239,14
2013-08-27 14:29:59,19.36014,590.3814,2013,8,239,14
2013-08-27 15:00:00,19.74723,433.4089,2013,8,239,15
2013-08-27 15:30:00,20.00705,303.0051,2013,8,239,15
2013-08-27 15:59:59,20.44753,379.2362,2013,8,239,15
2013-08-27 16:30:00,20.49362,199.8139,2013,8,239,16
2013-08-27 17:00:00,20.38925,120.9867,2013,8,239,17
2013-08-27 17:29:59,20.46822,66.52476,2013,8,239,17
2013-08-27 18:00:00,19.96427,-1.173764,2013,8,239,18
2013-08-27 18:30:00,19.44366,-4.616918,2013,8,239,18
2013-08-27 18:59:59,19.1779,-4.578118,2013,8,239,18
2013-08-27 19:30:00,18.95739,-4.353696,2013,8,239,19
2013-08-27 20:00:00,18.11388,-2.819006,2013,8,239,20
2013-08-27 20:29:59,18.48798,-2.032201,2013,8,239,20
2013-08-27 21:00:00,18.16325,-2.595581,2013,8,239,21
2013-08-27 21:30:00,17.2649,-2.927972,2013,8,239,21
2013-08-27 21:59:59,15.75388,-3.431283,2013,8,239,21
2013-08-27 22:30:00,16.53826,-2.971384,2013,8,239,22
2013-08-27 23:00:00,16.12834,-4.373377,2013,8,239,23
2013-08-27 23:29:59,12.38218,-4.636416,2013,8,239,23
2013-08-28 00:00:00,11.69997,-4.080359,2013,8,240,0
2013-08-28 00:30:00,11.14478,-3.831548,2013,8,240,0
2013-08-28 00:59:59,10.83124,-3.325354,2013,8,240,0
2013-08-28 01:30:00,10.5463,-3.92417,2013,8,240,1
2013-08-28 02:00:00,10.35175,-1.789011,2013,8,240,2
2013-08-28 02:29:59,10.49179,-1.400653,2013,8,240,2
2013-08-28 03:00:00,10.487,-1.167719,2013,8,240,3
2013-08-28 03:30:00,10.52121,-2.399211,2013,8,240,3
2013-08-28 03:59:59,10.17211,-2.322801,2013,8,240,3
2013-08-28 04:30:00,9.995703,-1.447334,2013,8,240,4
2013-08-28 05:00:00,9.928205,-1.315462,2013,8,240,5
2013-08-28 05:29:59,9.82386,-1.098792,2013,8,240,5
2013-08-28 06:00:00,9.760309,-1.017436,2013,8,240,6
2013-08-28 06:30:00,9.703925,0.4618695,2013,8,240,6
2013-08-28 06:59:59,9.698846,10.31675,2013,8,240,6
2013-08-28 07:30:00,10.08631,56.81487,2013,8,240,7
2013-08-28 08:00:00,10.83766,144.4257,2013,8,240,8
2013-08-28 08:29:59,11.22066,172.6119,2013,8,240,8
2013-08-28 09:00:00,11.36468,329.0314,2013,8,240,9
2013-08-28 09:30:00,12.16631,478.0809,2013,8,240,9
2013-08-28 09:59:59,12.49329,417.7149,2013,8,240,9
2013-08-28 10:30:00,12.07568,490.8185,2013,8,240,10
2013-08-28 11:00:00,11.95561,630.9108,2013,8,240,11
2013-08-28 11:29:59,13.00061,746.978,2013,8,240,11
2013-08-28 12:00:00,13.48674,540.3217,2013,8,240,12
2013-08-28 12:30:00,11.67529,329.4946,2013,8,240,12
2013-08-28 12:59:59,12.38717,799.9464,2013,8,240,12
2013-08-28 13:30:00,13.4018,581.6253,2013,8,240,13
2013-08-28 14:00:00,12.98648,621.3597,2013,8,240,14
2013-08-28 14:29:59,12.56875,554.4392,2013,8,240,14
2013-08-28 15:00:00,14.11291,577.8846,2013,8,240,15
2013-08-28 15:30:00,14.35671,248.3829,2013,8,240,15
2013-08-28 15:59:59,14.83139,316.3716,2013,8,240,15
2013-08-28 16:30:00,14.87422,276.372,2013,8,240,16
2013-08-28 17:00:00,15.26673,151.8236,2013,8,240,17
2013-08-28 17:29:59,15.12836,48.63805,2013,8,240,17
2013-08-28 18:00:00,14.93232,2.975812,2013,8,240,18
2013-08-28 18:30:00,14.42772,-4.339883,2013,8,240,18
2013-08-28 18:59:59,13.8017,-4.831896,2013,8,240,18
2013-08-28 19:30:00,13.29319,-4.23543,2013,8,240,19
2013-08-28 20:00:00,12.8088,-4.483218,2013,8,240,20
2013-08-28 20:29:59,12.50141,-3.754088,2013,8,240,20
2013-08-28 21:00:00,12.11827,-4.282274,2013,8,240,21
2013-08-28 21:30:00,12.09673,-3.244852,2013,8,240,21
2013-08-28 21:59:59,11.84131,-3.516757,2013,8,240,21
2013-08-28 22:30:00,11.67713,-3.527893,2013,8,240,22
2013-08-28 23:00:00,11.15721,-3.615203,2013,8,240,23
2013-08-28 23:29:59,11.25204,-3.239361,2013,8,240,23
2013-08-29 00:00:00,11.15281,-3.29541,2013,8,241,0
2013-08-29 00:30:00,10.63608,-3.556129,2013,8,241,0
2013-08-29 00:59:59,10.13371,-3.439325,2013,8,241,0
2013-08-29 01:30:00,9.49901,-3.35108,2013,8,241,1
2013-08-29 02:00:00,9.536789,-3.054273,2013,8,241,2
2013-08-29 02:29:59,9.760201,-3.086546,2013,8,241,2
2013-08-29 03:00:00,9.90267,-3.074134,2013,8,241,3
2013-08-29 03:30:00,9.781686,-3.225766,2013,8,241,3
2013-08-29 03:59:59,9.552776,-2.996332,2013,8,241,3
2013-08-29 04:30:00,8.784231,-1.400264,2013,8,241,4
2013-08-29 05:00:00,8.695805,-1.107136,2013,8,241,5
2013-08-29 05:29:59,8.822269,-3.0754,2013,8,241,5
2013-08-29 06:00:00,8.756544,-3.040524,2013,8,241,6
2013-08-29 06:30:00,8.315733,3.01257,2013,8,241,6
2013-08-29 06:59:59,8.065481,60.02221,2013,8,241,6
2013-08-29 07:30:00,8.115948,161.4954,2013,8,241,7
2013-08-29 08:00:00,9.722352,273.2608,2013,8,241,8
2013-08-29 08:29:59,11.4045,382.4848,2013,8,241,8
2013-08-29 09:00:00,12.4925,486.4661,2013,8,241,9
2013-08-29 09:30:00,13.31049,584.0887,2013,8,241,9
2013-08-29 09:59:59,13.81842,631.7996,2013,8,241,9
2013-08-29 10:30:00,NA,NA,2013,8,241,10
2013-08-29 11:00:00,NA,NA,2013,8,241,11
2013-08-29 11:29:59,NA,NA,2013,8,241,11
2013-08-29 12:00:00,15.82554,562.796,2013,8,241,12
2013-08-29 12:30:00,16.41606,631.9023,2013,8,241,12
2013-08-29 12:59:59,17.14158,793.109,2013,8,241,12
2013-08-29 13:30:00,17.70691,765.1475,2013,8,241,13
2013-08-29 14:00:00,17.73214,722.1426,2013,8,241,14
2013-08-29 14:29:59,18.18842,727.0492,2013,8,241,14
2013-08-29 15:00:00,18.64128,638.1188,2013,8,241,15
2013-08-29 15:30:00,18.8386,500.9231,2013,8,241,15
2013-08-29 15:59:59,18.89564,345.9179,2013,8,241,15
2013-08-29 16:30:00,18.78367,277.3991,2013,8,241,16
2013-08-29 17:00:00,18.86246,196.0761,2013,8,241,17
2013-08-29 17:29:59,18.64985,63.72895,2013,8,241,17
2013-08-29 18:00:00,18.05994,-0.05245012,2013,8,241,18
2013-08-29 18:30:00,17.55463,-5.06659,2013,8,241,18
2013-08-29 18:59:59,16.97536,-4.906207,2013,8,241,18
2013-08-29 19:30:00,16.77832,-4.399097,2013,8,241,19
2013-08-29 20:00:00,16.73483,-4.173427,2013,8,241,20
2013-08-29 20:29:59,16.5289,-4.137659,2013,8,241,20
2013-08-29 21:00:00,16.06246,-4.031832,2013,8,241,21
2013-08-29 21:30:00,15.55421,-4.156563,2013,8,241,21
2013-08-29 21:59:59,14.58114,-4.099796,2013,8,241,21
2013-08-29 22:30:00,13.69131,-3.845653,2013,8,241,22
2013-08-29 23:00:00,13.16324,-3.859783,2013,8,241,23
2013-08-29 23:29:59,12.55657,-3.542646,2013,8,241,23
2013-08-30 00:00:00,12.39715,-3.349768,2013,8,242,0
2013-08-30 00:30:00,11.67661,-3.76943,2013,8,242,0
2013-08-30 00:59:59,11.18867,-3.499256,2013,8,242,0
2013-08-30 01:30:00,11.01776,-3.351401,2013,8,242,1
2013-08-30 02:00:00,11.16388,-3.36114,2013,8,242,2
2013-08-30 02:29:59,11.15437,-3.55111,2013,8,242,2
2013-08-30 03:00:00,11.00338,-3.486351,2013,8,242,3
2013-08-30 03:30:00,10.73879,-3.43587,2013,8,242,3
2013-08-30 03:59:59,10.91196,-3.491365,2013,8,242,3
2013-08-30 04:30:00,10.76473,-3.651904,2013,8,242,4
2013-08-30 05:00:00,10.55688,-3.564025,2013,8,242,5
2013-08-30 05:29:59,10.28921,-3.719845,2013,8,242,5
2013-08-30 06:00:00,9.990703,-3.562629,2013,8,242,6
2013-08-30 06:30:00,9.773557,3.773947,2013,8,242,6
2013-08-30 06:59:59,9.691112,61.86683,2013,8,242,6
2013-08-30 07:30:00,9.945672,162.6486,2013,8,242,7
2013-08-30 08:00:00,11.01031,275.3705,2013,8,242,8
2013-08-30 08:29:59,12.21782,384.2898,2013,8,242,8
2013-08-30 09:00:00,13.21441,487.045,2013,8,242,9
2013-08-30 09:30:00,14.02718,585.2772,2013,8,242,9
2013-08-30 09:59:59,15.26597,678.9194,2013,8,242,9
2013-08-30 10:30:00,15.7842,708.0985,2013,8,242,10
2013-08-30 11:00:00,16.79304,744.6971,2013,8,242,11
2013-08-30 11:29:59,17.5634,823.1819,2013,8,242,11
2013-08-30 12:00:00,18.07334,839.4282,2013,8,242,12
2013-08-30 12:30:00,18.46115,769.4003,2013,8,242,12
2013-08-30 12:59:59,18.59211,496.3718,2013,8,242,12
2013-08-30 13:30:00,19.08471,494.0774,2013,8,242,13
2013-08-30 14:00:00,19.62509,532.571,2013,8,242,14
2013-08-30 14:29:59,19.91806,593.6341,2013,8,242,14
2013-08-30 15:00:00,20.29439,540.3464,2013,8,242,15
2013-08-30 15:30:00,20.5661,453.7977,2013,8,242,15
2013-08-30 15:59:59,20.86015,396.5482,2013,8,242,15
2013-08-30 16:30:00,20.92961,287.952,2013,8,242,16
2013-08-30 17:00:00,21.08762,175.5923,2013,8,242,17
2013-08-30 17:29:59,20.9177,70.22278,2013,8,242,17
2013-08-30 18:00:00,20.41086,2.713252,2013,8,242,18
2013-08-30 18:30:00,19.90643,-4.901791,2013,8,242,18
2013-08-30 18:59:59,19.31048,-4.795425,2013,8,242,18
2013-08-30 19:30:00,18.76815,-3.69528,2013,8,242,19
2013-08-30 20:00:00,18.26382,-4.368964,2013,8,242,20
2013-08-30 20:29:59,17.75078,-4.475243,2013,8,242,20
2013-08-30 21:00:00,17.38047,-4.201692,2013,8,242,21
2013-08-30 21:30:00,17.05915,-4.16102,2013,8,242,21
2013-08-30 21:59:59,17.08193,-3.979662,2013,8,242,21
2013-08-30 22:30:00,16.87853,-4.161121,2013,8,242,22
2013-08-30 23:00:00,16.46077,-4.221099,2013,8,242,23
2013-08-30 23:29:59,15.83182,-4.366956,2013,8,242,23
2013-08-31 00:00:00,15.15413,-3.876009,2013,8,243,0
2013-08-31 00:30:00,15.26538,-3.454139,2013,8,243,0
2013-08-31 00:59:59,14.91915,-4.073213,2013,8,243,0
2013-08-31 01:30:00,14.01753,-3.914438,2013,8,243,1
2013-08-31 02:00:00,13.30479,-3.9652,2013,8,243,2
2013-08-31 02:29:59,12.76126,-3.662618,2013,8,243,2
2013-08-31 03:00:00,12.3529,-3.694723,2013,8,243,3
2013-08-31 03:30:00,12.36023,-3.446155,2013,8,243,3
2013-08-31 03:59:59,12.13387,-3.887682,2013,8,243,3
2013-08-31 04:30:00,11.14023,-3.977594,2013,8,243,4
2013-08-31 05:00:00,11.47122,-3.176654,2013,8,243,5
2013-08-31 05:29:59,11.94037,-3.692471,2013,8,243,5
2013-08-31 06:00:00,11.61335,-3.669647,2013,8,243,6
2013-08-31 06:30:00,11.3923,4.775,2013,8,243,6
2013-08-31 06:59:59,11.43425,61.65965,2013,8,243,6
2013-08-31 07:30:00,11.9535,158.1742,2013,8,243,7
2013-08-31 08:00:00,12.85277,271.6589,2013,8,243,8
2013-08-31 08:29:59,14.29527,288.0839,2013,8,243,8
2013-08-31 09:00:00,15.46696,370.4619,2013,8,243,9
2013-08-31 09:30:00,16.44398,511.1909,2013,8,243,9
2013-08-31 09:59:59,17.27225,620.6667,2013,8,243,9
2013-08-31 10:30:00,17.88446,564.0638,2013,8,243,10
2013-08-31 11:00:00,18.39874,624.7147,2013,8,243,11
2013-08-31 11:29:59,19.17959,784.8889,2013,8,243,11
2013-08-31 12:00:00,19.90108,867.4476,2013,8,243,12
2013-08-31 12:30:00,20.2677,820.7607,2013,8,243,12
2013-08-31 12:59:59,21.00773,804.2105,2013,8,243,12
2013-08-31 13:30:00,21.46917,777.4128,2013,8,243,13
2013-08-31 14:00:00,21.90181,725.8798,2013,8,243,14
2013-08-31 14:29:59,22.53414,661.3564,2013,8,243,14
2013-08-31 15:00:00,22.98567,578.7855,2013,8,243,15
2013-08-31 15:30:00,23.29659,476.3661,2013,8,243,15
2013-08-31 15:59:59,23.42257,344.22,2013,8,243,15
2013-08-31 16:30:00,23.41807,280.1274,2013,8,243,16
2013-08-31 17:00:00,23.21591,157.2766,2013,8,243,17
2013-08-31 17:29:59,22.58719,59.89345,2013,8,243,17
2013-08-31 18:00:00,21.72367,1.755447,2013,8,243,18
2013-08-31 18:30:00,21.0574,-4.532582,2013,8,243,18
2013-08-31 18:59:59,20.4537,-4.501197,2013,8,243,18
2013-08-31 19:30:00,20.15742,-4.206787,2013,8,243,19
2013-08-31 20:00:00,19.93303,-4.134173,2013,8,243,20
2013-08-31 20:29:59,19.41406,-4.17246,2013,8,243,20
2013-08-31 21:00:00,18.86486,-4.200935,2013,8,243,21
2013-08-31 21:30:00,18.43112,-4.025839,2013,8,243,21
2013-08-31 21:59:59,18.03766,-3.995877,2013,8,243,21
2013-08-31 22:30:00,17.61518,-3.994112,2013,8,243,22
2013-08-31 23:00:00,17.08782,-4.028992,2013,8,243,23
2013-08-31 23:29:59,16.93842,-3.712343,2013,8,243,23
2013-09-01 00:00:00,16.61927,-3.999657,2013,9,244,0
2013-09-01 00:30:00,16.41916,-3.753057,2013,9,244,0
2013-09-01 00:59:59,16.08973,-3.899013,2013,9,244,0
2013-09-01 01:30:00,15.55754,-3.899381,2013,9,244,1
2013-09-01 02:00:00,15.05709,-3.834609,2013,9,244,2
2013-09-01 02:29:59,14.69302,-3.69112,2013,9,244,2
2013-09-01 03:00:00,14.42704,-3.562415,2013,9,244,3
2013-09-01 03:30:00,13.93113,-3.634255,2013,9,244,3
2013-09-01 03:59:59,13.53627,-3.488402,2013,9,244,3
2013-09-01 04:30:00,13.29412,-3.500742,2013,9,244,4
2013-09-01 05:00:00,13.22858,-3.234315,2013,9,244,5
2013-09-01 05:29:59,13.13683,-3.459718,2013,9,244,5
2013-09-01 06:00:00,12.89943,-3.201875,2013,9,244,6
2013-09-01 06:30:00,12.35205,3.973467,2013,9,244,6
2013-09-01 06:59:59,11.40509,53.87792,2013,9,244,6
2013-09-01 07:30:00,11.48809,145.411,2013,9,244,7
2013-09-01 08:00:00,13.22215,250.5649,2013,9,244,8
2013-09-01 08:29:59,15.38789,360.2487,2013,9,244,8
2013-09-01 09:00:00,16.43608,458.8978,2013,9,244,9
2013-09-01 09:30:00,17.08039,568.1034,2013,9,244,9
2013-09-01 09:59:59,17.8423,650.293,2013,9,244,9
2013-09-01 10:30:00,18.72427,718.6556,2013,9,244,10
2013-09-01 11:00:00,19.52528,769.0504,2013,9,244,11
2013-09-01 11:29:59,20.26914,805.5292,2013,9,244,11
2013-09-01 12:00:00,21.00502,817.7007,2013,9,244,12
2013-09-01 12:30:00,21.7317,819.1052,2013,9,244,12
2013-09-01 12:59:59,22.42245,801.043,2013,9,244,12
2013-09-01 13:30:00,22.94052,764.7419,2013,9,244,13
2013-09-01 14:00:00,23.44071,714.2839,2013,9,244,14
2013-09-01 14:29:59,23.69763,649.6483,2013,9,244,14
2013-09-01 15:00:00,23.97146,572.9186,2013,9,244,15
2013-09-01 15:30:00,24.35931,484.3197,2013,9,244,15
2013-09-01 15:59:59,24.42378,380.1613,2013,9,244,15
2013-09-01 16:30:00,24.571,274.2961,2013,9,244,16
2013-09-01 17:00:00,24.56264,164.9183,2013,9,244,17
2013-09-01 17:29:59,24.36732,63.99367,2013,9,244,17
2013-09-01 18:00:00,23.83741,1.816008,2013,9,244,18
2013-09-01 18:30:00,23.23539,-4.716032,2013,9,244,18
2013-09-01 18:59:59,22.78425,-4.565854,2013,9,244,18
2013-09-01 19:30:00,22.17075,-4.597452,2013,9,244,19
2013-09-01 20:00:00,21.72301,-4.077107,2013,9,244,20
2013-09-01 20:29:59,21.68436,-3.741041,2013,9,244,20
2013-09-01 21:00:00,21.57463,-3.428922,2013,9,244,21
2013-09-01 21:30:00,20.93707,-5.03912,2013,9,244,21
2013-09-01 21:59:59,18.27695,-3.938353,2013,9,244,21
2013-09-01 22:30:00,17.91375,-3.830169,2013,9,244,22
2013-09-01 23:00:00,17.35543,-3.529383,2013,9,244,23
2013-09-01 23:29:59,16.91941,-3.547987,2013,9,244,23
2013-09-02 00:00:00,16.35601,-3.672544,2013,9,245,0
2013-09-02 00:30:00,15.96851,-3.611176,2013,9,245,0
2013-09-02 00:59:59,15.46703,-3.650098,2013,9,245,0
2013-09-02 01:30:00,15.36884,-3.692482,2013,9,245,1
2013-09-02 02:00:00,15.63373,-3.773096,2013,9,245,2
2013-09-02 02:29:59,14.91611,-4.40535,2013,9,245,2
2013-09-02 03:00:00,14.18097,-3.522003,2013,9,245,3
2013-09-02 03:30:00,14.35612,-2.355164,2013,9,245,3
2013-09-02 03:59:59,13.88266,-3.586482,2013,9,245,3
2013-09-02 04:30:00,13.62239,-3.256384,2013,9,245,4
2013-09-02 05:00:00,13.15985,-2.847461,2013,9,245,5
2013-09-02 05:29:59,13.18589,-3.002685,2013,9,245,5
2013-09-02 06:00:00,13.17506,-2.635114,2013,9,245,6
2013-09-02 06:30:00,13.10996,6.54309,2013,9,245,6
2013-09-02 06:59:59,13.66237,67.57553,2013,9,245,6
2013-09-02 07:30:00,14.31451,168.0828,2013,9,245,7
2013-09-02 08:00:00,15.82573,278.7415,2013,9,245,8
2013-09-02 08:29:59,17.99153,392.1447,2013,9,245,8
2013-09-02 09:00:00,19.37103,508.5403,2013,9,245,9
2013-09-02 09:30:00,20.31012,584.8203,2013,9,245,9
2013-09-02 09:59:59,21.26342,664.4257,2013,9,245,9
2013-09-02 10:30:00,22.50104,729.4753,2013,9,245,10
2013-09-02 11:00:00,23.68548,780.6938,2013,9,245,11
2013-09-02 11:29:59,25.00049,813.4427,2013,9,245,11
2013-09-02 12:00:00,25.67182,829.2804,2013,9,245,12
2013-09-02 12:30:00,26.77101,826.4525,2013,9,245,12
2013-09-02 12:59:59,27.28565,819.4224,2013,9,245,12
2013-09-02 13:30:00,27.84198,788.2874,2013,9,245,13
2013-09-02 14:00:00,28.00601,711.136,2013,9,245,14
2013-09-02 14:29:59,28.65883,682.6883,2013,9,245,14
2013-09-02 15:00:00,28.75851,539.6268,2013,9,245,15
2013-09-02 15:30:00,28.99763,516.4561,2013,9,245,15
2013-09-02 15:59:59,28.90594,401.8979,2013,9,245,15
2013-09-02 16:30:00,29.03254,288.1486,2013,9,245,16
2013-09-02 17:00:00,28.87446,175.957,2013,9,245,17
2013-09-02 17:29:59,28.4677,66.41789,2013,9,245,17
2013-09-02 18:00:00,28.06965,2.581964,2013,9,245,18
2013-09-02 18:30:00,27.40682,-5.32887,2013,9,245,18
2013-09-02 18:59:59,26.42597,-5.588011,2013,9,245,18
2013-09-02 19:30:00,24.93306,-5.848142,2013,9,245,19
2013-09-02 20:00:00,24.52217,-4.709063,2013,9,245,20
2013-09-02 20:29:59,23.44886,-4.473451,2013,9,245,20
2013-09-02 21:00:00,23.59313,-4.841267,2013,9,245,21
2013-09-02 21:30:00,21.77235,-4.616282,2013,9,245,21
2013-09-02 21:59:59,21.44187,-4.400896,2013,9,245,21
2013-09-02 22:30:00,21.20851,-4.35746,2013,9,245,22
2013-09-02 23:00:00,20.69878,-4.306652,2013,9,245,23
2013-09-02 23:29:59,20.11447,-4.380766,2013,9,245,23
2013-09-03 00:00:00,19.41125,-4.298966,2013,9,246,0
2013-09-03 00:30:00,18.84134,-4.28503,2013,9,246,0
2013-09-03 00:59:59,17.36623,-4.259833,2013,9,246,0
2013-09-03 01:30:00,16.61503,-2.590711,2013,9,246,1
2013-09-03 02:00:00,16.44569,-2.824584,2013,9,246,2
2013-09-03 02:29:59,16.15063,-2.801638,2013,9,246,2
2013-09-03 03:00:00,15.78034,-1.950622,2013,9,246,3
2013-09-03 03:30:00,15.59258,-2.726121,2013,9,246,3
2013-09-03 03:59:59,15.19168,-2.560962,2013,9,246,3
2013-09-03 04:30:00,15.13488,-2.162503,2013,9,246,4
2013-09-03 05:00:00,15.06096,-1.860504,2013,9,246,5
2013-09-03 05:29:59,15.06522,-1.957103,2013,9,246,5
2013-09-03 06:00:00,14.94817,-1.698809,2013,9,246,6
2013-09-03 06:30:00,14.89553,2.071761,2013,9,246,6
2013-09-03 06:59:59,14.68177,23.71518,2013,9,246,6
2013-09-03 07:30:00,14.73528,63.78412,2013,9,246,7
2013-09-03 08:00:00,15.27247,113.4797,2013,9,246,8
2013-09-03 08:29:59,16.04846,160.2409,2013,9,246,8
2013-09-03 09:00:00,16.82345,200.6026,2013,9,246,9
2013-09-03 09:30:00,17.97478,215.0031,2013,9,246,9
2013-09-03 09:59:59,19.60473,446.107,2013,9,246,9
2013-09-03 10:30:00,21.53015,465.0172,2013,9,246,10
2013-09-03 11:00:00,21.24508,374.3884,2013,9,246,11
2013-09-03 11:29:59,21.1349,351.6113,2013,9,246,11
2013-09-03 12:00:00,21.24293,338.6197,2013,9,246,12
2013-09-03 12:30:00,21.56574,366.8199,2013,9,246,12
2013-09-03 12:59:59,22.01302,376.5248,2013,9,246,12
2013-09-03 13:30:00,22.37242,387.0229,2013,9,246,13
2013-09-03 14:00:00,22.43091,374.938,2013,9,246,14
2013-09-03 14:29:59,22.72336,406.5178,2013,9,246,14
2013-09-03 15:00:00,23.23787,298.4193,2013,9,246,15
2013-09-03 15:30:00,23.57577,251.8302,2013,9,246,15
2013-09-03 15:59:59,23.54577,135.9198,2013,9,246,15
2013-09-03 16:30:00,23.33556,103.5698,2013,9,246,16
2013-09-03 17:00:00,23.10192,65.67593,2013,9,246,17
2013-09-03 17:29:59,22.91905,37.06688,2013,9,246,17
2013-09-03 18:00:00,22.32348,0.1324436,2013,9,246,18
2013-09-03 18:30:00,21.47733,-3.154944,2013,9,246,18
2013-09-03 18:59:59,20.95596,-3.5461,2013,9,246,18
2013-09-03 19:30:00,20.46638,-3.530033,2013,9,246,19
2013-09-03 20:00:00,20.02004,-3.659508,2013,9,246,20
2013-09-03 20:29:59,19.56988,-2.393025,2013,9,246,20
2013-09-03 21:00:00,19.15375,-3.137184,2013,9,246,21
2013-09-03 21:30:00,18.80224,-2.164481,2013,9,246,21
2013-09-03 21:59:59,18.99182,-2.433249,2013,9,246,21
2013-09-03 22:30:00,18.76227,-3.15788,2013,9,246,22
2013-09-03 23:00:00,18.25119,-3.456314,2013,9,246,23
2013-09-03 23:29:59,17.82622,-3.281302,2013,9,246,23
2013-09-04 00:00:00,17.50936,-3.130408,2013,9,247,0
2013-09-04 00:30:00,17.44161,-2.62291,2013,9,247,0
2013-09-04 00:59:59,17.02614,-3.298929,2013,9,247,0
2013-09-04 01:30:00,16.49081,-3.319467,2013,9,247,1
2013-09-04 02:00:00,16.1082,-2.782804,2013,9,247,2
2013-09-04 02:29:59,16.00599,-1.305087,2013,9,247,2
2013-09-04 03:00:00,16.48599,-1.353562,2013,9,247,3
2013-09-04 03:30:00,16.58021,-1.662458,2013,9,247,3
2013-09-04 03:59:59,16.08869,-1.72093,2013,9,247,3
2013-09-04 04:30:00,15.74473,-1.191029,2013,9,247,4
2013-09-04 05:00:00,15.46267,-1.564789,2013,9,247,5
2013-09-04 05:29:59,14.44165,-2.270439,2013,9,247,5
2013-09-04 06:00:00,13.70271,-2.291359,2013,9,247,6
2013-09-04 06:30:00,12.92819,-1.942423,2013,9,247,6
2013-09-04 06:59:59,12.32638,4.746439,2013,9,247,6
2013-09-04 07:30:00,11.71036,16.60575,2013,9,247,7
2013-09-04 08:00:00,10.78096,54.5442,2013,9,247,8
2013-09-04 08:29:59,9.959739,123.6714,2013,9,247,8
2013-09-04 09:00:00,10.36848,126.4212,2013,9,247,9
2013-09-04 09:30:00,10.78361,209.9867,2013,9,247,9
2013-09-04 09:59:59,11.32092,241.3206,2013,9,247,9
2013-09-04 10:30:00,12.033,298.7127,2013,9,247,10
2013-09-04 11:00:00,12.62543,346.2055,2013,9,247,11
2013-09-04 11:29:59,13.01516,346.2364,2013,9,247,11
2013-09-04 12:00:00,13.3517,431.6739,2013,9,247,12
2013-09-04 12:30:00,13.69678,453.4322,2013,9,247,12
2013-09-04 12:59:59,13.96082,514.3799,2013,9,247,12
2013-09-04 13:30:00,14.49291,467.6544,2013,9,247,13
2013-09-04 14:00:00,14.61288,409.1477,2013,9,247,14
2013-09-04 14:29:59,14.74634,336.4718,2013,9,247,14
2013-09-04 15:00:00,15.23448,368.9064,2013,9,247,15
2013-09-04 15:30:00,15.25963,343.843,2013,9,247,15
2013-09-04 15:59:59,15.70628,282.9039,2013,9,247,15
2013-09-04 16:30:00,15.74242,171.6259,2013,9,247,16
2013-09-04 17:00:00,15.59274,93.5751,2013,9,247,17
2013-09-04 17:29:59,15.48693,35.64795,2013,9,247,17
2013-09-04 18:00:00,15.34209,5.721186,2013,9,247,18
2013-09-04 18:30:00,14.76861,-4.417899,2013,9,247,18
2013-09-04 18:59:59,14.10659,-5.162086,2013,9,247,18
2013-09-04 19:30:00,13.9903,-4.303048,2013,9,247,19
2013-09-04 20:00:00,13.58227,-3.297916,2013,9,247,20
2013-09-04 20:29:59,13.46705,-4.340774,2013,9,247,20
2013-09-04 21:00:00,12.80969,-3.357318,2013,9,247,21
2013-09-04 21:30:00,13.11931,-2.764751,2013,9,247,21
2013-09-04 21:59:59,13.19255,-2.233611,2013,9,247,21
2013-09-04 22:30:00,12.79224,-2.331745,2013,9,247,22
2013-09-04 23:00:00,13.07917,-1.113906,2013,9,247,23
2013-09-04 23:29:59,13.2156,-1.720782,2013,9,247,23
2013-09-05 00:00:00,13.26084,-1.892712,2013,9,248,0
2013-09-05 00:30:00,13.11069,-2.708458,2013,9,248,0
2013-09-05 00:59:59,11.8109,-2.795225,2013,9,248,0
2013-09-05 01:30:00,11.41716,-2.723132,2013,9,248,1
2013-09-05 02:00:00,10.66551,-3.525022,2013,9,248,2
2013-09-05 02:29:59,9.664815,-3.092401,2013,9,248,2
2013-09-05 03:00:00,9.448881,-2.475237,2013,9,248,3
2013-09-05 03:30:00,9.284899,-3.174876,2013,9,248,3
2013-09-05 03:59:59,8.805105,-3.948229,2013,9,248,3
2013-09-05 04:30:00,8.588202,-4.042436,2013,9,248,4
2013-09-05 05:00:00,8.431901,-3.127056,2013,9,248,5
2013-09-05 05:29:59,8.039399,-3.394954,2013,9,248,5
2013-09-05 06:00:00,8.010781,-2.976836,2013,9,248,6
2013-09-05 06:30:00,7.986316,2.195706,2013,9,248,6
2013-09-05 06:59:59,7.853703,23.46267,2013,9,248,6
2013-09-05 07:30:00,7.748819,127.8812,2013,9,248,7
2013-09-05 08:00:00,8.027558,115.4389,2013,9,248,8
2013-09-05 08:29:59,9.222393,185.9968,2013,9,248,8
2013-09-05 09:00:00,10.61911,337.2027,2013,9,248,9
2013-09-05 09:30:00,11.74889,403.0006,2013,9,248,9
2013-09-05 09:59:59,12.48763,334.3545,2013,9,248,9
2013-09-05 10:30:00,13.5535,542.7994,2013,9,248,10
2013-09-05 11:00:00,14.2181,549.3865,2013,9,248,11
2013-09-05 11:29:59,14.87224,435.6133,2013,9,248,11
2013-09-05 12:00:00,15.76045,845.8553,2013,9,248,12
2013-09-05 12:30:00,16.21676,641.6252,2013,9,248,12
2013-09-05 12:59:59,16.4857,659.4922,2013,9,248,12
2013-09-05 13:30:00,17.00751,659.7593,2013,9,248,13
2013-09-05 14:00:00,17.3187,697.4586,2013,9,248,14
2013-09-05 14:29:59,17.37682,488.2576,2013,9,248,14
2013-09-05 15:00:00,17.26533,416.5603,2013,9,248,15
2013-09-05 15:30:00,17.14083,354.0094,2013,9,248,15
2013-09-05 15:59:59,17.49979,428.9547,2013,9,248,15
2013-09-05 16:30:00,17.35562,283.9873,2013,9,248,16
2013-09-05 17:00:00,17.18263,187.9572,2013,9,248,17
2013-09-05 17:29:59,16.476,79.50937,2013,9,248,17
2013-09-05 18:00:00,15.54664,6.126135,2013,9,248,18
2013-09-05 18:30:00,15.19365,-1.366102,2013,9,248,18
2013-09-05 18:59:59,14.99832,-2.91116,2013,9,248,18
2013-09-05 19:30:00,14.46139,-4.412481,2013,9,248,19
2013-09-05 20:00:00,13.96887,-4.16276,2013,9,248,20
2013-09-05 20:29:59,13.52836,-4.236896,2013,9,248,20
2013-09-05 21:00:00,13.24897,-4.080583,2013,9,248,21
2013-09-05 21:30:00,12.90613,-3.513227,2013,9,248,21
2013-09-05 21:59:59,12.83573,-3.345231,2013,9,248,21
2013-09-05 22:30:00,12.44425,-3.926277,2013,9,248,22
2013-09-05 23:00:00,11.76249,-4.112112,2013,9,248,23
2013-09-05 23:29:59,11.32008,-3.881253,2013,9,248,23
2013-09-06 00:00:00,10.52955,-3.77381,2013,9,249,0
2013-09-06 00:30:00,10.16483,-3.674264,2013,9,249,0
2013-09-06 00:59:59,9.713947,-3.375794,2013,9,249,0
2013-09-06 01:30:00,9.414618,-3.312228,2013,9,249,1
2013-09-06 02:00:00,9.178018,-3.321652,2013,9,249,2
2013-09-06 02:29:59,8.874166,-3.170714,2013,9,249,2
2013-09-06 03:00:00,8.290198,-3.294885,2013,9,249,3
2013-09-06 03:30:00,7.772705,-1.663945,2013,9,249,3
2013-09-06 03:59:59,7.839054,-0.2686068,2013,9,249,3
2013-09-06 04:30:00,8.070965,0.002871998,2013,9,249,4
2013-09-06 05:00:00,7.973928,0.2741985,2013,9,249,5
2013-09-06 05:29:59,8.199658,0.3924149,2013,9,249,5
2013-09-06 06:00:00,8.5325,0.374305,2013,9,249,6
2013-09-06 06:30:00,8.924115,5.395723,2013,9,249,6
2013-09-06 06:59:59,9.406283,23.14078,2013,9,249,6
2013-09-06 07:30:00,10.05027,46.40894,2013,9,249,7
2013-09-06 08:00:00,10.62557,81.12624,2013,9,249,8
2013-09-06 08:29:59,11.26514,176.4127,2013,9,249,8
2013-09-06 09:00:00,11.82263,216.9422,2013,9,249,9
2013-09-06 09:30:00,12.40326,312.9623,2013,9,249,9
2013-09-06 09:59:59,13.11384,437.6838,2013,9,249,9
2013-09-06 10:30:00,13.92716,426.2152,2013,9,249,10
2013-09-06 11:00:00,15.01043,687.8558,2013,9,249,11
2013-09-06 11:29:59,16.14265,787.8236,2013,9,249,11
2013-09-06 12:00:00,17.43679,862.2329,2013,9,249,12
2013-09-06 12:30:00,18.46273,690.4568,2013,9,249,12
2013-09-06 12:59:59,18.76346,662.1636,2013,9,249,12
2013-09-06 13:30:00,19.03755,179.4647,2013,9,249,13
2013-09-06 14:00:00,18.09634,504.6627,2013,9,249,14
2013-09-06 14:29:59,18.80119,463.8548,2013,9,249,14
2013-09-06 15:00:00,20.27207,691.805,2013,9,249,15
2013-09-06 15:30:00,20.16879,152.9335,2013,9,249,15
2013-09-06 15:59:59,20.2888,125.6862,2013,9,249,15
2013-09-06 16:30:00,19.62872,126.2924,2013,9,249,16
2013-09-06 17:00:00,18.96027,52.42778,2013,9,249,17
2013-09-06 17:29:59,18.55457,12.73413,2013,9,249,17
2013-09-06 18:00:00,17.88095,5.064781,2013,9,249,18
2013-09-06 18:30:00,17.34834,-3.537833,2013,9,249,18
2013-09-06 18:59:59,16.86207,-3.276154,2013,9,249,18
2013-09-06 19:30:00,16.17673,-2.821305,2013,9,249,19
2013-09-06 20:00:00,15.60592,-2.029131,2013,9,249,20
2013-09-06 20:29:59,15.3752,-1.737517,2013,9,249,20
2013-09-06 21:00:00,15.02768,-2.335368,2013,9,249,21
2013-09-06 21:30:00,14.9569,-1.648683,2013,9,249,21
2013-09-06 21:59:59,14.82661,-1.938032,2013,9,249,21
2013-09-06 22:30:00,14.60692,-1.991293,2013,9,249,22
2013-09-06 23:00:00,14.39263,-1.446788,2013,9,249,23
2013-09-06 23:29:59,14.21928,-1.786092,2013,9,249,23
2013-09-07 00:00:00,14.26346,-0.7706543,2013,9,250,0
2013-09-07 00:30:00,14.08807,-1.058041,2013,9,250,0
2013-09-07 00:59:59,14.20859,-0.8809563,2013,9,250,0
2013-09-07 01:30:00,14.40185,-2.687354,2013,9,250,1
2013-09-07 02:00:00,14.10659,-2.337317,2013,9,250,2
2013-09-07 02:29:59,13.58074,-1.480469,2013,9,250,2
2013-09-07 03:00:00,13.47276,-0.6836289,2013,9,250,3
2013-09-07 03:30:00,13.42114,-0.775183,2013,9,250,3
2013-09-07 03:59:59,13.4411,-1.171261,2013,9,250,3
2013-09-07 04:30:00,13.19111,-2.078538,2013,9,250,4
2013-09-07 05:00:00,13.15968,-1.919066,2013,9,250,5
2013-09-07 05:29:59,12.81867,-1.775764,2013,9,250,5
2013-09-07 06:00:00,12.62355,-1.417114,2013,9,250,6
2013-09-07 06:30:00,12.97419,5.126098,2013,9,250,6
2013-09-07 06:59:59,12.99649,9.331476,2013,9,250,6
2013-09-07 07:30:00,13.00516,25.49963,2013,9,250,7
2013-09-07 08:00:00,13.13626,58.89509,2013,9,250,8
2013-09-07 08:29:59,13.32382,98.03932,2013,9,250,8
2013-09-07 09:00:00,13.94388,207.8932,2013,9,250,9
2013-09-07 09:30:00,14.32676,267.1729,2013,9,250,9
2013-09-07 09:59:59,14.9701,199.4552,2013,9,250,9
2013-09-07 10:30:00,15.19982,17.40126,2013,9,250,10
2013-09-07 11:00:00,14.79938,20.2268,2013,9,250,11
2013-09-07 11:29:59,14.77649,16.96013,2013,9,250,11
2013-09-07 12:00:00,14.70311,48.99371,2013,9,250,12
2013-09-07 12:30:00,14.67007,79.31062,2013,9,250,12
2013-09-07 12:59:59,15.12959,27.40936,2013,9,250,12
2013-09-07 13:30:00,15.32917,113.7362,2013,9,250,13
2013-09-07 14:00:00,15.66946,237.5793,2013,9,250,14
2013-09-07 14:29:59,15.94699,291.4887,2013,9,250,14
2013-09-07 15:00:00,16.43467,140.0221,2013,9,250,15
2013-09-07 15:30:00,16.38515,155.7628,2013,9,250,15
2013-09-07 15:59:59,16.54576,330.2141,2013,9,250,15
2013-09-07 16:30:00,17.28158,344.0503,2013,9,250,16
2013-09-07 17:00:00,17.24311,81.09218,2013,9,250,17
2013-09-07 17:29:59,16.73663,77.38997,2013,9,250,17
2013-09-07 18:00:00,16.26343,10.51133,2013,9,250,18
2013-09-07 18:30:00,15.75082,-2.285062,2013,9,250,18
2013-09-07 18:59:59,15.49391,-1.44294,2013,9,250,18
2013-09-07 19:30:00,15.50487,-2.828015,2013,9,250,19
2013-09-07 20:00:00,15.31551,-3.002121,2013,9,250,20
2013-09-07 20:29:59,15.33683,-1.994464,2013,9,250,20
2013-09-07 21:00:00,15.51095,-0.8235164,2013,9,250,21
2013-09-07 21:30:00,15.89493,-1.794514,2013,9,250,21
2013-09-07 21:59:59,15.98219,-2.665797,2013,9,250,21
2013-09-07 22:30:00,15.71388,-3.162793,2013,9,250,22
2013-09-07 23:00:00,15.50947,-2.301808,2013,9,250,23
2013-09-07 23:29:59,15.08639,-4.171881,2013,9,250,23
2013-09-08 00:00:00,14.41762,-4.110814,2013,9,251,0
2013-09-08 00:30:00,13.75732,-4.174521,2013,9,251,0
2013-09-08 00:59:59,13.20356,-3.886937,2013,9,251,0
2013-09-08 01:30:00,12.86942,-1.636597,2013,9,251,1
2013-09-08 02:00:00,12.68317,-3.10073,2013,9,251,2
2013-09-08 02:29:59,12.52509,-3.817152,2013,9,251,2
2013-09-08 03:00:00,12.25043,-4.059385,2013,9,251,3
2013-09-08 03:30:00,11.87381,-4.173357,2013,9,251,3
2013-09-08 03:59:59,11.31845,-4.352394,2013,9,251,3
2013-09-08 04:30:00,10.81353,-3.965308,2013,9,251,4
2013-09-08 05:00:00,10.66345,-3.520363,2013,9,251,5
2013-09-08 05:29:59,10.25591,-3.200612,2013,9,251,5
2013-09-08 06:00:00,10.39083,-0.0178227,2013,9,251,6
2013-09-08 06:30:00,10.76637,6.543524,2013,9,251,6
2013-09-08 06:59:59,10.96856,37.3131,2013,9,251,6
2013-09-08 07:30:00,11.46154,203.2345,2013,9,251,7
2013-09-08 08:00:00,12.15813,209.0471,2013,9,251,8
2013-09-08 08:29:59,12.08172,153.3006,2013,9,251,8
2013-09-08 09:00:00,12.70999,381.5587,2013,9,251,9
2013-09-08 09:30:00,13.50021,605.2838,2013,9,251,9
2013-09-08 09:59:59,14.12173,615.6275,2013,9,251,9
2013-09-08 10:30:00,14.68431,763.8508,2013,9,251,10
2013-09-08 11:00:00,15.44099,830.8744,2013,9,251,11
2013-09-08 11:29:59,15.7638,703.2552,2013,9,251,11
2013-09-08 12:00:00,16.425,890.3815,2013,9,251,12
2013-09-08 12:30:00,16.57812,839.5099,2013,9,251,12
2013-09-08 12:59:59,16.89611,869.6883,2013,9,251,12
2013-09-08 13:30:00,17.22511,834.3179,2013,9,251,13
2013-09-08 14:00:00,17.59402,783.655,2013,9,251,14
2013-09-08 14:29:59,17.84252,708.0016,2013,9,251,14
2013-09-08 15:00:00,18.05972,633.7578,2013,9,251,15
2013-09-08 15:30:00,18.24655,533.1318,2013,9,251,15
2013-09-08 15:59:59,18.28171,426.0506,2013,9,251,15
2013-09-08 16:30:00,18.09587,319.0728,2013,9,251,16
2013-09-08 17:00:00,17.82347,191.7011,2013,9,251,17
2013-09-08 17:29:59,17.54951,90.66002,2013,9,251,17
2013-09-08 18:00:00,16.92846,8.241557,2013,9,251,18
2013-09-08 18:30:00,16.22957,-5.221275,2013,9,251,18
2013-09-08 18:59:59,15.68972,-4.990881,2013,9,251,18
2013-09-08 19:30:00,15.05461,-4.900459,2013,9,251,19
2013-09-08 20:00:00,14.4263,-4.819141,2013,9,251,20
2013-09-08 20:29:59,13.57532,-4.865314,2013,9,251,20
2013-09-08 21:00:00,13.066,-4.564338,2013,9,251,21
2013-09-08 21:30:00,12.86995,-4.430274,2013,9,251,21
2013-09-08 21:59:59,12.60969,-4.470976,2013,9,251,21
2013-09-08 22:30:00,12.60726,-4.214356,2013,9,251,22
2013-09-08 23:00:00,12.3516,-4.155797,2013,9,251,23
2013-09-08 23:29:59,12.43494,-3.773002,2013,9,251,23
2013-09-09 00:00:00,12.3733,-3.609363,2013,9,252,0
2013-09-09 00:30:00,11.95405,-3.01143,2013,9,252,0
2013-09-09 00:59:59,11.94551,-3.312787,2013,9,252,0
2013-09-09 01:30:00,11.85612,-3.515928,2013,9,252,1
2013-09-09 02:00:00,11.75907,-2.946613,2013,9,252,2
2013-09-09 02:29:59,11.53992,-2.998772,2013,9,252,2
2013-09-09 03:00:00,11.32577,-3.574494,2013,9,252,3
2013-09-09 03:30:00,10.61418,-3.622638,2013,9,252,3
2013-09-09 03:59:59,9.879172,-3.012445,2013,9,252,3
2013-09-09 04:30:00,9.696856,-3.237964,2013,9,252,4
2013-09-09 05:00:00,9.39416,-3.735185,2013,9,252,5
2013-09-09 05:29:59,9.071788,-4.2716,2013,9,252,5
2013-09-09 06:00:00,8.776933,-3.701057,2013,9,252,6
2013-09-09 06:30:00,8.53472,11.07822,2013,9,252,6
2013-09-09 06:59:59,8.9918,99.88731,2013,9,252,6
2013-09-09 07:30:00,9.573584,212.838,2013,9,252,7
2013-09-09 08:00:00,10.33706,330.3676,2013,9,252,8
2013-09-09 08:29:59,11.3175,443.652,2013,9,252,8
2013-09-09 09:00:00,12.47125,531.4528,2013,9,252,9
2013-09-09 09:30:00,13.5363,638.699,2013,9,252,9
2013-09-09 09:59:59,14.57192,612.0244,2013,9,252,9
2013-09-09 10:30:00,14.89373,700.3721,2013,9,252,10
2013-09-09 11:00:00,15.36752,464.0119,2013,9,252,11
2013-09-09 11:29:59,15.79322,690.4435,2013,9,252,11
2013-09-09 12:00:00,16.57301,798.129,2013,9,252,12
2013-09-09 12:30:00,17.11323,782.0143,2013,9,252,12
2013-09-09 12:59:59,17.13062,798.5516,2013,9,252,12
2013-09-09 13:30:00,17.47744,710.9192,2013,9,252,13
2013-09-09 14:00:00,18.15824,789.0764,2013,9,252,14
2013-09-09 14:29:59,18.48225,691.8173,2013,9,252,14
2013-09-09 15:00:00,18.80044,620.4565,2013,9,252,15
2013-09-09 15:30:00,19.20263,527.9868,2013,9,252,15
2013-09-09 15:59:59,19.20268,423.6032,2013,9,252,15
2013-09-09 16:30:00,19.22922,312.036,2013,9,252,16
2013-09-09 17:00:00,19.3244,197.6184,2013,9,252,17
2013-09-09 17:29:59,19.19778,88.32184,2013,9,252,17
2013-09-09 18:00:00,18.66378,8.266795,2013,9,252,18
2013-09-09 18:30:00,17.95878,-5.197083,2013,9,252,18
2013-09-09 18:59:59,17.40727,-5.004763,2013,9,252,18
2013-09-09 19:30:00,16.67282,-5.050563,2013,9,252,19
2013-09-09 20:00:00,15.67473,-4.87492,2013,9,252,20
2013-09-09 20:29:59,15.10368,-4.458538,2013,9,252,20
2013-09-09 21:00:00,14.70227,-4.234512,2013,9,252,21
2013-09-09 21:30:00,14.55774,-4.073913,2013,9,252,21
2013-09-09 21:59:59,14.21302,-4.220645,2013,9,252,21
2013-09-09 22:30:00,13.93654,-4.000962,2013,9,252,22
2013-09-09 23:00:00,13.34159,-3.781662,2013,9,252,23
2013-09-09 23:29:59,12.91589,-3.834547,2013,9,252,23
2013-09-10 00:00:00,12.52799,-3.966026,2013,9,253,0
2013-09-10 00:30:00,12.48568,-3.406802,2013,9,253,0
2013-09-10 00:59:59,11.96506,-3.821401,2013,9,253,0
2013-09-10 01:30:00,11.64862,-2.47846,2013,9,253,1
2013-09-10 02:00:00,11.87424,-1.389013,2013,9,253,2
2013-09-10 02:29:59,11.8975,-1.859195,2013,9,253,2
2013-09-10 03:00:00,11.61187,-2.269246,2013,9,253,3
2013-09-10 03:30:00,11.08526,-2.948193,2013,9,253,3
2013-09-10 03:59:59,11.16838,-2.433941,2013,9,253,3
2013-09-10 04:30:00,11.04714,-3.045144,2013,9,253,4
2013-09-10 05:00:00,10.43611,-3.305787,2013,9,253,5
2013-09-10 05:29:59,10.46819,-2.765507,2013,9,253,5
2013-09-10 06:00:00,10.19101,-3.029513,2013,9,253,6
2013-09-10 06:30:00,10.35558,9.122792,2013,9,253,6
2013-09-10 06:59:59,10.4753,99.46458,2013,9,253,6
2013-09-10 07:30:00,10.74988,218.3396,2013,9,253,7
2013-09-10 08:00:00,13.01381,336.3465,2013,9,253,8
2013-09-10 08:29:59,15.09716,450.3035,2013,9,253,8
2013-09-10 09:00:00,16.62622,554.7518,2013,9,253,9
2013-09-10 09:30:00,17.65258,647.1275,2013,9,253,9
2013-09-10 09:59:59,18.91086,726.1706,2013,9,253,9
2013-09-10 10:30:00,19.57994,789.1178,2013,9,253,10
2013-09-10 11:00:00,20.99219,834.6663,2013,9,253,11
2013-09-10 11:29:59,22.01913,865.7422,2013,9,253,11
2013-09-10 12:00:00,22.97053,877.3569,2013,9,253,12
2013-09-10 12:30:00,24.01035,874.4495,2013,9,253,12
2013-09-10 12:59:59,24.87833,859.0552,2013,9,253,12
2013-09-10 13:30:00,25.34734,827.4526,2013,9,253,13
2013-09-10 14:00:00,25.55077,781.0213,2013,9,253,14
2013-09-10 14:29:59,25.94759,654.6395,2013,9,253,14
2013-09-10 15:00:00,26.51595,644.6292,2013,9,253,15
2013-09-10 15:30:00,26.7634,537.7169,2013,9,253,15
2013-09-10 15:59:59,26.65922,379.0958,2013,9,253,15
2013-09-10 16:30:00,26.3958,168.0379,2013,9,253,16
2013-09-10 17:00:00,26.60159,179.4358,2013,9,253,17
2013-09-10 17:29:59,26.63273,98.50019,2013,9,253,17
2013-09-10 18:00:00,26.18958,11.81703,2013,9,253,18
2013-09-10 18:30:00,25.44263,-5.637593,2013,9,253,18
2013-09-10 18:59:59,24.99681,-5.680291,2013,9,253,18
2013-09-10 19:30:00,24.45202,-5.619481,2013,9,253,19
2013-09-10 20:00:00,22.98503,-5.572919,2013,9,253,20
2013-09-10 20:29:59,22.47839,-4.896666,2013,9,253,20
2013-09-10 21:00:00,22.22254,-5.000415,2013,9,253,21
2013-09-10 21:30:00,22.16322,-5.171592,2013,9,253,21
2013-09-10 21:59:59,21.60488,-4.992346,2013,9,253,21
2013-09-10 22:30:00,20.95498,-5.152483,2013,9,253,22
2013-09-10 23:00:00,20.13527,-4.651027,2013,9,253,23
2013-09-10 23:29:59,19.23476,-4.892687,2013,9,253,23
2013-09-11 00:00:00,18.41388,-4.43056,2013,9,254,0
2013-09-11 00:30:00,17.67793,-4.24132,2013,9,254,0
2013-09-11 00:59:59,17.20699,-3.750254,2013,9,254,0
2013-09-11 01:30:00,16.94811,-3.472213,2013,9,254,1
2013-09-11 02:00:00,16.7456,-3.173624,2013,9,254,2
2013-09-11 02:29:59,16.36515,-2.709282,2013,9,254,2
2013-09-11 03:00:00,15.94606,-2.751014,2013,9,254,3
2013-09-11 03:30:00,16.08588,-2.814574,2013,9,254,3
2013-09-11 03:59:59,15.7594,-3.127486,2013,9,254,3
2013-09-11 04:30:00,15.31909,-3.430622,2013,9,254,4
2013-09-11 05:00:00,14.59918,-3.425043,2013,9,254,5
2013-09-11 05:29:59,14.00744,-3.251613,2013,9,254,5
2013-09-11 06:00:00,13.79428,-1.574366,2013,9,254,6
2013-09-11 06:30:00,13.64371,9.815915,2013,9,254,6
2013-09-11 06:59:59,14.58675,64.45365,2013,9,254,6
2013-09-11 07:30:00,15.00459,110.1976,2013,9,254,7
2013-09-11 08:00:00,15.61248,269.765,2013,9,254,8
2013-09-11 08:29:59,16.50533,356.8378,2013,9,254,8
2013-09-11 09:00:00,17.37303,363.1371,2013,9,254,9
2013-09-11 09:30:00,18.10494,536.3875,2013,9,254,9
2013-09-11 09:59:59,19.03971,791.8281,2013,9,254,9
2013-09-11 10:30:00,19.72478,804.0878,2013,9,254,10
2013-09-11 11:00:00,20.52899,897.6769,2013,9,254,11
2013-09-11 11:29:59,21.07861,790.9414,2013,9,254,11
2013-09-11 12:00:00,21.31815,863.2584,2013,9,254,12
2013-09-11 12:30:00,21.13324,638.1428,2013,9,254,12
2013-09-11 12:59:59,19.6459,415.3398,2013,9,254,12
2013-09-11 13:30:00,16.62752,251.92,2013,9,254,13
2013-09-11 14:00:00,14.66441,60.8872,2013,9,254,14
2013-09-11 14:29:59,14.16487,150.4699,2013,9,254,14
2013-09-11 15:00:00,14.47319,110.1901,2013,9,254,15
2013-09-11 15:30:00,14.77052,244.8363,2013,9,254,15
2013-09-11 15:59:59,15.60878,433.1183,2013,9,254,15
2013-09-11 16:30:00,16.22537,288.3358,2013,9,254,16
2013-09-11 17:00:00,16.77509,200.4922,2013,9,254,17
2013-09-11 17:29:59,17.00441,96.22961,2013,9,254,17
2013-09-11 18:00:00,16.56716,16.23201,2013,9,254,18
2013-09-11 18:30:00,15.99848,-3.597826,2013,9,254,18
2013-09-11 18:59:59,15.66438,-3.427265,2013,9,254,18
2013-09-11 19:30:00,15.71834,-2.450444,2013,9,254,19
2013-09-11 20:00:00,15.2509,-2.311833,2013,9,254,20
2013-09-11 20:29:59,15.14066,-2.605401,2013,9,254,20
2013-09-11 21:00:00,15.28608,-3.734747,2013,9,254,21
2013-09-11 21:30:00,15.87137,-4.022146,2013,9,254,21
2013-09-11 21:59:59,15.32548,-4.392533,2013,9,254,21
2013-09-11 22:30:00,14.69675,-4.245448,2013,9,254,22
2013-09-11 23:00:00,14.29245,-3.797001,2013,9,254,23
2013-09-11 23:29:59,13.79753,-3.923839,2013,9,254,23
2013-09-12 00:00:00,13.25664,-3.881522,2013,9,255,0
2013-09-12 00:30:00,12.86347,-3.856732,2013,9,255,0
2013-09-12 00:59:59,12.51076,-4.050603,2013,9,255,0
2013-09-12 01:30:00,12.12979,-3.764739,2013,9,255,1
2013-09-12 02:00:00,11.93396,-3.893935,2013,9,255,2
2013-09-12 02:29:59,11.63929,-3.952396,2013,9,255,2
2013-09-12 03:00:00,11.28278,-3.86342,2013,9,255,3
2013-09-12 03:30:00,11.21345,-3.69393,2013,9,255,3
2013-09-12 03:59:59,11.14669,-3.39036,2013,9,255,3
2013-09-12 04:30:00,11.06971,-2.824286,2013,9,255,4
2013-09-12 05:00:00,10.971,-3.74915,2013,9,255,5
2013-09-12 05:29:59,10.82537,-3.767716,2013,9,255,5
2013-09-12 06:00:00,10.3688,-2.789726,2013,9,255,6
2013-09-12 06:30:00,10.38686,12.41988,2013,9,255,6
2013-09-12 06:59:59,10.62913,52.29311,2013,9,255,6
2013-09-12 07:30:00,11.2108,108.5194,2013,9,255,7
2013-09-12 08:00:00,11.76416,182.0031,2013,9,255,8
2013-09-12 08:29:59,12.23559,271.2442,2013,9,255,8
2013-09-12 09:00:00,12.83467,280.2175,2013,9,255,9
2013-09-12 09:30:00,13.34061,236.2226,2013,9,255,9
2013-09-12 09:59:59,13.49724,314.5587,2013,9,255,9
2013-09-12 10:30:00,13.62958,333.4452,2013,9,255,10
2013-09-12 11:00:00,13.72677,394.0336,2013,9,255,11
2013-09-12 11:29:59,14.30658,639.5079,2013,9,255,11
2013-09-12 12:00:00,14.65739,708.6844,2013,9,255,12
2013-09-12 12:30:00,15.38325,667.23,2013,9,255,12
2013-09-12 12:59:59,15.04902,448.5439,2013,9,255,12
2013-09-12 13:30:00,15.53956,630.3242,2013,9,255,13
2013-09-12 14:00:00,16.41195,676.5132,2013,9,255,14
2013-09-12 14:29:59,17.36219,485.2123,2013,9,255,14
2013-09-12 15:00:00,17.8871,403.6515,2013,9,255,15
2013-09-12 15:30:00,17.92746,273.8377,2013,9,255,15
2013-09-12 15:59:59,17.67247,295.0652,2013,9,255,15
2013-09-12 16:30:00,17.74684,291.4325,2013,9,255,16
2013-09-12 17:00:00,17.69127,163.1352,2013,9,255,17
2013-09-12 17:29:59,17.29668,103.2377,2013,9,255,17
2013-09-12 18:00:00,16.63934,7.235915,2013,9,255,18
2013-09-12 18:30:00,16.27525,-4.370829,2013,9,255,18
2013-09-12 18:59:59,15.75347,-3.467569,2013,9,255,18
2013-09-12 19:30:00,15.69011,-3.386755,2013,9,255,19
2013-09-12 20:00:00,15.47569,-4.419013,2013,9,255,20
2013-09-12 20:29:59,14.75541,-4.15104,2013,9,255,20
2013-09-12 21:00:00,14.26958,-3.813843,2013,9,255,21
2013-09-12 21:30:00,14.06191,-3.546796,2013,9,255,21
2013-09-12 21:59:59,13.7373,-3.864281,2013,9,255,21
2013-09-12 22:30:00,13.27408,-3.709602,2013,9,255,22
2013-09-12 23:00:00,13.09398,-3.64706,2013,9,255,23
2013-09-12 23:29:59,12.50724,-3.839598,2013,9,255,23
2013-09-13 00:00:00,11.94937,-3.825963,2013,9,256,0
2013-09-13 00:30:00,11.83506,-3.814157,2013,9,256,0
2013-09-13 00:59:59,11.4323,-3.983108,2013,9,256,0
2013-09-13 01:30:00,10.89993,-3.978039,2013,9,256,1
2013-09-13 02:00:00,10.38658,-4.000428,2013,9,256,2
2013-09-13 02:29:59,10.06379,-3.873646,2013,9,256,2
2013-09-13 03:00:00,9.880971,-3.796614,2013,9,256,3
2013-09-13 03:30:00,9.62055,-3.561763,2013,9,256,3
2013-09-13 03:59:59,9.182433,-3.656728,2013,9,256,3
2013-09-13 04:30:00,8.673869,-3.640495,2013,9,256,4
2013-09-13 05:00:00,8.148626,-3.377452,2013,9,256,5
2013-09-13 05:29:59,8.451853,-3.537991,2013,9,256,5
2013-09-13 06:00:00,8.146236,-2.118782,2013,9,256,6
2013-09-13 06:30:00,8.443964,14.34163,2013,9,256,6
2013-09-13 06:59:59,8.086948,107.3275,2013,9,256,6
2013-09-13 07:30:00,9.363632,229.3155,2013,9,256,7
2013-09-13 08:00:00,11.83316,346.5711,2013,9,256,8
2013-09-13 08:29:59,12.87004,459.5518,2013,9,256,8
2013-09-13 09:00:00,13.59742,564.3852,2013,9,256,9
2013-09-13 09:30:00,14.46962,660.889,2013,9,256,9
2013-09-13 09:59:59,14.78408,724.7325,2013,9,256,9
2013-09-13 10:30:00,15.62978,794.6682,2013,9,256,10
2013-09-13 11:00:00,15.81948,841.9544,2013,9,256,11
2013-09-13 11:29:59,16.45436,877.2262,2013,9,256,11
2013-09-13 12:00:00,17.12468,893.0266,2013,9,256,12
2013-09-13 12:30:00,17.55199,889.5189,2013,9,256,12
2013-09-13 12:59:59,18.45904,871.7733,2013,9,256,12
2013-09-13 13:30:00,19.10011,837.2651,2013,9,256,13
2013-09-13 14:00:00,19.57362,784.5131,2013,9,256,14
2013-09-13 14:29:59,19.82424,718.6539,2013,9,256,14
2013-09-13 15:00:00,20.25875,609.5266,2013,9,256,15
2013-09-13 15:30:00,20.47086,538.486,2013,9,256,15
2013-09-13 15:59:59,20.60544,424.817,2013,9,256,15
2013-09-13 16:30:00,20.6925,309.2329,2013,9,256,16
2013-09-13 17:00:00,20.7635,201.5216,2013,9,256,17
2013-09-13 17:29:59,20.52525,81.21949,2013,9,256,17
2013-09-13 18:00:00,20.15365,8.118134,2013,9,256,18
2013-09-13 18:30:00,19.85051,-4.693437,2013,9,256,18
2013-09-13 18:59:59,19.44495,-4.256731,2013,9,256,18
2013-09-13 19:30:00,18.90571,-3.206292,2013,9,256,19
2013-09-13 20:00:00,19.17459,-3.966752,2013,9,256,20
2013-09-13 20:29:59,18.92444,-2.987399,2013,9,256,20
2013-09-13 21:00:00,18.75675,-2.220441,2013,9,256,21
2013-09-13 21:30:00,18.7149,-2.410225,2013,9,256,21
2013-09-13 21:59:59,18.08915,-3.549399,2013,9,256,21
2013-09-13 22:30:00,16.34031,-3.615892,2013,9,256,22
2013-09-13 23:00:00,15.45644,-3.605788,2013,9,256,23
2013-09-13 23:29:59,14.98131,-2.408295,2013,9,256,23
2013-09-14 00:00:00,14.70169,-2.524827,2013,9,257,0
2013-09-14 00:30:00,14.58233,-3.17846,2013,9,257,0
2013-09-14 00:59:59,14.21074,-3.179016,2013,9,257,0
2013-09-14 01:30:00,13.61924,-3.413493,2013,9,257,1
2013-09-14 02:00:00,13.38151,-2.879807,2013,9,257,2
2013-09-14 02:29:59,13.27645,-3.290169,2013,9,257,2
2013-09-14 03:00:00,12.99941,-2.583616,2013,9,257,3
2013-09-14 03:30:00,12.80803,-1.924664,2013,9,257,3
2013-09-14 03:59:59,12.47348,-2.387144,2013,9,257,3
2013-09-14 04:30:00,12.03161,-2.233948,2013,9,257,4
2013-09-14 05:00:00,12.38497,-1.566131,2013,9,257,5
2013-09-14 05:29:59,12.85475,-1.777238,2013,9,257,5
2013-09-14 06:00:00,13.71852,-3.551329,2013,9,257,6
2013-09-14 06:30:00,13.0078,14.98117,2013,9,257,6
2013-09-14 06:59:59,12.85641,66.66047,2013,9,257,6
2013-09-14 07:30:00,12.99048,134.9693,2013,9,257,7
2013-09-14 08:00:00,13.49989,343.2233,2013,9,257,8
2013-09-14 08:29:59,13.73472,337.2873,2013,9,257,8
2013-09-14 09:00:00,12.5368,146.4325,2013,9,257,9
2013-09-14 09:30:00,12.19058,105.6005,2013,9,257,9
2013-09-14 09:59:59,12.47684,209.2284,2013,9,257,9
2013-09-14 10:30:00,13.42333,544.1604,2013,9,257,10
2013-09-14 11:00:00,14.79139,524.0568,2013,9,257,11
2013-09-14 11:29:59,15.28533,841.2808,2013,9,257,11
2013-09-14 12:00:00,15.47627,843.6556,2013,9,257,12
2013-09-14 12:30:00,15.14943,224.6246,2013,9,257,12
2013-09-14 12:59:59,12.59949,463.612,2013,9,257,12
2013-09-14 13:30:00,13.78289,563.306,2013,9,257,13
2013-09-14 14:00:00,13.37122,288.2589,2013,9,257,14
2013-09-14 14:29:59,14.48597,698.2307,2013,9,257,14
2013-09-14 15:00:00,15.67047,409.3255,2013,9,257,15
2013-09-14 15:30:00,13.8701,58.3466,2013,9,257,15
2013-09-14 15:59:59,13.04102,380.7952,2013,9,257,15
2013-09-14 16:30:00,14.85002,257.4861,2013,9,257,16
2013-09-14 17:00:00,14.16233,184.039,2013,9,257,17
2013-09-14 17:29:59,15.59385,71.13207,2013,9,257,17
2013-09-14 18:00:00,15.2788,6.36874,2013,9,257,18
2013-09-14 18:30:00,14.47554,-3.75616,2013,9,257,18
2013-09-14 18:59:59,13.00495,-3.866276,2013,9,257,18
2013-09-14 19:30:00,11.66808,-3.631395,2013,9,257,19
2013-09-14 20:00:00,11.96737,-3.813175,2013,9,257,20
2013-09-14 20:29:59,11.94241,-3.672937,2013,9,257,20
2013-09-14 21:00:00,11.87971,-3.327702,2013,9,257,21
2013-09-14 21:30:00,11.70751,-3.149552,2013,9,257,21
2013-09-14 21:59:59,11.65203,-1.992775,2013,9,257,21
2013-09-14 22:30:00,11.52862,-1.956517,2013,9,257,22
2013-09-14 23:00:00,11.54614,-2.505705,2013,9,257,23
2013-09-14 23:29:59,11.36388,-2.534917,2013,9,257,23
2013-09-15 00:00:00,11.03973,-2.637679,2013,9,258,0
2013-09-15 00:30:00,10.86368,-2.137148,2013,9,258,0
2013-09-15 00:59:59,10.66788,-1.734064,2013,9,258,0
2013-09-15 01:30:00,10.51632,-1.425667,2013,9,258,1
2013-09-15 02:00:00,9.979725,-1.646402,2013,9,258,2
2013-09-15 02:29:59,9.911896,-1.064713,2013,9,258,2
2013-09-15 03:00:00,9.872806,-0.724484,2013,9,258,3
2013-09-15 03:30:00,9.851599,-0.6813561,2013,9,258,3
2013-09-15 03:59:59,9.920767,-0.757533,2013,9,258,3
2013-09-15 04:30:00,9.924446,-0.5559219,2013,9,258,4
2013-09-15 05:00:00,9.957928,-0.5337518,2013,9,258,5
2013-09-15 05:29:59,9.924079,-0.4155969,2013,9,258,5
2013-09-15 06:00:00,10.01363,0.3084728,2013,9,258,6
2013-09-15 06:30:00,10.0591,18.12515,2013,9,258,6
2013-09-15 06:59:59,10.21224,50.57232,2013,9,258,6
2013-09-15 07:30:00,10.46234,61.02685,2013,9,258,7
2013-09-15 08:00:00,10.86369,223.0672,2013,9,258,8
2013-09-15 08:29:59,11.26792,270.1135,2013,9,258,8
2013-09-15 09:00:00,11.80405,370.0719,2013,9,258,9
2013-09-15 09:30:00,11.98167,333.8084,2013,9,258,9
2013-09-15 09:59:59,12.54611,496.4573,2013,9,258,9
2013-09-15 10:30:00,13.31883,776.4639,2013,9,258,10
2013-09-15 11:00:00,14.00571,616.9775,2013,9,258,11
2013-09-15 11:29:59,14.13509,951.9603,2013,9,258,11
2013-09-15 12:00:00,14.21577,918.8094,2013,9,258,12
2013-09-15 12:30:00,14.70859,671.6353,2013,9,258,12
2013-09-15 12:59:59,14.83493,497.8672,2013,9,258,12
2013-09-15 13:30:00,15.62835,659.3337,2013,9,258,13
2013-09-15 14:00:00,14.68092,411.8445,2013,9,258,14
2013-09-15 14:29:59,14.99926,355.8366,2013,9,258,14
2013-09-15 15:00:00,15.11945,306.2134,2013,9,258,15
2013-09-15 15:30:00,14.43241,352.6785,2013,9,258,15
2013-09-15 15:59:59,14.87166,286.0539,2013,9,258,15
2013-09-15 16:30:00,15.11486,195.5247,2013,9,258,16
2013-09-15 17:00:00,14.97653,93.80984,2013,9,258,17
2013-09-15 17:29:59,14.54978,35.64912,2013,9,258,17
2013-09-15 18:00:00,14.24061,2.272895,2013,9,258,18
2013-09-15 18:30:00,13.92206,-3.488312,2013,9,258,18
2013-09-15 18:59:59,13.67963,-1.173229,2013,9,258,18
2013-09-15 19:30:00,13.49558,-1.438127,2013,9,258,19
2013-09-15 20:00:00,13.50443,-1.570036,2013,9,258,20
2013-09-15 20:29:59,13.39393,-1.783567,2013,9,258,20
2013-09-15 21:00:00,13.21807,-1.638145,2013,9,258,21
2013-09-15 21:30:00,12.91603,-0.8794665,2013,9,258,21
2013-09-15 21:59:59,12.97759,-0.5206032,2013,9,258,21
2013-09-15 22:30:00,12.83298,-0.7145509,2013,9,258,22
2013-09-15 23:00:00,12.49394,-0.8057855,2013,9,258,23
2013-09-15 23:29:59,12.26466,-0.8277637,2013,9,258,23
2013-09-16 00:00:00,12.23617,-1.312999,2013,9,259,0
2013-09-16 00:30:00,11.76501,-1.330252,2013,9,259,0
2013-09-16 00:59:59,11.65304,-0.8350692,2013,9,259,0
2013-09-16 01:30:00,11.61607,-0.8775349,2013,9,259,1
2013-09-16 02:00:00,11.64236,-1.150465,2013,9,259,2
2013-09-16 02:29:59,11.67715,-1.455762,2013,9,259,2
2013-09-16 03:00:00,11.65056,-1.933742,2013,9,259,3
2013-09-16 03:30:00,11.48041,-3.780906,2013,9,259,3
2013-09-16 03:59:59,11.3,-3.856727,2013,9,259,3
2013-09-16 04:30:00,10.89847,-4.421475,2013,9,259,4
2013-09-16 05:00:00,10.60917,-3.748029,2013,9,259,5
2013-09-16 05:29:59,10.32116,-3.492241,2013,9,259,5
2013-09-16 06:00:00,9.976606,-1.159122,2013,9,259,6
2013-09-16 06:30:00,9.995647,16.41003,2013,9,259,6
2013-09-16 06:59:59,10.45632,119.7175,2013,9,259,6
2013-09-16 07:30:00,10.84982,147.7456,2013,9,259,7
2013-09-16 08:00:00,10.99197,270.693,2013,9,259,8
2013-09-16 08:29:59,11.8053,471.3548,2013,9,259,8
2013-09-16 09:00:00,12.09753,539.2557,2013,9,259,9
2013-09-16 09:30:00,13.36121,658.0317,2013,9,259,9
2013-09-16 09:59:59,13.86185,746.3654,2013,9,259,9
2013-09-16 10:30:00,14.56445,775.0916,2013,9,259,10
2013-09-16 11:00:00,15.70355,834.6254,2013,9,259,11
2013-09-16 11:29:59,16.71536,868.5323,2013,9,259,11
2013-09-16 12:00:00,17.57041,884.5844,2013,9,259,12
2013-09-16 12:30:00,18.40183,882.9437,2013,9,259,12
2013-09-16 12:59:59,19.128,862.5978,2013,9,259,12
2013-09-16 13:30:00,20.13314,824.5282,2013,9,259,13
2013-09-16 14:00:00,20.65457,770.407,2013,9,259,14
2013-09-16 14:29:59,21.19342,703.7502,2013,9,259,14
2013-09-16 15:00:00,21.83718,618.4979,2013,9,259,15
2013-09-16 15:30:00,22.43289,519.8264,2013,9,259,15
2013-09-16 15:59:59,22.53712,415.4516,2013,9,259,15
2013-09-16 16:30:00,22.63144,303.6454,2013,9,259,16
2013-09-16 17:00:00,22.38431,186.7276,2013,9,259,17
2013-09-16 17:29:59,22.19943,82.4266,2013,9,259,17
2013-09-16 18:00:00,21.74819,9.581772,2013,9,259,18
2013-09-16 18:30:00,21.17948,-5.196235,2013,9,259,18
2013-09-16 18:59:59,20.57561,-5.502641,2013,9,259,18
2013-09-16 19:30:00,19.89287,-5.15905,2013,9,259,19
2013-09-16 20:00:00,19.30312,-4.841744,2013,9,259,20
2013-09-16 20:29:59,18.7807,-4.529223,2013,9,259,20
2013-09-16 21:00:00,18.6126,-4.643773,2013,9,259,21
2013-09-16 21:30:00,18.38441,-4.465031,2013,9,259,21
2013-09-16 21:59:59,18.12958,-4.554552,2013,9,259,21
2013-09-16 22:30:00,17.904,-4.392099,2013,9,259,22
2013-09-16 23:00:00,17.42228,-4.578292,2013,9,259,23
2013-09-16 23:29:59,16.62467,-4.498894,2013,9,259,23
2013-09-17 00:00:00,15.59218,-4.639881,2013,9,260,0
2013-09-17 00:30:00,15.13865,-4.335119,2013,9,260,0
2013-09-17 00:59:59,15.189,-3.920509,2013,9,260,0
2013-09-17 01:30:00,15.35781,-2.64378,2013,9,260,1
2013-09-17 02:00:00,12.41849,-5.806962,2013,9,260,2
2013-09-17 02:29:59,9.779358,-2.506373,2013,9,260,2
2013-09-17 03:00:00,9.331276,-1.595459,2013,9,260,3
2013-09-17 03:30:00,8.986936,-1.300251,2013,9,260,3
2013-09-17 03:59:59,8.861249,-1.80822,2013,9,260,3
2013-09-17 04:30:00,8.942752,-1.923024,2013,9,260,4
2013-09-17 05:00:00,8.884764,-2.084719,2013,9,260,5
2013-09-17 05:29:59,8.491675,-4.828946,2013,9,260,5
2013-09-17 06:00:00,8.170878,-2.25085,2013,9,260,6
2013-09-17 06:30:00,8.152963,22.99701,2013,9,260,6
2013-09-17 06:59:59,8.352428,108.6738,2013,9,260,6
2013-09-17 07:30:00,8.729911,220.766,2013,9,260,7
2013-09-17 08:00:00,9.170483,304.797,2013,9,260,8
2013-09-17 08:29:59,9.580053,341.1218,2013,9,260,8
2013-09-17 09:00:00,10.05824,471.062,2013,9,260,9
2013-09-17 09:30:00,10.51535,589.3891,2013,9,260,9
2013-09-17 09:59:59,11.09823,738.3813,2013,9,260,9
2013-09-17 10:30:00,11.73392,820.4808,2013,9,260,10
2013-09-17 11:00:00,12.41502,761.6078,2013,9,260,11
2013-09-17 11:29:59,12.64236,714.9422,2013,9,260,11
2013-09-17 12:00:00,12.84943,710.797,2013,9,260,12
2013-09-17 12:30:00,13.00176,984.7413,2013,9,260,12
2013-09-17 12:59:59,13.42224,947.1072,2013,9,260,12
2013-09-17 13:30:00,13.78338,693.3751,2013,9,260,13
2013-09-17 14:00:00,13.76294,509.345,2013,9,260,14
2013-09-17 14:29:59,13.91163,400.0249,2013,9,260,14
2013-09-17 15:00:00,14.08595,400.6276,2013,9,260,15
2013-09-17 15:30:00,14.49038,495.7222,2013,9,260,15
2013-09-17 15:59:59,14.40986,353.0114,2013,9,260,15
2013-09-17 16:30:00,14.35577,258.5476,2013,9,260,16
2013-09-17 17:00:00,14.63071,240.8126,2013,9,260,17
2013-09-17 17:29:59,14.1856,88.66205,2013,9,260,17
2013-09-17 18:00:00,13.71118,15.92495,2013,9,260,18
2013-09-17 18:30:00,13.05453,-5.153896,2013,9,260,18
2013-09-17 18:59:59,12.3942,-5.454852,2013,9,260,18
2013-09-17 19:30:00,11.85458,-5.200118,2013,9,260,19
2013-09-17 20:00:00,11.35192,-4.539466,2013,9,260,20
2013-09-17 20:29:59,11.24489,-4.190903,2013,9,260,20
2013-09-17 21:00:00,11.26357,-4.046128,2013,9,260,21
2013-09-17 21:30:00,11.11281,-4.37608,2013,9,260,21
2013-09-17 21:59:59,10.62506,-4.629012,2013,9,260,21
2013-09-17 22:30:00,10.48671,-4.421823,2013,9,260,22
2013-09-17 23:00:00,10.45097,-4.314625,2013,9,260,23
2013-09-17 23:29:59,10.15911,-4.494062,2013,9,260,23
2013-09-18 00:00:00,9.985359,-4.177434,2013,9,261,0
2013-09-18 00:30:00,9.980483,-3.407738,2013,9,261,0
2013-09-18 00:59:59,10.01444,-3.291384,2013,9,261,0
2013-09-18 01:30:00,9.940951,-2.695809,2013,9,261,1
2013-09-18 02:00:00,9.902197,-2.397686,2013,9,261,2
2013-09-18 02:29:59,9.845566,-2.374387,2013,9,261,2
2013-09-18 03:00:00,9.964137,-2.089581,2013,9,261,3
2013-09-18 03:30:00,9.915228,-3.057548,2013,9,261,3
2013-09-18 03:59:59,9.373656,-3.539409,2013,9,261,3
2013-09-18 04:30:00,9.080711,-3.718028,2013,9,261,4
2013-09-18 05:00:00,8.351717,-3.749361,2013,9,261,5
2013-09-18 05:29:59,7.535845,-2.46287,2013,9,261,5
2013-09-18 06:00:00,7.649845,0.6198261,2013,9,261,6
2013-09-18 06:30:00,7.279439,17.25924,2013,9,261,6
2013-09-18 06:59:59,7.730776,137.2097,2013,9,261,6
2013-09-18 07:30:00,9.514326,264.9888,2013,9,261,7
2013-09-18 08:00:00,10.77505,384.9945,2013,9,261,8
2013-09-18 08:29:59,10.93626,496.8558,2013,9,261,8
2013-09-18 09:00:00,11.68976,599.6429,2013,9,261,9
2013-09-18 09:30:00,12.56294,737.0214,2013,9,261,9
2013-09-18 09:59:59,13.03915,647.1271,2013,9,261,9
2013-09-18 10:30:00,13.58633,739.7362,2013,9,261,10
2013-09-18 11:00:00,14.27429,823.2851,2013,9,261,11
2013-09-18 11:29:59,14.83748,893.977,2013,9,261,11
2013-09-18 12:00:00,15.31857,930.8939,2013,9,261,12
2013-09-18 12:30:00,15.85652,921.043,2013,9,261,12
2013-09-18 12:59:59,16.46467,910.9273,2013,9,261,12
2013-09-18 13:30:00,17.09009,829.4038,2013,9,261,13
2013-09-18 14:00:00,17.70355,823.3761,2013,9,261,14
2013-09-18 14:29:59,18.34022,751.02,2013,9,261,14
2013-09-18 15:00:00,18.83594,667.7305,2013,9,261,15
2013-09-18 15:30:00,19.13761,568.6359,2013,9,261,15
2013-09-18 15:59:59,19.16201,459.3397,2013,9,261,15
2013-09-18 16:30:00,19.33598,344.3329,2013,9,261,16
2013-09-18 17:00:00,19.14167,222.8718,2013,9,261,17
2013-09-18 17:29:59,18.80028,107.4823,2013,9,261,17
2013-09-18 18:00:00,18.20777,15.23041,2013,9,261,18
2013-09-18 18:30:00,17.59531,-4.948133,2013,9,261,18
2013-09-18 18:59:59,16.90681,-5.241311,2013,9,261,18
2013-09-18 19:30:00,16.21195,-5.22531,2013,9,261,19
2013-09-18 20:00:00,15.64479,-4.953629,2013,9,261,20
2013-09-18 20:29:59,15.22996,-4.734504,2013,9,261,20
2013-09-18 21:00:00,14.91296,-4.637411,2013,9,261,21
2013-09-18 21:30:00,14.46946,-4.502386,2013,9,261,21
2013-09-18 21:59:59,13.99326,-3.861068,2013,9,261,21
2013-09-18 22:30:00,13.6631,-4.00267,2013,9,261,22
2013-09-18 23:00:00,13.53972,-4.161304,2013,9,261,23
2013-09-18 23:29:59,13.73714,-4.014853,2013,9,261,23
2013-09-19 00:00:00,13.45916,-4.23524,2013,9,262,0
2013-09-19 00:30:00,12.87552,-4.352536,2013,9,262,0
2013-09-19 00:59:59,12.38355,-4.337501,2013,9,262,0
2013-09-19 01:30:00,11.95577,-4.072752,2013,9,262,1
2013-09-19 02:00:00,11.61602,-4.106458,2013,9,262,2
2013-09-19 02:29:59,11.29293,-4.076766,2013,9,262,2
2013-09-19 03:00:00,11.05558,-3.949073,2013,9,262,3
2013-09-19 03:30:00,10.84277,-3.821795,2013,9,262,3
2013-09-19 03:59:59,10.53773,-3.902246,2013,9,262,3
2013-09-19 04:30:00,10.15161,-3.908117,2013,9,262,4
2013-09-19 05:00:00,9.85654,-3.900583,2013,9,262,5
2013-09-19 05:29:59,9.713777,-3.982289,2013,9,262,5
2013-09-19 06:00:00,9.390185,-0.9494912,2013,9,262,6
2013-09-19 06:30:00,9.632894,24.30457,2013,9,262,6
2013-09-19 06:59:59,10.37056,124.3517,2013,9,262,6
2013-09-19 07:30:00,11.20121,242.8983,2013,9,262,7
2013-09-19 08:00:00,11.94307,359.7757,2013,9,262,8
2013-09-19 08:29:59,13.05537,471.6101,2013,9,262,8
2013-09-19 09:00:00,13.81235,575.3453,2013,9,262,9
2013-09-19 09:30:00,14.4368,672.2871,2013,9,262,9
2013-09-19 09:59:59,15.25889,751.9492,2013,9,262,9
2013-09-19 10:30:00,16.04847,813.3993,2013,9,262,10
2013-09-19 11:00:00,16.84734,859.3841,2013,9,262,11
2013-09-19 11:29:59,17.68281,888.5931,2013,9,262,11
2013-09-19 12:00:00,18.41004,900.504,2013,9,262,12
2013-09-19 12:30:00,18.96763,897.187,2013,9,262,12
2013-09-19 12:59:59,19.62992,879.7801,2013,9,262,12
2013-09-19 13:30:00,20.51745,845.9697,2013,9,262,13
2013-09-19 14:00:00,20.96365,793.0549,2013,9,262,14
2013-09-19 14:29:59,21.34347,723.3994,2013,9,262,14
2013-09-19 15:00:00,21.86622,639.9775,2013,9,262,15
2013-09-19 15:30:00,22.21537,542.314,2013,9,262,15
2013-09-19 15:59:59,22.27861,432.8586,2013,9,262,15
2013-09-19 16:30:00,22.35202,320.0991,2013,9,262,16
2013-09-19 17:00:00,22.39065,202.5115,2013,9,262,17
2013-09-19 17:29:59,22.32231,92.5863,2013,9,262,17
2013-09-19 18:00:00,21.8708,13.19333,2013,9,262,18
2013-09-19 18:30:00,21.27744,-5.645445,2013,9,262,18
2013-09-19 18:59:59,20.62627,-5.626694,2013,9,262,18
2013-09-19 19:30:00,20.43279,-4.836029,2013,9,262,19
2013-09-19 20:00:00,20.51156,-4.859434,2013,9,262,20
2013-09-19 20:29:59,20.18343,-4.776343,2013,9,262,20
2013-09-19 21:00:00,19.58297,-5.260474,2013,9,262,21
2013-09-19 21:30:00,18.87542,-4.048142,2013,9,262,21
2013-09-19 21:59:59,17.80256,-4.950893,2013,9,262,21
2013-09-19 22:30:00,18.58254,-4.028606,2013,9,262,22
2013-09-19 23:00:00,16.55011,-4.918108,2013,9,262,23
2013-09-19 23:29:59,15.98454,-3.883713,2013,9,262,23
2013-09-20 00:00:00,16.42336,-4.057794,2013,9,263,0
2013-09-20 00:30:00,15.36776,-4.147483,2013,9,263,0
2013-09-20 00:59:59,15.13668,-3.454093,2013,9,263,0
2013-09-20 01:30:00,15.98153,-3.688659,2013,9,263,1
2013-09-20 02:00:00,15.49524,-4.272884,2013,9,263,2
2013-09-20 02:29:59,14.62719,-4.03307,2013,9,263,2
2013-09-20 03:00:00,14.27927,-3.811337,2013,9,263,3
2013-09-20 03:30:00,13.85844,-4.073399,2013,9,263,3
2013-09-20 03:59:59,13.11696,-4.131335,2013,9,263,3
2013-09-20 04:30:00,12.69789,-3.357469,2013,9,263,4
2013-09-20 05:00:00,12.69255,-2.222743,2013,9,263,5
2013-09-20 05:29:59,12.65522,0.155927,2013,9,263,5
2013-09-20 06:00:00,12.96335,3.191817,2013,9,263,6
2013-09-20 06:30:00,12.59697,18.21605,2013,9,263,6
2013-09-20 06:59:59,10.18582,148.74,2013,9,263,6
2013-09-20 07:30:00,12.3321,272.4937,2013,9,263,7
2013-09-20 08:00:00,15.23471,389.5106,2013,9,263,8
2013-09-20 08:29:59,17.42381,501.7801,2013,9,263,8
2013-09-20 09:00:00,19.27868,605.7964,2013,9,263,9
2013-09-20 09:30:00,20.65639,701.1149,2013,9,263,9
2013-09-20 09:59:59,21.30317,781.7333,2013,9,263,9
2013-09-20 10:30:00,21.99669,850.7119,2013,9,263,10
2013-09-20 11:00:00,22.3771,900.1557,2013,9,263,11
2013-09-20 11:29:59,22.73574,926.9439,2013,9,263,11
2013-09-20 12:00:00,23.16807,937.9075,2013,9,263,12
2013-09-20 12:30:00,23.18913,938.3195,2013,9,263,12
2013-09-20 12:59:59,23.65581,918.3294,2013,9,263,12
2013-09-20 13:30:00,23.93133,877.2218,2013,9,263,13
2013-09-20 14:00:00,24.244,820.7509,2013,9,263,14
2013-09-20 14:29:59,24.80246,753.2709,2013,9,263,14
2013-09-20 15:00:00,24.79349,674.9121,2013,9,263,15
2013-09-20 15:30:00,24.93604,575.2146,2013,9,263,15
2013-09-20 15:59:59,25.01167,468.5083,2013,9,263,15
2013-09-20 16:30:00,24.88591,350.0216,2013,9,263,16
2013-09-20 17:00:00,24.63779,227.8884,2013,9,263,17
2013-09-20 17:29:59,24.1854,110.7853,2013,9,263,17
2013-09-20 18:00:00,23.36167,18.75943,2013,9,263,18
2013-09-20 18:30:00,22.56441,-5.625023,2013,9,263,18
2013-09-20 18:59:59,21.90819,-5.845802,2013,9,263,18
2013-09-20 19:30:00,21.21862,-5.606533,2013,9,263,19
2013-09-20 20:00:00,20.63977,-5.431136,2013,9,263,20
2013-09-20 20:29:59,19.38239,-5.530018,2013,9,263,20
2013-09-20 21:00:00,18.68151,-5.108794,2013,9,263,21
2013-09-20 21:30:00,18.23326,-4.393134,2013,9,263,21
2013-09-20 21:59:59,17.81422,-4.733951,2013,9,263,21
2013-09-20 22:30:00,17.29302,-4.494876,2013,9,263,22
2013-09-20 23:00:00,16.5502,-4.485027,2013,9,263,23
2013-09-20 23:29:59,15.76174,-4.215347,2013,9,263,23
2013-09-21 00:00:00,15.25501,-4.026853,2013,9,264,0
2013-09-21 00:30:00,14.80571,-4.008864,2013,9,264,0
2013-09-21 00:59:59,14.44444,-4.006974,2013,9,264,0
2013-09-21 01:30:00,14.06081,-4.136483,2013,9,264,1
2013-09-21 02:00:00,13.80786,-4.006618,2013,9,264,2
2013-09-21 02:29:59,13.38891,-3.98004,2013,9,264,2
2013-09-21 03:00:00,13.03995,-3.961287,2013,9,264,3
2013-09-21 03:30:00,12.8408,-3.984746,2013,9,264,3
2013-09-21 03:59:59,12.45913,-4.1147,2013,9,264,3
2013-09-21 04:30:00,12.08415,-4.107009,2013,9,264,4
2013-09-21 05:00:00,11.78078,-3.687494,2013,9,264,5
2013-09-21 05:29:59,12.19282,-3.468757,2013,9,264,5
2013-09-21 06:00:00,12.41794,1.113175,2013,9,264,6
2013-09-21 06:30:00,12.3092,30.68961,2013,9,264,6
2013-09-21 06:59:59,12.61873,70.05894,2013,9,264,6
2013-09-21 07:30:00,13.1893,135.431,2013,9,264,7
2013-09-21 08:00:00,13.62656,277.9449,2013,9,264,8
2013-09-21 08:29:59,14.60011,464.5794,2013,9,264,8
2013-09-21 09:00:00,15.54681,521.7885,2013,9,264,9
2013-09-21 09:30:00,16.27824,699.7036,2013,9,264,9
2013-09-21 09:59:59,17.3122,767.8636,2013,9,264,9
2013-09-21 10:30:00,18.24065,839.4905,2013,9,264,10
2013-09-21 11:00:00,19.2882,892.2311,2013,9,264,11
2013-09-21 11:29:59,19.92455,920.4576,2013,9,264,11
2013-09-21 12:00:00,20.46357,936.0894,2013,9,264,12
2013-09-21 12:30:00,21.40377,931.5817,2013,9,264,12
2013-09-21 12:59:59,21.87984,911.468,2013,9,264,12
2013-09-21 13:30:00,22.72454,875.9297,2013,9,264,13
2013-09-21 14:00:00,23.15002,819.3024,2013,9,264,14
2013-09-21 14:29:59,23.39838,749.1344,2013,9,264,14
2013-09-21 15:00:00,24.16472,664.0092,2013,9,264,15
2013-09-21 15:30:00,24.83633,570.1002,2013,9,264,15
2013-09-21 15:59:59,25.07583,464.0968,2013,9,264,15
2013-09-21 16:30:00,25.19253,349.2286,2013,9,264,16
2013-09-21 17:00:00,25.20473,229.8656,2013,9,264,17
2013-09-21 17:29:59,24.99556,114.8119,2013,9,264,17
2013-09-21 18:00:00,24.45311,21.70292,2013,9,264,18
2013-09-21 18:30:00,23.70293,-5.748779,2013,9,264,18
2013-09-21 18:59:59,23.15632,-5.726229,2013,9,264,18
2013-09-21 19:30:00,23.03741,-5.058947,2013,9,264,19
2013-09-21 20:00:00,22.66977,-5.107305,2013,9,264,20
2013-09-21 20:29:59,22.04355,-4.749799,2013,9,264,20
2013-09-21 21:00:00,21.44494,-4.80732,2013,9,264,21
2013-09-21 21:30:00,21.14816,-4.900126,2013,9,264,21
2013-09-21 21:59:59,20.95693,-4.863511,2013,9,264,21
2013-09-21 22:30:00,18.56105,-5.051908,2013,9,264,22
2013-09-21 23:00:00,18.36841,-4.05327,2013,9,264,23
2013-09-21 23:29:59,18.76947,-4.0396,2013,9,264,23
2013-09-22 00:00:00,18.44768,-3.824826,2013,9,265,0
2013-09-22 00:30:00,17.90682,-4.156106,2013,9,265,0
2013-09-22 00:59:59,17.36366,-4.362347,2013,9,265,0
2013-09-22 01:30:00,16.17411,-4.62122,2013,9,265,1
2013-09-22 02:00:00,15.74697,-4.211653,2013,9,265,2
2013-09-22 02:29:59,16.32525,-3.260895,2013,9,265,2
2013-09-22 03:00:00,17.11816,-3.660949,2013,9,265,3
2013-09-22 03:30:00,16.9331,-4.033496,2013,9,265,3
2013-09-22 03:59:59,16.64108,-4.33146,2013,9,265,3
2013-09-22 04:30:00,16.27152,-4.07675,2013,9,265,4
2013-09-22 05:00:00,16.07595,-4.140654,2013,9,265,5
2013-09-22 05:29:59,15.58387,-4.367193,2013,9,265,5
2013-09-22 06:00:00,14.02814,0.04898863,2013,9,265,6
2013-09-22 06:30:00,13.33795,19.08759,2013,9,265,6
2013-09-22 06:59:59,13.70707,161.1254,2013,9,265,6
2013-09-22 07:30:00,14.33715,282.7131,2013,9,265,7
2013-09-22 08:00:00,15.4146,404.2588,2013,9,265,8
2013-09-22 08:29:59,16.64865,524.9471,2013,9,265,8
2013-09-22 09:00:00,17.79202,631.3063,2013,9,265,9
2013-09-22 09:30:00,18.63911,726.0662,2013,9,265,9
2013-09-22 09:59:59,19.22968,604.9833,2013,9,265,9
2013-09-22 10:30:00,19.36223,516.4965,2013,9,265,10
2013-09-22 11:00:00,19.55512,474.4398,2013,9,265,11
2013-09-22 11:29:59,14.1728,432.6093,2013,9,265,11
2013-09-22 12:00:00,15.90261,717.3564,2013,9,265,12
2013-09-22 12:30:00,17.02623,932.4689,2013,9,265,12
2013-09-22 12:59:59,18.28978,825.955,2013,9,265,12
2013-09-22 13:30:00,18.49388,576.1813,2013,9,265,13
2013-09-22 14:00:00,18.63131,577.4278,2013,9,265,14
2013-09-22 14:29:59,19.19907,719.6423,2013,9,265,14
2013-09-22 15:00:00,19.76908,546.3315,2013,9,265,15
2013-09-22 15:30:00,20.00405,562.3644,2013,9,265,15
2013-09-22 15:59:59,20.10874,478.9,2013,9,265,15
2013-09-22 16:30:00,19.9851,384.8043,2013,9,265,16
2013-09-22 17:00:00,19.9705,226.8965,2013,9,265,17
2013-09-22 17:29:59,19.82061,114.7317,2013,9,265,17
2013-09-22 18:00:00,19.50717,20.98667,2013,9,265,18
2013-09-22 18:30:00,19.05356,-4.651775,2013,9,265,18
2013-09-22 18:59:59,18.43486,-5.173444,2013,9,265,18
2013-09-22 19:30:00,17.85507,-4.891443,2013,9,265,19
2013-09-22 20:00:00,17.22067,-4.765589,2013,9,265,20
2013-09-22 20:29:59,16.63585,-4.536511,2013,9,265,20
2013-09-22 21:00:00,16.36532,-4.456887,2013,9,265,21
2013-09-22 21:30:00,16.10077,-4.541288,2013,9,265,21
2013-09-22 21:59:59,15.48177,-4.579269,2013,9,265,21
2013-09-22 22:30:00,14.97095,-4.363767,2013,9,265,22
2013-09-22 23:00:00,14.80197,-4.074147,2013,9,265,23
2013-09-22 23:29:59,14.88403,-4.002609,2013,9,265,23
2013-09-23 00:00:00,14.54813,-4.004736,2013,9,266,0
2013-09-23 00:30:00,13.99903,-3.954961,2013,9,266,0
2013-09-23 00:59:59,13.63289,-3.891553,2013,9,266,0
2013-09-23 01:30:00,13.34351,-3.783911,2013,9,266,1
2013-09-23 02:00:00,13.21617,-3.629978,2013,9,266,2
2013-09-23 02:29:59,13.21692,-3.640237,2013,9,266,2
2013-09-23 03:00:00,13.02707,-3.449503,2013,9,266,3
2013-09-23 03:30:00,12.99712,-3.404795,2013,9,266,3
2013-09-23 03:59:59,12.92936,-3.205002,2013,9,266,3
2013-09-23 04:30:00,13.17306,-1.617592,2013,9,266,4
2013-09-23 05:00:00,13.21348,-2.141031,2013,9,266,5
2013-09-23 05:29:59,13.36135,-1.793829,2013,9,266,5
2013-09-23 06:00:00,13.24421,1.456876,2013,9,266,6
2013-09-23 06:30:00,13.47634,23.63302,2013,9,266,6
2013-09-23 06:59:59,13.91118,67.90296,2013,9,266,6
2013-09-23 07:30:00,14.25785,103.6991,2013,9,266,7
2013-09-23 08:00:00,14.72857,206.9579,2013,9,266,8
2013-09-23 08:29:59,15.27526,199.9096,2013,9,266,8
2013-09-23 09:00:00,15.62085,261.2175,2013,9,266,9
2013-09-23 09:30:00,15.79011,271.3327,2013,9,266,9
2013-09-23 09:59:59,16.39955,312.7793,2013,9,266,9
2013-09-23 10:30:00,17.03662,437.4544,2013,9,266,10
2013-09-23 11:00:00,17.86094,336.5217,2013,9,266,11
2013-09-23 11:29:59,18.23968,318.8849,2013,9,266,11
2013-09-23 12:00:00,18.36451,352.9887,2013,9,266,12
2013-09-23 12:30:00,18.66026,497.3932,2013,9,266,12
2013-09-23 12:59:59,18.87547,479.927,2013,9,266,12
2013-09-23 13:30:00,19.29216,651.5565,2013,9,266,13
2013-09-23 14:00:00,20.44963,572.3412,2013,9,266,14
2013-09-23 14:29:59,21.21445,487.9485,2013,9,266,14
2013-09-23 15:00:00,21.4004,341.8723,2013,9,266,15
2013-09-23 15:30:00,21.52801,275.8567,2013,9,266,15
2013-09-23 15:59:59,20.91401,420.5566,2013,9,266,15
2013-09-23 16:30:00,21.26974,127.181,2013,9,266,16
2013-09-23 17:00:00,19.03714,92.94791,2013,9,266,17
2013-09-23 17:29:59,18.49195,92.21863,2013,9,266,17
2013-09-23 18:00:00,19.41452,14.35569,2013,9,266,18
2013-09-23 18:30:00,19.50567,-2.442432,2013,9,266,18
2013-09-23 18:59:59,18.85046,-3.766349,2013,9,266,18
2013-09-23 19:30:00,18.35666,-1.989657,2013,9,266,19
2013-09-23 20:00:00,18.2904,-3.353863,2013,9,266,20
2013-09-23 20:29:59,18.08611,-3.628813,2013,9,266,20
2013-09-23 21:00:00,17.82149,-3.62917,2013,9,266,21
2013-09-23 21:30:00,17.58969,-2.640672,2013,9,266,21
2013-09-23 21:59:59,17.49282,-1.473835,2013,9,266,21
2013-09-23 22:30:00,17.44925,-1.864373,2013,9,266,22
2013-09-23 23:00:00,17.39159,-2.202057,2013,9,266,23
2013-09-23 23:29:59,17.28333,-3.548853,2013,9,266,23
2013-09-24 00:00:00,16.90579,-3.815317,2013,9,267,0
2013-09-24 00:30:00,16.67336,-3.732219,2013,9,267,0
2013-09-24 00:59:59,16.47634,-3.44154,2013,9,267,0
2013-09-24 01:30:00,16.3401,-3.70585,2013,9,267,1
2013-09-24 02:00:00,16.1573,-3.734233,2013,9,267,2
2013-09-24 02:29:59,16.01351,-3.338496,2013,9,267,2
2013-09-24 03:00:00,15.88751,-3.57248,2013,9,267,3
2013-09-24 03:30:00,15.86299,-3.467415,2013,9,267,3
2013-09-24 03:59:59,15.86816,-1.827581,2013,9,267,3
2013-09-24 04:30:00,15.63202,-3.617416,2013,9,267,4
2013-09-24 05:00:00,15.12354,-3.402317,2013,9,267,5
2013-09-24 05:29:59,14.98769,-2.238392,2013,9,267,5
2013-09-24 06:00:00,15.10553,2.744825,2013,9,267,6
2013-09-24 06:30:00,15.38767,32.16838,2013,9,267,6
2013-09-24 06:59:59,15.77047,130.2245,2013,9,267,6
2013-09-24 07:30:00,16.08141,152.5743,2013,9,267,7
2013-09-24 08:00:00,16.58859,206.2977,2013,9,267,8
2013-09-24 08:29:59,17.46253,394.9635,2013,9,267,8
2013-09-24 09:00:00,18.09949,418.7587,2013,9,267,9
2013-09-24 09:30:00,18.56793,517.5752,2013,9,267,9
2013-09-24 09:59:59,19.09251,644.6022,2013,9,267,9
2013-09-24 10:30:00,19.87099,722.9119,2013,9,267,10
2013-09-24 11:00:00,20.36872,613.3561,2013,9,267,11
2013-09-24 11:29:59,21.00906,840.084,2013,9,267,11
2013-09-24 12:00:00,21.38098,811.4794,2013,9,267,12
2013-09-24 12:30:00,21.72473,778.9583,2013,9,267,12
2013-09-24 12:59:59,21.86387,675.4843,2013,9,267,12
2013-09-24 13:30:00,22.29576,754.4711,2013,9,267,13
2013-09-24 14:00:00,22.73581,716.249,2013,9,267,14
2013-09-24 14:29:59,22.94909,647.0299,2013,9,267,14
2013-09-24 15:00:00,23.21845,588.7432,2013,9,267,15
2013-09-24 15:30:00,22.80031,412.833,2013,9,267,15
2013-09-24 15:59:59,22.98893,385.6986,2013,9,267,15
2013-09-24 16:30:00,22.88136,224.9808,2013,9,267,16
2013-09-24 17:00:00,22.70215,115.0345,2013,9,267,17
2013-09-24 17:29:59,22.52769,54.85872,2013,9,267,17
2013-09-24 18:00:00,22.20181,9.151904,2013,9,267,18
2013-09-24 18:30:00,21.8723,-1.937369,2013,9,267,18
2013-09-24 18:59:59,21.33859,-3.983518,2013,9,267,18
2013-09-24 19:30:00,20.52194,-4.092183,2013,9,267,19
2013-09-24 20:00:00,20.1559,-4.041975,2013,9,267,20
2013-09-24 20:29:59,19.80861,-4.076208,2013,9,267,20
2013-09-24 21:00:00,19.45294,-3.822604,2013,9,267,21
2013-09-24 21:30:00,19.03079,-4.059058,2013,9,267,21
2013-09-24 21:59:59,18.26377,-3.568198,2013,9,267,21
2013-09-24 22:30:00,17.57505,-3.551886,2013,9,267,22
2013-09-24 23:00:00,16.98114,-3.403937,2013,9,267,23
2013-09-24 23:29:59,16.61298,-3.691363,2013,9,267,23
2013-09-25 00:00:00,16.19182,-3.799251,2013,9,268,0
2013-09-25 00:30:00,15.75427,-3.839482,2013,9,268,0
2013-09-25 00:59:59,15.17267,-3.292061,2013,9,268,0
2013-09-25 01:30:00,14.84809,-1.454994,2013,9,268,1
2013-09-25 02:00:00,14.79892,-3.632896,2013,9,268,2
2013-09-25 02:29:59,14.3773,-2.843263,2013,9,268,2
2013-09-25 03:00:00,14.17278,-2.197504,2013,9,268,3
2013-09-25 03:30:00,13.94306,-3.629782,2013,9,268,3
2013-09-25 03:59:59,13.63207,-4.028692,2013,9,268,3
2013-09-25 04:30:00,13.00655,-4.394506,2013,9,268,4
2013-09-25 05:00:00,12.53569,-4.388098,2013,9,268,5
2013-09-25 05:29:59,12.06258,-4.253296,2013,9,268,5
2013-09-25 06:00:00,11.668,2.560646,2013,9,268,6
2013-09-25 06:30:00,11.49748,39.52745,2013,9,268,6
2013-09-25 06:59:59,11.96558,164.7415,2013,9,268,6
2013-09-25 07:30:00,12.50969,287.1644,2013,9,268,7
2013-09-25 08:00:00,13.15804,406.6686,2013,9,268,8
2013-09-25 08:29:59,13.96937,531.8548,2013,9,268,8
2013-09-25 09:00:00,15.31548,641.8098,2013,9,268,9
2013-09-25 09:30:00,15.95662,737.5748,2013,9,268,9
2013-09-25 09:59:59,16.43618,815.8141,2013,9,268,9
2013-09-25 10:30:00,16.91175,879.8457,2013,9,268,10
2013-09-25 11:00:00,17.30065,928.9017,2013,9,268,11
2013-09-25 11:29:59,17.83375,954.1523,2013,9,268,11
2013-09-25 12:00:00,18.53091,967.245,2013,9,268,12
2013-09-25 12:30:00,18.90829,962.5439,2013,9,268,12
2013-09-25 12:59:59,19.50839,943.7549,2013,9,268,12
2013-09-25 13:30:00,19.94391,905.0182,2013,9,268,13
2013-09-25 14:00:00,20.61143,852.8604,2013,9,268,14
2013-09-25 14:29:59,20.7265,782.5317,2013,9,268,14
2013-09-25 15:00:00,21.20419,693.4228,2013,9,268,15
2013-09-25 15:30:00,21.38287,592.9493,2013,9,268,15
2013-09-25 15:59:59,21.54642,480.5106,2013,9,268,15
2013-09-25 16:30:00,21.88555,359.1877,2013,9,268,16
2013-09-25 17:00:00,21.63097,236.3173,2013,9,268,17
2013-09-25 17:29:59,21.55705,116.9349,2013,9,268,17
2013-09-25 18:00:00,20.99548,22.25783,2013,9,268,18
2013-09-25 18:30:00,20.23213,-6.101792,2013,9,268,18
2013-09-25 18:59:59,19.32653,-6.39071,2013,9,268,18
2013-09-25 19:30:00,18.76928,-6.000317,2013,9,268,19
2013-09-25 20:00:00,18.47651,-5.815555,2013,9,268,20
2013-09-25 20:29:59,17.82799,-5.587769,2013,9,268,20
2013-09-25 21:00:00,17.22374,-5.00311,2013,9,268,21
2013-09-25 21:30:00,16.40302,-5.457517,2013,9,268,21
2013-09-25 21:59:59,15.40277,-5.336446,2013,9,268,21
2013-09-25 22:30:00,15.09465,-4.910124,2013,9,268,22
2013-09-25 23:00:00,15.00941,-3.566887,2013,9,268,23
2013-09-25 23:29:59,15.23597,-2.341296,2013,9,268,23
2013-09-26 00:00:00,15.3188,-2.392222,2013,9,269,0
2013-09-26 00:30:00,15.16642,-2.746384,2013,9,269,0
2013-09-26 00:59:59,14.54766,-4.146836,2013,9,269,0
2013-09-26 01:30:00,13.65464,-3.538545,2013,9,269,1
2013-09-26 02:00:00,13.95369,-1.580104,2013,9,269,2
2013-09-26 02:29:59,14.43948,-2.91251,2013,9,269,2
2013-09-26 03:00:00,14.62964,-3.476592,2013,9,269,3
2013-09-26 03:30:00,14.45258,-3.541094,2013,9,269,3
2013-09-26 03:59:59,14.15255,-3.252695,2013,9,269,3
2013-09-26 04:30:00,13.67127,-3.133002,2013,9,269,4
2013-09-26 05:00:00,13.27325,-1.524671,2013,9,269,5
2013-09-26 05:29:59,12.84149,-3.627104,2013,9,269,5
2013-09-26 06:00:00,11.54821,3.561069,2013,9,269,6
2013-09-26 06:30:00,12.18091,36.20153,2013,9,269,6
2013-09-26 06:59:59,13.94646,182.1366,2013,9,269,6
2013-09-26 07:30:00,14.63994,301.6544,2013,9,269,7
2013-09-26 08:00:00,15.05586,423.1493,2013,9,269,8
2013-09-26 08:29:59,17.73879,538.9958,2013,9,269,8
2013-09-26 09:00:00,19.78691,644.1061,2013,9,269,9
2013-09-26 09:30:00,21.28865,737.7435,2013,9,269,9
2013-09-26 09:59:59,21.66143,816.07,2013,9,269,9
2013-09-26 10:30:00,22.03093,879.3836,2013,9,269,10
2013-09-26 11:00:00,22.70349,926.8262,2013,9,269,11
2013-09-26 11:29:59,22.93895,957.6693,2013,9,269,11
2013-09-26 12:00:00,23.54209,969.3012,2013,9,269,12
2013-09-26 12:30:00,23.82184,963.1889,2013,9,269,12
2013-09-26 12:59:59,24.36565,939.6042,2013,9,269,12
2013-09-26 13:30:00,24.88256,898.6642,2013,9,269,13
2013-09-26 14:00:00,25.23202,843.4129,2013,9,269,14
2013-09-26 14:29:59,25.21871,780.6241,2013,9,269,14
2013-09-26 15:00:00,25.24877,688.2675,2013,9,269,15
2013-09-26 15:30:00,25.17169,591.8672,2013,9,269,15
2013-09-26 15:59:59,24.8018,482.5028,2013,9,269,15
2013-09-26 16:30:00,24.54894,360.6147,2013,9,269,16
2013-09-26 17:00:00,24.23378,237.7437,2013,9,269,17
2013-09-26 17:29:59,23.74676,119.7697,2013,9,269,17
2013-09-26 18:00:00,22.70896,24.14225,2013,9,269,18
2013-09-26 18:30:00,21.6686,-5.214329,2013,9,269,18
2013-09-26 18:59:59,20.84918,-5.695551,2013,9,269,18
2013-09-26 19:30:00,20.02245,-5.282483,2013,9,269,19
2013-09-26 20:00:00,19.47496,-5.10145,2013,9,269,20
2013-09-26 20:29:59,18.96868,-5.026674,2013,9,269,20
2013-09-26 21:00:00,18.501,-5.090325,2013,9,269,21
2013-09-26 21:30:00,17.83941,-5.272747,2013,9,269,21
2013-09-26 21:59:59,17.10228,-4.899181,2013,9,269,21
2013-09-26 22:30:00,16.3484,-4.689904,2013,9,269,22
2013-09-26 23:00:00,15.90426,-4.548278,2013,9,269,23
2013-09-26 23:29:59,15.40257,-4.803946,2013,9,269,23
2013-09-27 00:00:00,14.78821,-4.652578,2013,9,270,0
2013-09-27 00:30:00,14.25642,-4.261193,2013,9,270,0
2013-09-27 00:59:59,13.75383,-4.204656,2013,9,270,0
2013-09-27 01:30:00,13.10737,-4.550103,2013,9,270,1
2013-09-27 02:00:00,12.57208,-2.627892,2013,9,270,2
2013-09-27 02:29:59,12.66927,-3.265855,2013,9,270,2
2013-09-27 03:00:00,12.46532,-4.599868,2013,9,270,3
2013-09-27 03:30:00,11.77449,-4.637152,2013,9,270,3
2013-09-27 03:59:59,11.16175,-4.600791,2013,9,270,3
2013-09-27 04:30:00,10.73488,-4.712965,2013,9,270,4
2013-09-27 05:00:00,10.31505,-4.491345,2013,9,270,5
2013-09-27 05:29:59,10.10533,-3.814416,2013,9,270,5
2013-09-27 06:00:00,9.37693,4.879715,2013,9,270,6
2013-09-27 06:30:00,9.118454,45.17197,2013,9,270,6
2013-09-27 06:59:59,9.988136,184.1184,2013,9,270,6
2013-09-27 07:30:00,10.96577,307.7858,2013,9,270,7
2013-09-27 08:00:00,11.69143,430.164,2013,9,270,8
2013-09-27 08:29:59,12.26796,544.7436,2013,9,270,8
2013-09-27 09:00:00,12.84209,649.1271,2013,9,270,9
2013-09-27 09:30:00,13.677,740.1154,2013,9,270,9
2013-09-27 09:59:59,14.55034,815.4067,2013,9,270,9
2013-09-27 10:30:00,15.33501,877.2092,2013,9,270,10
2013-09-27 11:00:00,16.57126,926.7211,2013,9,270,11
2013-09-27 11:29:59,17.20274,953.3107,2013,9,270,11
2013-09-27 12:00:00,18.17004,967.1151,2013,9,270,12
2013-09-27 12:30:00,18.82691,963.4064,2013,9,270,12
2013-09-27 12:59:59,19.55208,939.4247,2013,9,270,12
2013-09-27 13:30:00,20.29035,898.0161,2013,9,270,13
2013-09-27 14:00:00,20.69523,846.6962,2013,9,270,14
2013-09-27 14:29:59,21.42525,773.1802,2013,9,270,14
2013-09-27 15:00:00,21.77308,688.6328,2013,9,270,15
2013-09-27 15:30:00,21.8153,585.9954,2013,9,270,15
2013-09-27 15:59:59,22.4735,476.8464,2013,9,270,15
2013-09-27 16:30:00,22.36094,356.3016,2013,9,270,16
2013-09-27 17:00:00,22.46659,233.6444,2013,9,270,17
2013-09-27 17:29:59,22.27332,117.0077,2013,9,270,17
2013-09-27 18:00:00,21.99597,23.47946,2013,9,270,18
2013-09-27 18:30:00,21.45464,-5.54656,2013,9,270,18
2013-09-27 18:59:59,20.89986,-5.989484,2013,9,270,18
2013-09-27 19:30:00,20.2976,-5.882417,2013,9,270,19
2013-09-27 20:00:00,19.63194,-5.711676,2013,9,270,20
2013-09-27 20:29:59,19.1822,-4.856249,2013,9,270,20
2013-09-27 21:00:00,18.47333,-6.079138,2013,9,270,21
2013-09-27 21:30:00,17.81628,-4.857335,2013,9,270,21
2013-09-27 21:59:59,16.94865,-5.391691,2013,9,270,21
2013-09-27 22:30:00,16.44484,-4.940026,2013,9,270,22
2013-09-27 23:00:00,16.25316,-4.824512,2013,9,270,23
2013-09-27 23:29:59,16.09317,-4.801652,2013,9,270,23
2013-09-28 00:00:00,15.52131,-4.819234,2013,9,271,0
2013-09-28 00:30:00,15.25186,-4.909807,2013,9,271,0
2013-09-28 00:59:59,13.22343,-5.620565,2013,9,271,0
2013-09-28 01:30:00,13.26803,-4.57894,2013,9,271,1
2013-09-28 02:00:00,13.20627,-3.49624,2013,9,271,2
2013-09-28 02:29:59,13.43168,-3.919159,2013,9,271,2
2013-09-28 03:00:00,12.90625,-4.310638,2013,9,271,3
2013-09-28 03:30:00,12.65765,-4.030673,2013,9,271,3
2013-09-28 03:59:59,12.45939,-4.262851,2013,9,271,3
2013-09-28 04:30:00,12.31755,-3.716912,2013,9,271,4
2013-09-28 05:00:00,12.36054,-3.725915,2013,9,271,5
2013-09-28 05:29:59,11.75149,-4.16861,2013,9,271,5
2013-09-28 06:00:00,11.34401,6.169687,2013,9,271,6
2013-09-28 06:30:00,11.81877,45.00628,2013,9,271,6
2013-09-28 06:59:59,12.15994,191.0316,2013,9,271,6
2013-09-28 07:30:00,13.27612,312.3434,2013,9,271,7
2013-09-28 08:00:00,14.9196,434.1796,2013,9,271,8
2013-09-28 08:29:59,16.75101,548.0978,2013,9,271,8
2013-09-28 09:00:00,18.34149,653.2279,2013,9,271,9
2013-09-28 09:30:00,20.2268,738.7898,2013,9,271,9
2013-09-28 09:59:59,21.2269,823.5674,2013,9,271,9
2013-09-28 10:30:00,22.27385,886.3594,2013,9,271,10
2013-09-28 11:00:00,22.76234,934.2552,2013,9,271,11
2013-09-28 11:29:59,23.70056,961.4349,2013,9,271,11
2013-09-28 12:00:00,24.34651,977.8928,2013,9,271,12
2013-09-28 12:30:00,25.2619,968.6036,2013,9,271,12
2013-09-28 12:59:59,25.57156,939.0242,2013,9,271,12
2013-09-28 13:30:00,25.99771,905.9314,2013,9,271,13
2013-09-28 14:00:00,26.40564,850.3326,2013,9,271,14
2013-09-28 14:29:59,26.8853,780.5212,2013,9,271,14
2013-09-28 15:00:00,27.2485,692.4309,2013,9,271,15
2013-09-28 15:30:00,27.65041,592.7699,2013,9,271,15
2013-09-28 15:59:59,27.88311,484.0835,2013,9,271,15
2013-09-28 16:30:00,27.99728,364.2003,2013,9,271,16
2013-09-28 17:00:00,27.87955,242.9213,2013,9,271,17
2013-09-28 17:29:59,27.51723,125.9612,2013,9,271,17
2013-09-28 18:00:00,26.98737,28.03135,2013,9,271,18
2013-09-28 18:30:00,26.08524,-6.591672,2013,9,271,18
2013-09-28 18:59:59,25.4215,-6.768776,2013,9,271,18
2013-09-28 19:30:00,24.83551,-6.079,2013,9,271,19
2013-09-28 20:00:00,24.46448,-6.142592,2013,9,271,20
2013-09-28 20:29:59,24.75741,-5.496802,2013,9,271,20
2013-09-28 21:00:00,24.44263,-5.615945,2013,9,271,21
2013-09-28 21:30:00,22.10357,-6.080983,2013,9,271,21
2013-09-28 21:59:59,20.43938,-5.365477,2013,9,271,21
2013-09-28 22:30:00,20.07486,-5.42799,2013,9,271,22
2013-09-28 23:00:00,19.63561,-5.277267,2013,9,271,23
2013-09-28 23:29:59,19.07912,-5.363647,2013,9,271,23
2013-09-29 00:00:00,17.74471,-5.342464,2013,9,272,0
2013-09-29 00:30:00,16.78195,-5.149059,2013,9,272,0
2013-09-29 00:59:59,16.19936,-4.697615,2013,9,272,0
2013-09-29 01:30:00,15.83592,-4.900829,2013,9,272,1
2013-09-29 02:00:00,15.41308,-4.795217,2013,9,272,2
2013-09-29 02:29:59,14.88316,-4.842459,2013,9,272,2
2013-09-29 03:00:00,14.16224,-4.816612,2013,9,272,3
2013-09-29 03:30:00,13.38733,-4.53453,2013,9,272,3
2013-09-29 03:59:59,12.93741,-4.229302,2013,9,272,3
2013-09-29 04:30:00,11.88811,-4.538862,2013,9,272,4
2013-09-29 05:00:00,11.24226,-4.205157,2013,9,272,5
2013-09-29 05:29:59,10.80826,-4.078581,2013,9,272,5
2013-09-29 06:00:00,10.55126,11.3306,2013,9,272,6
2013-09-29 06:30:00,10.46725,64.18552,2013,9,272,6
2013-09-29 06:59:59,11.40273,186.9606,2013,9,272,6
2013-09-29 07:30:00,12.15109,238.5142,2013,9,272,7
2013-09-29 08:00:00,13.43027,404.9329,2013,9,272,8
2013-09-29 08:29:59,14.64089,517.1426,2013,9,272,8
2013-09-29 09:00:00,15.61456,527.1656,2013,9,272,9
2013-09-29 09:30:00,16.92188,694.6046,2013,9,272,9
2013-09-29 09:59:59,18.36131,713.7119,2013,9,272,9
2013-09-29 10:30:00,19.45291,829.3969,2013,9,272,10
2013-09-29 11:00:00,20.1091,785.9657,2013,9,272,11
2013-09-29 11:29:59,21.38357,888.1178,2013,9,272,11
2013-09-29 12:00:00,21.8818,729.4805,2013,9,272,12
2013-09-29 12:30:00,23.06144,956.4621,2013,9,272,12
2013-09-29 12:59:59,23.83662,816.9384,2013,9,272,12
2013-09-29 13:30:00,24.34335,753.6236,2013,9,272,13
2013-09-29 14:00:00,24.7618,460.5549,2013,9,272,14
2013-09-29 14:29:59,24.79504,311.7222,2013,9,272,14
2013-09-29 15:00:00,25.28953,419.9776,2013,9,272,15
2013-09-29 15:30:00,25.93483,446.9026,2013,9,272,15
2013-09-29 15:59:59,26.06593,369.5785,2013,9,272,15
2013-09-29 16:30:00,25.7553,243.5901,2013,9,272,16
2013-09-29 17:00:00,25.53751,105.8349,2013,9,272,17
2013-09-29 17:29:59,24.86795,64.56505,2013,9,272,17
2013-09-29 18:00:00,24.30337,13.40307,2013,9,272,18
2013-09-29 18:30:00,23.519,-4.753732,2013,9,272,18
2013-09-29 18:59:59,22.6752,-4.845056,2013,9,272,18
2013-09-29 19:30:00,21.9447,-4.345965,2013,9,272,19
2013-09-29 20:00:00,21.42605,-4.234332,2013,9,272,20
2013-09-29 20:29:59,21.08937,-3.66747,2013,9,272,20
2013-09-29 21:00:00,20.5166,-2.824451,2013,9,272,21
2013-09-29 21:30:00,20.19745,-3.019068,2013,9,272,21
2013-09-29 21:59:59,19.65478,-3.744814,2013,9,272,21
2013-09-29 22:30:00,19.04529,-3.034928,2013,9,272,22
2013-09-29 23:00:00,18.19206,-3.718062,2013,9,272,23
2013-09-29 23:29:59,17.78028,-2.924272,2013,9,272,23
2013-09-30 00:00:00,17.72495,-2.508764,2013,9,273,0
2013-09-30 00:30:00,17.46099,-2.809666,2013,9,273,0
2013-09-30 00:59:59,17.1476,-2.751471,2013,9,273,0
2013-09-30 01:30:00,16.82713,-3.037146,2013,9,273,1
2013-09-30 02:00:00,16.4815,-3.654413,2013,9,273,2
2013-09-30 02:29:59,16.07741,-3.221346,2013,9,273,2
2013-09-30 03:00:00,15.77489,-2.677752,2013,9,273,3
2013-09-30 03:30:00,15.43863,-2.949648,2013,9,273,3
2013-09-30 03:59:59,15.07953,-3.599122,2013,9,273,3
2013-09-30 04:30:00,14.82374,-3.205239,2013,9,273,4
2013-09-30 05:00:00,14.67752,-2.234617,2013,9,273,5
2013-09-30 05:29:59,14.7852,-1.607203,2013,9,273,5
2013-09-30 06:00:00,14.78447,3.134405,2013,9,273,6
2013-09-30 06:30:00,15.14307,15.70836,2013,9,273,6
2013-09-30 06:59:59,13.00221,73.00389,2013,9,273,6
2013-09-30 07:30:00,11.90012,151.0695,2013,9,273,7
2013-09-30 08:00:00,11.99797,210.5021,2013,9,273,8
2013-09-30 08:29:59,11.75238,173.7904,2013,9,273,8
2013-09-30 09:00:00,11.47374,147.5741,2013,9,273,9
2013-09-30 09:30:00,11.6063,202.9523,2013,9,273,9
2013-09-30 09:59:59,11.6989,186.4375,2013,9,273,9
2013-09-30 10:30:00,11.61176,368.2751,2013,9,273,10
2013-09-30 11:00:00,12.24133,470.5902,2013,9,273,11
2013-09-30 11:29:59,13.25641,769.6545,2013,9,273,11
2013-09-30 12:00:00,14.73821,919.9963,2013,9,273,12
2013-09-30 12:30:00,15.14293,988.7213,2013,9,273,12
2013-09-30 12:59:59,15.63998,1028.761,2013,9,273,12
2013-09-30 13:30:00,15.88911,857.3257,2013,9,273,13
2013-09-30 14:00:00,16.07406,876.5524,2013,9,273,14
2013-09-30 14:29:59,16.43739,801.4198,2013,9,273,14
2013-09-30 15:00:00,16.80212,714.9857,2013,9,273,15
2013-09-30 15:30:00,17.07251,614.5993,2013,9,273,15
2013-09-30 15:59:59,17.25303,502.3229,2013,9,273,15
2013-09-30 16:30:00,17.48075,381.9377,2013,9,273,16
2013-09-30 17:00:00,17.37606,256.0437,2013,9,273,17
2013-09-30 17:29:59,17.17663,135.8357,2013,9,273,17
2013-09-30 18:00:00,16.77084,34.91013,2013,9,273,18
2013-09-30 18:30:00,16.0824,-5.06864,2013,9,273,18
2013-09-30 18:59:59,15.38477,-6.02481,2013,9,273,18
2013-09-30 19:30:00,14.6171,-5.885645,2013,9,273,19
2013-09-30 20:00:00,13.93894,-5.580288,2013,9,273,20
2013-09-30 20:29:59,13.1502,-5.514613,2013,9,273,20
2013-09-30 21:00:00,12.66393,-5.137446,2013,9,273,21
2013-09-30 21:30:00,12.41417,-4.918879,2013,9,273,21
2013-09-30 21:59:59,12.06015,-4.840295,2013,9,273,21
2013-09-30 22:30:00,11.79664,-4.615314,2013,9,273,22
2013-09-30 23:00:00,11.3038,-4.717072,2013,9,273,23
2013-09-30 23:29:59,10.73656,-4.383692,2013,9,273,23
2013-10-01 00:00:00,10.27075,-4.34158,2013,10,274,0
2013-10-01 00:30:00,9.851191,-4.39763,2013,10,274,0
2013-10-01 00:59:59,9.478921,-4.321499,2013,10,274,0
2013-10-01 01:30:00,9.623294,-3.596011,2013,10,274,1
2013-10-01 02:00:00,9.312108,-3.929128,2013,10,274,2
2013-10-01 02:29:59,9.147599,-3.920039,2013,10,274,2
2013-10-01 03:00:00,8.885882,-4.07469,2013,10,274,3
2013-10-01 03:30:00,8.642319,-3.848274,2013,10,274,3
2013-10-01 03:59:59,8.022908,-4.032388,2013,10,274,3
2013-10-01 04:30:00,7.38854,-4.223039,2013,10,274,4
2013-10-01 05:00:00,7.213589,-4.061753,2013,10,274,5
2013-10-01 05:29:59,6.805303,-3.686125,2013,10,274,5
2013-10-01 06:00:00,6.769157,12.92034,2013,10,274,6
2013-10-01 06:30:00,7.340826,63.58837,2013,10,274,6
2013-10-01 06:59:59,7.643745,202.8672,2013,10,274,6
2013-10-01 07:30:00,9.097358,321.643,2013,10,274,7
2013-10-01 08:00:00,10.93798,441.8908,2013,10,274,8
2013-10-01 08:29:59,11.87066,551.6581,2013,10,274,8
2013-10-01 09:00:00,13.4059,651.0063,2013,10,274,9
2013-10-01 09:30:00,14.21892,739.5022,2013,10,274,9
2013-10-01 09:59:59,15.27035,814.3657,2013,10,274,9
2013-10-01 10:30:00,15.90947,868.9839,2013,10,274,10
2013-10-01 11:00:00,16.61468,917.6425,2013,10,274,11
2013-10-01 11:29:59,17.3241,948.3193,2013,10,274,11
2013-10-01 12:00:00,17.94226,960.2832,2013,10,274,12
2013-10-01 12:30:00,18.50076,955.3865,2013,10,274,12
2013-10-01 12:59:59,19.43353,929.8881,2013,10,274,12
2013-10-01 13:30:00,20.33528,891.2335,2013,10,274,13
2013-10-01 14:00:00,20.97079,832.6143,2013,10,274,14
2013-10-01 14:29:59,21.54414,763.7485,2013,10,274,14
2013-10-01 15:00:00,21.9347,679.449,2013,10,274,15
2013-10-01 15:30:00,22.25206,579.7888,2013,10,274,15
2013-10-01 15:59:59,22.68072,468.1433,2013,10,274,15
2013-10-01 16:30:00,22.8269,349.7515,2013,10,274,16
2013-10-01 17:00:00,23.27753,231.4238,2013,10,274,17
2013-10-01 17:29:59,23.12376,119.5364,2013,10,274,17
2013-10-01 18:00:00,22.83927,29.08612,2013,10,274,18
2013-10-01 18:30:00,22.40419,-4.808767,2013,10,274,18
2013-10-01 18:59:59,21.76871,-5.524144,2013,10,274,18
2013-10-01 19:30:00,20.48438,-5.859551,2013,10,274,19
2013-10-01 20:00:00,20.00712,-5.50677,2013,10,274,20
2013-10-01 20:29:59,19.33642,-4.828585,2013,10,274,20
2013-10-01 21:00:00,18.83546,-5.034716,2013,10,274,21
2013-10-01 21:30:00,17.69934,-4.948647,2013,10,274,21
2013-10-01 21:59:59,17.38591,-4.422176,2013,10,274,21
2013-10-01 22:30:00,17.07716,-4.745671,2013,10,274,22
2013-10-01 23:00:00,16.68073,-4.631754,2013,10,274,23
2013-10-01 23:29:59,16.08985,-4.721656,2013,10,274,23
2013-10-02 00:00:00,15.36028,-4.310534,2013,10,275,0
2013-10-02 00:30:00,15.25537,-4.113893,2013,10,275,0
2013-10-02 00:59:59,14.68536,-4.138087,2013,10,275,0
2013-10-02 01:30:00,14.18958,-4.258809,2013,10,275,1
2013-10-02 02:00:00,13.35705,-4.443095,2013,10,275,2
2013-10-02 02:29:59,12.84693,-4.153324,2013,10,275,2
2013-10-02 03:00:00,12.55793,-3.928437,2013,10,275,3
2013-10-02 03:30:00,12.04807,-4.112249,2013,10,275,3
2013-10-02 03:59:59,11.1641,-4.069222,2013,10,275,3
2013-10-02 04:30:00,10.80973,-3.742163,2013,10,275,4
2013-10-02 05:00:00,10.55959,-3.365805,2013,10,275,5
2013-10-02 05:29:59,10.40539,-3.009077,2013,10,275,5
2013-10-02 06:00:00,10.52191,13.1188,2013,10,275,6
2013-10-02 06:30:00,10.83415,65.89129,2013,10,275,6
2013-10-02 06:59:59,11.44879,188.5315,2013,10,275,6
2013-10-02 07:30:00,12.68189,307.2858,2013,10,275,7
2013-10-02 08:00:00,13.88953,422.8336,2013,10,275,8
2013-10-02 08:29:59,14.67946,536.6908,2013,10,275,8
2013-10-02 09:00:00,15.51397,639.5826,2013,10,275,9
2013-10-02 09:30:00,16.5106,731.2723,2013,10,275,9
2013-10-02 09:59:59,17.42522,806.2245,2013,10,275,9
2013-10-02 10:30:00,18.35083,868.161,2013,10,275,10
2013-10-02 11:00:00,19.67915,912.2386,2013,10,275,11
2013-10-02 11:29:59,20.95469,941.2091,2013,10,275,11
2013-10-02 12:00:00,21.95437,952.8815,2013,10,275,12
2013-10-02 12:30:00,22.68817,950.6341,2013,10,275,12
2013-10-02 12:59:59,23.56151,927.0214,2013,10,275,12
2013-10-02 13:30:00,24.26467,888.5257,2013,10,275,13
2013-10-02 14:00:00,24.96836,831.5287,2013,10,275,14
2013-10-02 14:29:59,25.20163,760.1486,2013,10,275,14
2013-10-02 15:00:00,25.81201,674.9063,2013,10,275,15
2013-10-02 15:30:00,25.86477,577.0038,2013,10,275,15
2013-10-02 15:59:59,26.3595,467.1824,2013,10,275,15
2013-10-02 16:30:00,26.39804,350.8529,2013,10,275,16
2013-10-02 17:00:00,26.32989,231.9736,2013,10,275,17
2013-10-02 17:29:59,26.13287,119.4168,2013,10,275,17
2013-10-02 18:00:00,25.60417,27.75631,2013,10,275,18
2013-10-02 18:30:00,24.76579,-5.889727,2013,10,275,18
2013-10-02 18:59:59,23.77485,-6.55785,2013,10,275,18
2013-10-02 19:30:00,22.80979,-6.399698,2013,10,275,19
2013-10-02 20:00:00,21.99443,-6.169674,2013,10,275,20
2013-10-02 20:29:59,21.38538,-5.797812,2013,10,275,20
2013-10-02 21:00:00,20.73368,-5.664106,2013,10,275,21
2013-10-02 21:30:00,20.25716,-4.974822,2013,10,275,21
2013-10-02 21:59:59,19.84439,-4.89091,2013,10,275,21
2013-10-02 22:30:00,19.45005,-4.157704,2013,10,275,22
2013-10-02 23:00:00,19.02029,-4.622403,2013,10,275,23
2013-10-02 23:29:59,18.58797,-4.392913,2013,10,275,23
2013-10-03 00:00:00,18.38162,-4.160807,2013,10,276,0
2013-10-03 00:30:00,18.10826,-3.869716,2013,10,276,0
2013-10-03 00:59:59,17.14635,-4.246052,2013,10,276,0
2013-10-03 01:30:00,16.6868,-3.767178,2013,10,276,1
2013-10-03 02:00:00,16.43962,-3.964311,2013,10,276,2
2013-10-03 02:29:59,16.4752,-3.865186,2013,10,276,2
2013-10-03 03:00:00,15.7627,-3.85537,2013,10,276,3
2013-10-03 03:30:00,14.90607,-3.900356,2013,10,276,3
2013-10-03 03:59:59,15.20245,-3.03797,2013,10,276,3
2013-10-03 04:30:00,15.06017,-3.751616,2013,10,276,4
2013-10-03 05:00:00,14.51547,-3.832217,2013,10,276,5
2013-10-03 05:29:59,14.10298,-3.176532,2013,10,276,5
2013-10-03 06:00:00,13.6554,17.07164,2013,10,276,6
2013-10-03 06:30:00,13.56906,76.57253,2013,10,276,6
2013-10-03 06:59:59,14.39498,198.812,2013,10,276,6
2013-10-03 07:30:00,16.46493,317.2093,2013,10,276,7
2013-10-03 08:00:00,18.3577,436.8939,2013,10,276,8
2013-10-03 08:29:59,19.85945,551.2488,2013,10,276,8
2013-10-03 09:00:00,21.10002,656.4266,2013,10,276,9
2013-10-03 09:30:00,22.41155,747.222,2013,10,276,9
2013-10-03 09:59:59,23.95156,822.0537,2013,10,276,9
2013-10-03 10:30:00,25.16705,882.7193,2013,10,276,10
2013-10-03 11:00:00,26.20693,929.3152,2013,10,276,11
2013-10-03 11:29:59,27.1848,957.7617,2013,10,276,11
2013-10-03 12:00:00,27.75969,970.213,2013,10,276,12
2013-10-03 12:30:00,28.50461,966.1773,2013,10,276,12
2013-10-03 12:59:59,29.33579,942.1521,2013,10,276,12
2013-10-03 13:30:00,29.98092,902.6237,2013,10,276,13
2013-10-03 14:00:00,30.6204,851.0372,2013,10,276,14
2013-10-03 14:29:59,31.15185,780.0335,2013,10,276,14
2013-10-03 15:00:00,31.41726,696.7718,2013,10,276,15
2013-10-03 15:30:00,31.80821,597.3586,2013,10,276,15
2013-10-03 15:59:59,32.19367,487.0178,2013,10,276,15
2013-10-03 16:30:00,32.21684,368.188,2013,10,276,16
2013-10-03 17:00:00,32.26506,247.3532,2013,10,276,17
2013-10-03 17:29:59,32.09974,131.5001,2013,10,276,17
2013-10-03 18:00:00,31.63814,18.67669,2013,10,276,18
2013-10-03 18:30:00,30.82459,-5.836914,2013,10,276,18
2013-10-03 18:59:59,29.9542,-6.561587,2013,10,276,18
2013-10-03 19:30:00,28.99595,-6.086491,2013,10,276,19
2013-10-03 20:00:00,27.82051,-5.803481,2013,10,276,20
2013-10-03 20:29:59,26.72243,-5.503516,2013,10,276,20
2013-10-03 21:00:00,26.32428,-4.870994,2013,10,276,21
2013-10-03 21:30:00,26.30837,-5.003557,2013,10,276,21
2013-10-03 21:59:59,26.10886,-5.185733,2013,10,276,21
2013-10-03 22:30:00,25.40292,-5.385875,2013,10,276,22
2013-10-03 23:00:00,24.5489,-5.13378,2013,10,276,23
2013-10-03 23:29:59,23.90556,-4.972459,2013,10,276,23
2013-10-04 00:00:00,23.37328,-5.028928,2013,10,277,0
2013-10-04 00:30:00,23.05136,-4.620227,2013,10,277,0
2013-10-04 00:59:59,24.29193,-4.489078,2013,10,277,0
2013-10-04 01:30:00,23.50036,-5.305862,2013,10,277,1
2013-10-04 02:00:00,23.06376,-4.67821,2013,10,277,2
2013-10-04 02:29:59,22.4394,-4.779204,2013,10,277,2
2013-10-04 03:00:00,22.13881,-4.41976,2013,10,277,3
2013-10-04 03:30:00,21.70393,-4.688738,2013,10,277,3
2013-10-04 03:59:59,21.18927,-4.436866,2013,10,277,3
2013-10-04 04:30:00,20.98867,-4.515721,2013,10,277,4
2013-10-04 05:00:00,20.99308,-4.264483,2013,10,277,5
2013-10-04 05:29:59,20.15591,-3.904292,2013,10,277,5
2013-10-04 06:00:00,18.73229,18.46595,2013,10,277,6
2013-10-04 06:30:00,18.94585,87.53723,2013,10,277,6
2013-10-04 06:59:59,18.95339,212.2886,2013,10,277,6
2013-10-04 07:30:00,18.10179,335.1248,2013,10,277,7
2013-10-04 08:00:00,18.6323,453.9586,2013,10,277,8
2013-10-04 08:29:59,19.48497,566.1249,2013,10,277,8
2013-10-04 09:00:00,20.45543,666.2386,2013,10,277,9
2013-10-04 09:30:00,21.44169,756.8148,2013,10,277,9
2013-10-04 09:59:59,22.59137,839.6649,2013,10,277,9
2013-10-04 10:30:00,23.54372,898.8597,2013,10,277,10
2013-10-04 11:00:00,24.19711,942.7898,2013,10,277,11
2013-10-04 11:29:59,24.99996,967.7717,2013,10,277,11
2013-10-04 12:00:00,25.79348,977.5604,2013,10,277,12
2013-10-04 12:30:00,26.41353,971.5225,2013,10,277,12
2013-10-04 12:59:59,26.71467,951.3591,2013,10,277,12
2013-10-04 13:30:00,27.36357,911.8176,2013,10,277,13
2013-10-04 14:00:00,27.3377,856.1891,2013,10,277,14
2013-10-04 14:29:59,27.61638,787.1229,2013,10,277,14
2013-10-04 15:00:00,27.544,703.1483,2013,10,277,15
2013-10-04 15:30:00,27.80045,606.7773,2013,10,277,15
2013-10-04 15:59:59,27.64734,493.5107,2013,10,277,15
2013-10-04 16:30:00,27.59984,374.6202,2013,10,277,16
2013-10-04 17:00:00,27.32561,252.8179,2013,10,277,17
2013-10-04 17:29:59,26.99029,134.7823,2013,10,277,17
2013-10-04 18:00:00,26.14109,36.51622,2013,10,277,18
2013-10-04 18:30:00,25.17336,-4.738179,2013,10,277,18
2013-10-04 18:59:59,24.37506,-6.086428,2013,10,277,18
2013-10-04 19:30:00,23.55073,-5.669415,2013,10,277,19
2013-10-04 20:00:00,22.91954,-5.606732,2013,10,277,20
2013-10-04 20:29:59,22.07531,-5.441338,2013,10,277,20
2013-10-04 21:00:00,21.56222,-5.135963,2013,10,277,21
2013-10-04 21:30:00,21.37557,-5.062773,2013,10,277,21
2013-10-04 21:59:59,20.78164,-5.167022,2013,10,277,21
2013-10-04 22:30:00,20.16628,-4.796861,2013,10,277,22
2013-10-04 23:00:00,20.00757,-4.5953,2013,10,277,23
2013-10-04 23:29:59,19.67324,-4.690551,2013,10,277,23
2013-10-05 00:00:00,18.98367,-4.764424,2013,10,278,0
2013-10-05 00:30:00,18.39614,-4.625735,2013,10,278,0
2013-10-05 00:59:59,17.96746,-4.610584,2013,10,278,0
2013-10-05 01:30:00,17.27729,-4.300368,2013,10,278,1
2013-10-05 02:00:00,16.81217,-4.679359,2013,10,278,2
2013-10-05 02:29:59,16.41725,-4.287024,2013,10,278,2
2013-10-05 03:00:00,16.27859,-4.086843,2013,10,278,3
2013-10-05 03:30:00,16.01132,-3.968179,2013,10,278,3
2013-10-05 03:59:59,15.82388,-3.612439,2013,10,278,3
2013-10-05 04:30:00,15.31185,-3.707043,2013,10,278,4
2013-10-05 05:00:00,14.98917,-3.652184,2013,10,278,5
2013-10-05 05:29:59,14.6007,-3.013485,2013,10,278,5
2013-10-05 06:00:00,14.18748,22.38961,2013,10,278,6
2013-10-05 06:30:00,14.54468,101.0671,2013,10,278,6
2013-10-05 06:59:59,15.49261,222.5339,2013,10,278,6
2013-10-05 07:30:00,16.41794,343.5781,2013,10,278,7
2013-10-05 08:00:00,17.7302,462.5358,2013,10,278,8
2013-10-05 08:29:59,18.94063,573.7101,2013,10,278,8
2013-10-05 09:00:00,19.63533,673.7484,2013,10,278,9
2013-10-05 09:30:00,20.45391,759.6663,2013,10,278,9
2013-10-05 09:59:59,21.69114,832.6678,2013,10,278,9
2013-10-05 10:30:00,22.21834,894.866,2013,10,278,10
2013-10-05 11:00:00,23.08578,941.2657,2013,10,278,11
2013-10-05 11:29:59,23.49844,971.8586,2013,10,278,11
2013-10-05 12:00:00,24.22667,980.8279,2013,10,278,12
2013-10-05 12:30:00,24.67521,976.3341,2013,10,278,12
2013-10-05 12:59:59,24.98477,952.7703,2013,10,278,12
2013-10-05 13:30:00,25.27707,911.6294,2013,10,278,13
2013-10-05 14:00:00,25.57572,854.874,2013,10,278,14
2013-10-05 14:29:59,26.03022,784.785,2013,10,278,14
2013-10-05 15:00:00,26.31391,698.2786,2013,10,278,15
2013-10-05 15:30:00,26.6129,599.6774,2013,10,278,15
2013-10-05 15:59:59,26.63416,488.6877,2013,10,278,15
2013-10-05 16:30:00,26.92768,372.2422,2013,10,278,16
2013-10-05 17:00:00,26.81688,251.3963,2013,10,278,17
2013-10-05 17:29:59,26.71259,135.7163,2013,10,278,17
2013-10-05 18:00:00,26.40846,38.79446,2013,10,278,18
2013-10-05 18:30:00,25.66905,-4.756742,2013,10,278,18
2013-10-05 18:59:59,24.85081,-6.082886,2013,10,278,18
2013-10-05 19:30:00,24.21,-5.847621,2013,10,278,19
2013-10-05 20:00:00,23.30603,-5.741741,2013,10,278,20
2013-10-05 20:29:59,22.32335,-5.44457,2013,10,278,20
2013-10-05 21:00:00,21.80728,-4.701136,2013,10,278,21
2013-10-05 21:30:00,21.1926,-5.019502,2013,10,278,21
2013-10-05 21:59:59,21.05079,-4.558783,2013,10,278,21
2013-10-05 22:30:00,20.41532,-4.704158,2013,10,278,22
2013-10-05 23:00:00,20.11725,-4.225559,2013,10,278,23
2013-10-05 23:29:59,19.56445,-4.441871,2013,10,278,23
2013-10-06 00:00:00,19.08185,-4.304955,2013,10,279,0
2013-10-06 00:30:00,18.6327,-4.38167,2013,10,279,0
2013-10-06 00:59:59,18.19905,-4.276731,2013,10,279,0
2013-10-06 01:30:00,17.74202,-4.356528,2013,10,279,1
2013-10-06 02:00:00,16.89337,-4.41262,2013,10,279,2
2013-10-06 02:29:59,16.19439,-4.390368,2013,10,279,2
2013-10-06 03:00:00,15.49326,-4.224995,2013,10,279,3
2013-10-06 03:30:00,15.09972,-3.874841,2013,10,279,3
2013-10-06 03:59:59,14.72355,-3.88427,2013,10,279,3
2013-10-06 04:30:00,14.2159,-3.657543,2013,10,279,4
2013-10-06 05:00:00,13.89282,-3.432534,2013,10,279,5
2013-10-06 05:29:59,13.93193,-2.527419,2013,10,279,5
2013-10-06 06:00:00,13.92227,25.16583,2013,10,279,6
2013-10-06 06:30:00,14.4677,109.2141,2013,10,279,6
2013-10-06 06:59:59,15.36786,227.4202,2013,10,279,6
2013-10-06 07:30:00,16.46079,349.7089,2013,10,279,7
2013-10-06 08:00:00,17.45312,470.118,2013,10,279,8
2013-10-06 08:29:59,18.51384,582.5805,2013,10,279,8
2013-10-06 09:00:00,19.9256,682.8178,2013,10,279,9
2013-10-06 09:30:00,20.99146,770.2534,2013,10,279,9
2013-10-06 09:59:59,22.04041,846.8085,2013,10,279,9
2013-10-06 10:30:00,23.05602,905.0725,2013,10,279,10
2013-10-06 11:00:00,23.97617,951.7573,2013,10,279,11
2013-10-06 11:29:59,25.00932,803.8451,2013,10,279,11
2013-10-06 12:00:00,25.70528,1001.744,2013,10,279,12
2013-10-06 12:30:00,25.66381,877.1151,2013,10,279,12
2013-10-06 12:59:59,26.3189,916.9417,2013,10,279,12
2013-10-06 13:30:00,26.8882,931.0042,2013,10,279,13
2013-10-06 14:00:00,27.26035,870.6229,2013,10,279,14
2013-10-06 14:29:59,27.59514,798.1627,2013,10,279,14
2013-10-06 15:00:00,27.68942,710.8565,2013,10,279,15
2013-10-06 15:30:00,27.67582,547.1893,2013,10,279,15
2013-10-06 15:59:59,27.76528,497.6501,2013,10,279,15
2013-10-06 16:30:00,27.76553,379.7755,2013,10,279,16
2013-10-06 17:00:00,27.41239,258.0216,2013,10,279,17
2013-10-06 17:29:59,27.1497,141.8171,2013,10,279,17
2013-10-06 18:00:00,26.76084,42.44285,2013,10,279,18
2013-10-06 18:30:00,26.03267,-4.413267,2013,10,279,18
2013-10-06 18:59:59,25.25074,-6.226568,2013,10,279,18
2013-10-06 19:30:00,24.38395,-6.015956,2013,10,279,19
2013-10-06 20:00:00,23.69866,-5.815044,2013,10,279,20
2013-10-06 20:29:59,22.71663,-5.955389,2013,10,279,20
2013-10-06 21:00:00,22.14261,-5.541875,2013,10,279,21
2013-10-06 21:30:00,21.5939,-5.316959,2013,10,279,21
2013-10-06 21:59:59,20.81326,-5.381083,2013,10,279,21
2013-10-06 22:30:00,20.51259,-4.961424,2013,10,279,22
2013-10-06 23:00:00,20.20419,-5.384951,2013,10,279,23
2013-10-06 23:29:59,19.52561,-5.345615,2013,10,279,23
2013-10-07 00:00:00,18.735,-5.203706,2013,10,280,0
2013-10-07 00:30:00,18.60548,-4.470635,2013,10,280,0
2013-10-07 00:59:59,18.19339,-5.194669,2013,10,280,0
2013-10-07 01:30:00,17.75766,-3.443577,2013,10,280,1
2013-10-07 02:00:00,17.92497,-3.905497,2013,10,280,2
2013-10-07 02:29:59,17.29041,-4.581813,2013,10,280,2
2013-10-07 03:00:00,16.59886,-4.494418,2013,10,280,3
2013-10-07 03:30:00,16.56849,-4.108556,2013,10,280,3
2013-10-07 03:59:59,15.88795,-4.34934,2013,10,280,3
2013-10-07 04:30:00,15.26831,-4.191058,2013,10,280,4
2013-10-07 05:00:00,14.66513,-4.149307,2013,10,280,5
2013-10-07 05:29:59,14.25975,-2.753183,2013,10,280,5
2013-10-07 06:00:00,14.2312,28.97452,2013,10,280,6
2013-10-07 06:30:00,14.58477,121.7137,2013,10,280,6
2013-10-07 06:59:59,15.21516,240.1741,2013,10,280,6
2013-10-07 07:30:00,16.4968,363.0115,2013,10,280,7
2013-10-07 08:00:00,17.92759,482.5174,2013,10,280,8
2013-10-07 08:29:59,19.77118,594.7408,2013,10,280,8
2013-10-07 09:00:00,21.508,695.6996,2013,10,280,9
2013-10-07 09:30:00,23.04468,787.3155,2013,10,280,9
2013-10-07 09:59:59,23.8487,862.8297,2013,10,280,9
2013-10-07 10:30:00,25.00416,922.3256,2013,10,280,10
2013-10-07 11:00:00,26.00436,963.2067,2013,10,280,11
2013-10-07 11:29:59,26.88808,989.3832,2013,10,280,11
2013-10-07 12:00:00,27.73911,997.8801,2013,10,280,12
2013-10-07 12:30:00,28.4166,993.2059,2013,10,280,12
2013-10-07 12:59:59,29.20105,968.8357,2013,10,280,12
2013-10-07 13:30:00,29.65579,925.9093,2013,10,280,13
2013-10-07 14:00:00,30.38132,873.6933,2013,10,280,14
2013-10-07 14:29:59,30.6027,802.3416,2013,10,280,14
2013-10-07 15:00:00,30.91575,714.8603,2013,10,280,15
2013-10-07 15:30:00,31.3742,613.0057,2013,10,280,15
2013-10-07 15:59:59,31.56933,499.7029,2013,10,280,15
2013-10-07 16:30:00,31.92693,381.9193,2013,10,280,16
2013-10-07 17:00:00,31.90325,262.2013,2013,10,280,17
2013-10-07 17:29:59,31.73071,144.7727,2013,10,280,17
2013-10-07 18:00:00,31.43437,42.97364,2013,10,280,18
2013-10-07 18:30:00,30.64061,-4.920586,2013,10,280,18
2013-10-07 18:59:59,29.91634,-5.896677,2013,10,280,18
2013-10-07 19:30:00,29.43572,-5.959153,2013,10,280,19
2013-10-07 20:00:00,29.13131,-5.091865,2013,10,280,20
2013-10-07 20:29:59,28.32594,-4.841624,2013,10,280,20
2013-10-07 21:00:00,27.64722,-4.613218,2013,10,280,21
2013-10-07 21:30:00,26.07536,-5.651563,2013,10,280,21
2013-10-07 21:59:59,25.27464,-5.39537,2013,10,280,21
2013-10-07 22:30:00,24.82432,-5.267792,2013,10,280,22
2013-10-07 23:00:00,24.24577,-5.315979,2013,10,280,23
2013-10-07 23:29:59,23.3614,-5.241834,2013,10,280,23
2013-10-08 00:00:00,22.78835,-5.042615,2013,10,281,0
2013-10-08 00:30:00,22.10792,-4.968699,2013,10,281,0
2013-10-08 00:59:59,21.50966,-4.687758,2013,10,281,0
2013-10-08 01:30:00,21.14191,-4.176181,2013,10,281,1
2013-10-08 02:00:00,21.00783,-4.370771,2013,10,281,2
2013-10-08 02:29:59,20.55809,-4.33226,2013,10,281,2
2013-10-08 03:00:00,20.128,-4.589575,2013,10,281,3
2013-10-08 03:30:00,19.26687,-4.659341,2013,10,281,3
2013-10-08 03:59:59,19.00782,-3.517873,2013,10,281,3
2013-10-08 04:30:00,20.1096,-2.941451,2013,10,281,4
2013-10-08 05:00:00,20.17253,-3.782644,2013,10,281,5
2013-10-08 05:29:59,19.43677,-2.55813,2013,10,281,5
2013-10-08 06:00:00,19.43166,29.02929,2013,10,281,6
2013-10-08 06:30:00,20.09423,118.8819,2013,10,281,6
2013-10-08 06:59:59,21.32899,233.9717,2013,10,281,6
2013-10-08 07:30:00,23.19284,354.6952,2013,10,281,7
2013-10-08 08:00:00,24.60081,472.4623,2013,10,281,8
2013-10-08 08:29:59,26.34459,580.0634,2013,10,281,8
2013-10-08 09:00:00,27.45391,678.4635,2013,10,281,9
2013-10-08 09:30:00,28.75766,765.7667,2013,10,281,9
2013-10-08 09:59:59,30.03983,839.7777,2013,10,281,9
2013-10-08 10:30:00,31.60908,900.8969,2013,10,281,10
2013-10-08 11:00:00,32.2514,951.3679,2013,10,281,11
2013-10-08 11:29:59,32.35866,980.3674,2013,10,281,11
2013-10-08 12:00:00,32.82151,987.1696,2013,10,281,12
2013-10-08 12:30:00,33.48571,981.34,2013,10,281,12
2013-10-08 12:59:59,34.06376,957.8806,2013,10,281,12
2013-10-08 13:30:00,34.47252,918.8708,2013,10,281,13
2013-10-08 14:00:00,34.4548,863.4869,2013,10,281,14
2013-10-08 14:29:59,34.99639,788.3611,2013,10,281,14
2013-10-08 15:00:00,34.81729,702.4183,2013,10,281,15
2013-10-08 15:30:00,34.58374,599.8561,2013,10,281,15
2013-10-08 15:59:59,34.30537,488.7527,2013,10,281,15
2013-10-08 16:30:00,33.93484,368.7751,2013,10,281,16
2013-10-08 17:00:00,33.03479,252.5723,2013,10,281,17
2013-10-08 17:29:59,30.99643,138.344,2013,10,281,17
2013-10-08 18:00:00,29.94256,42.50183,2013,10,281,18
2013-10-08 18:30:00,28.66832,-3.508833,2013,10,281,18
2013-10-08 18:59:59,27.70208,-5.726151,2013,10,281,18
2013-10-08 19:30:00,26.9702,-5.54471,2013,10,281,19
2013-10-08 20:00:00,26.32017,-5.502672,2013,10,281,20
2013-10-08 20:29:59,25.54848,-5.617255,2013,10,281,20
2013-10-08 21:00:00,24.84167,-5.479688,2013,10,281,21
2013-10-08 21:30:00,24.1094,-5.603141,2013,10,281,21
2013-10-08 21:59:59,23.26485,-5.686812,2013,10,281,21
2013-10-08 22:30:00,22.3939,-5.513196,2013,10,281,22
2013-10-08 23:00:00,21.48288,-5.261653,2013,10,281,23
2013-10-08 23:29:59,20.78218,-4.913163,2013,10,281,23
2013-10-09 00:00:00,20.07869,-5.083119,2013,10,282,0
2013-10-09 00:30:00,19.30364,-4.876368,2013,10,282,0
2013-10-09 00:59:59,18.84755,-4.318729,2013,10,282,0
2013-10-09 01:30:00,18.27192,-4.425128,2013,10,282,1
2013-10-09 02:00:00,17.53258,-4.359251,2013,10,282,2
2013-10-09 02:29:59,17.00491,-4.250938,2013,10,282,2
2013-10-09 03:00:00,16.34966,-4.32363,2013,10,282,3
2013-10-09 03:30:00,15.8932,-4.034394,2013,10,282,3
2013-10-09 03:59:59,15.59419,-3.801408,2013,10,282,3
2013-10-09 04:30:00,15.32508,-3.604091,2013,10,282,4
2013-10-09 05:00:00,15.10169,-3.628906,2013,10,282,5
2013-10-09 05:29:59,14.49664,-2.372375,2013,10,282,5
2013-10-09 06:00:00,14.87276,31.91744,2013,10,282,6
2013-10-09 06:30:00,15.39197,123.9573,2013,10,282,6
2013-10-09 06:59:59,16.83644,238.8466,2013,10,282,6
2013-10-09 07:30:00,17.8607,361.3058,2013,10,282,7
2013-10-09 08:00:00,19.22982,480.1394,2013,10,282,8
2013-10-09 08:29:59,20.53249,528.8756,2013,10,282,8
2013-10-09 09:00:00,21.48322,682.308,2013,10,282,9
2013-10-09 09:30:00,21.89592,770.2901,2013,10,282,9
2013-10-09 09:59:59,22.59741,757.8438,2013,10,282,9
2013-10-09 10:30:00,22.71234,666.181,2013,10,282,10
2013-10-09 11:00:00,23.20932,836.6348,2013,10,282,11
2013-10-09 11:29:59,23.18016,473.5573,2013,10,282,11
2013-10-09 12:00:00,21.68058,196.6761,2013,10,282,12
2013-10-09 12:30:00,16.92943,553.5516,2013,10,282,12
2013-10-09 12:59:59,14.34603,598.4313,2013,10,282,12
2013-10-09 13:30:00,13.20258,484.2452,2013,10,282,13
2013-10-09 14:00:00,11.38076,63.36335,2013,10,282,14
2013-10-09 14:29:59,10.28655,78.44054,2013,10,282,14
2013-10-09 15:00:00,10.4114,173.0846,2013,10,282,15
2013-10-09 15:30:00,10.69329,304.0733,2013,10,282,15
2013-10-09 15:59:59,10.86936,139.1203,2013,10,282,15
2013-10-09 16:30:00,11.03061,91.80885,2013,10,282,16
2013-10-09 17:00:00,11.17666,133.6207,2013,10,282,17
2013-10-09 17:29:59,11.30569,67.30957,2013,10,282,17
2013-10-09 18:00:00,11.6773,57.9639,2013,10,282,18
2013-10-09 18:30:00,11.56315,-0.9995016,2013,10,282,18
2013-10-09 18:59:59,11.29471,-4.229325,2013,10,282,18
2013-10-09 19:30:00,11.03375,-4.361824,2013,10,282,19
2013-10-09 20:00:00,10.72788,-4.353321,2013,10,282,20
2013-10-09 20:29:59,10.11377,-4.406194,2013,10,282,20
2013-10-09 21:00:00,9.988886,-3.02872,2013,10,282,21
2013-10-09 21:30:00,9.914521,-3.585558,2013,10,282,21
2013-10-09 21:59:59,10.09163,-3.80048,2013,10,282,21
2013-10-09 22:30:00,10.18332,-4.188164,2013,10,282,22
2013-10-09 23:00:00,10.00512,-3.790405,2013,10,282,23
2013-10-09 23:29:59,9.818995,-3.80534,2013,10,282,23
2013-10-10 00:00:00,9.010564,-4.079099,2013,10,283,0
2013-10-10 00:30:00,8.379936,-3.865844,2013,10,283,0
2013-10-10 00:59:59,8.341386,-3.241879,2013,10,283,0
2013-10-10 01:30:00,8.620668,-1.724784,2013,10,283,1
2013-10-10 02:00:00,8.993304,-2.680527,2013,10,283,2
2013-10-10 02:29:59,9.305564,-3.262793,2013,10,283,2
2013-10-10 03:00:00,9.140011,-4.412842,2013,10,283,3
2013-10-10 03:30:00,8.857751,-4.303473,2013,10,283,3
2013-10-10 03:59:59,8.87864,-4.314006,2013,10,283,3
2013-10-10 04:30:00,8.605989,-4.398728,2013,10,283,4
2013-10-10 05:00:00,8.379216,-3.924324,2013,10,283,5
2013-10-10 05:29:59,8.553441,-2.261246,2013,10,283,5
2013-10-10 06:00:00,8.589541,36.23603,2013,10,283,6
2013-10-10 06:30:00,8.862507,135.0074,2013,10,283,6
2013-10-10 06:59:59,10.01352,255.3848,2013,10,283,6
2013-10-10 07:30:00,11.32888,379.3257,2013,10,283,7
2013-10-10 08:00:00,12.38367,501.3067,2013,10,283,8
2013-10-10 08:29:59,13.72869,612.9418,2013,10,283,8
2013-10-10 09:00:00,14.59032,717.5535,2013,10,283,9
2013-10-10 09:30:00,15.29253,788.1432,2013,10,283,9
2013-10-10 09:59:59,15.99709,883.5628,2013,10,283,9
2013-10-10 10:30:00,16.56276,913.4459,2013,10,283,10
2013-10-10 11:00:00,17.06336,977.5306,2013,10,283,11
2013-10-10 11:29:59,17.48031,1009.05,2013,10,283,11
2013-10-10 12:00:00,18.12139,1016.789,2013,10,283,12
2013-10-10 12:30:00,19.05677,1011.805,2013,10,283,12
2013-10-10 12:59:59,19.87679,982.181,2013,10,283,12
2013-10-10 13:30:00,20.37092,942.6415,2013,10,283,13
2013-10-10 14:00:00,21.19197,882.8932,2013,10,283,14
2013-10-10 14:29:59,21.4159,809.5049,2013,10,283,14
2013-10-10 15:00:00,21.64137,727.6704,2013,10,283,15
2013-10-10 15:30:00,22.53755,626.0692,2013,10,283,15
2013-10-10 15:59:59,22.49811,518.2509,2013,10,283,15
2013-10-10 16:30:00,22.78776,397.5196,2013,10,283,16
2013-10-10 17:00:00,22.78402,275.9483,2013,10,283,17
2013-10-10 17:29:59,22.81932,155.6263,2013,10,283,17
2013-10-10 18:00:00,22.65992,50.58971,2013,10,283,18
2013-10-10 18:30:00,22.34569,-3.369126,2013,10,283,18
2013-10-10 18:59:59,22.14571,-5.611244,2013,10,283,18
2013-10-10 19:30:00,20.75063,-6.138433,2013,10,283,19
2013-10-10 20:00:00,19.67246,-5.658391,2013,10,283,20
2013-10-10 20:29:59,19.2189,-5.875874,2013,10,283,20
2013-10-10 21:00:00,18.95747,-3.978738,2013,10,283,21
2013-10-10 21:30:00,18.6755,-3.238199,2013,10,283,21
2013-10-10 21:59:59,17.82258,-3.589621,2013,10,283,21
2013-10-10 22:30:00,17.41262,-2.563065,2013,10,283,22
2013-10-10 23:00:00,17.87643,-2.421514,2013,10,283,23
2013-10-10 23:29:59,17.72695,-2.831946,2013,10,283,23
2013-10-11 00:00:00,16.8046,-4.674592,2013,10,284,0
2013-10-11 00:30:00,16.27128,-4.400277,2013,10,284,0
2013-10-11 00:59:59,15.9018,-3.898707,2013,10,284,0
2013-10-11 01:30:00,15.56252,-3.901731,2013,10,284,1
2013-10-11 02:00:00,15.25733,-3.81926,2013,10,284,2
2013-10-11 02:29:59,14.71009,-3.94578,2013,10,284,2
2013-10-11 03:00:00,14.14088,-3.486112,2013,10,284,3
2013-10-11 03:30:00,13.84797,-4.119017,2013,10,284,3
2013-10-11 03:59:59,13.8774,-3.893946,2013,10,284,3
2013-10-11 04:30:00,13.70228,-3.699034,2013,10,284,4
2013-10-11 05:00:00,13.74752,-4.03927,2013,10,284,5
2013-10-11 05:29:59,13.19412,-2.051293,2013,10,284,5
2013-10-11 06:00:00,13.37,40.02929,2013,10,284,6
2013-10-11 06:30:00,13.53752,140.0919,2013,10,284,6
2013-10-11 06:59:59,14.34957,261.4221,2013,10,284,6
2013-10-11 07:30:00,16.70281,389.1727,2013,10,284,7
2013-10-11 08:00:00,18.94738,510.9195,2013,10,284,8
2013-10-11 08:29:59,20.67175,624.6223,2013,10,284,8
2013-10-11 09:00:00,21.83597,726.9483,2013,10,284,9
2013-10-11 09:30:00,23.05272,815.6639,2013,10,284,9
2013-10-11 09:59:59,23.20674,891.8506,2013,10,284,9
2013-10-11 10:30:00,23.56122,951.3467,2013,10,284,10
2013-10-11 11:00:00,24.2189,995.0375,2013,10,284,11
2013-10-11 11:29:59,24.85429,1020.01,2013,10,284,11
2013-10-11 12:00:00,25.68802,1029.843,2013,10,284,12
2013-10-11 12:30:00,26.38919,1021.751,2013,10,284,12
2013-10-11 12:59:59,26.70344,997.0906,2013,10,284,12
2013-10-11 13:30:00,27.2487,954.1229,2013,10,284,13
2013-10-11 14:00:00,27.35147,897.5226,2013,10,284,14
2013-10-11 14:29:59,27.83072,825.4272,2013,10,284,14
2013-10-11 15:00:00,28.11117,735.405,2013,10,284,15
2013-10-11 15:30:00,28.37894,634.0106,2013,10,284,15
2013-10-11 15:59:59,28.4689,523.5168,2013,10,284,15
2013-10-11 16:30:00,28.20436,406.9128,2013,10,284,16
2013-10-11 17:00:00,28.10814,284.5219,2013,10,284,17
2013-10-11 17:29:59,27.00709,160.1733,2013,10,284,17
2013-10-11 18:00:00,25.72766,52.98059,2013,10,284,18
2013-10-11 18:30:00,24.44831,-2.550193,2013,10,284,18
2013-10-11 18:59:59,23.87878,-5.700293,2013,10,284,18
2013-10-11 19:30:00,22.90698,-6.176262,2013,10,284,19
2013-10-11 20:00:00,22.0799,-5.785942,2013,10,284,20
2013-10-11 20:29:59,21.60278,-5.446273,2013,10,284,20
2013-10-11 21:00:00,20.9905,-5.467663,2013,10,284,21
2013-10-11 21:30:00,20.28385,-5.203395,2013,10,284,21
2013-10-11 21:59:59,19.71007,-5.07771,2013,10,284,21
2013-10-11 22:30:00,19.08549,-5.158265,2013,10,284,22
2013-10-11 23:00:00,18.32355,-5.082531,2013,10,284,23
2013-10-11 23:29:59,17.59476,-4.800893,2013,10,284,23
2013-10-12 00:00:00,17.02693,-4.81762,2013,10,285,0
2013-10-12 00:30:00,16.51563,-4.500763,2013,10,285,0
2013-10-12 00:59:59,15.89374,-4.551369,2013,10,285,0
2013-10-12 01:30:00,15.33222,-4.270592,2013,10,285,1
2013-10-12 02:00:00,14.77546,-4.216352,2013,10,285,2
2013-10-12 02:29:59,14.14879,-3.895095,2013,10,285,2
2013-10-12 03:00:00,13.72991,-0.7042203,2013,10,285,3
2013-10-12 03:30:00,13.56575,-0.9471567,2013,10,285,3
2013-10-12 03:59:59,13.26116,-0.9124388,2013,10,285,3
2013-10-12 04:30:00,12.8216,-0.8328527,2013,10,285,4
2013-10-12 05:00:00,12.65212,-0.9015633,2013,10,285,5
2013-10-12 05:29:59,12.42243,-0.1332922,2013,10,285,5
2013-10-12 06:00:00,12.32998,8.376046,2013,10,285,6
2013-10-12 06:30:00,12.14946,28.66762,2013,10,285,6
2013-10-12 06:59:59,12.1646,60.62398,2013,10,285,6
2013-10-12 07:30:00,12.32408,172.4558,2013,10,285,7
2013-10-12 08:00:00,12.36903,149.9856,2013,10,285,8
2013-10-12 08:29:59,12.4299,385.4369,2013,10,285,8
2013-10-12 09:00:00,12.69629,519.1725,2013,10,285,9
2013-10-12 09:30:00,13.41485,826.667,2013,10,285,9
2013-10-12 09:59:59,13.82689,879.3236,2013,10,285,9
2013-10-12 10:30:00,14.20595,960.0536,2013,10,285,10
2013-10-12 11:00:00,14.72305,1002.96,2013,10,285,11
2013-10-12 11:29:59,15.22875,1032.05,2013,10,285,11
2013-10-12 12:00:00,16.02533,1040.204,2013,10,285,12
2013-10-12 12:30:00,16.71819,1033.353,2013,10,285,12
2013-10-12 12:59:59,17.06424,1006.831,2013,10,285,12
2013-10-12 13:30:00,17.58312,965.1303,2013,10,285,13
2013-10-12 14:00:00,18.14691,905.9756,2013,10,285,14
2013-10-12 14:29:59,18.52996,834.343,2013,10,285,14
2013-10-12 15:00:00,18.58629,748.0984,2013,10,285,15
2013-10-12 15:30:00,19.07483,646.2903,2013,10,285,15
2013-10-12 15:59:59,18.9845,535.8191,2013,10,285,15
2013-10-12 16:30:00,19.15537,416.2015,2013,10,285,16
2013-10-12 17:00:00,18.97141,292.5014,2013,10,285,17
2013-10-12 17:29:59,18.88783,168.3924,2013,10,285,17
2013-10-12 18:00:00,18.42277,57.84552,2013,10,285,18
2013-10-12 18:30:00,17.53716,-2.094857,2013,10,285,18
2013-10-12 18:59:59,16.8918,-5.364113,2013,10,285,18
2013-10-12 19:30:00,16.27343,-5.566313,2013,10,285,19
2013-10-12 20:00:00,15.68131,-5.764961,2013,10,285,20
2013-10-12 20:29:59,15.09583,-5.560119,2013,10,285,20
2013-10-12 21:00:00,14.42469,-5.63512,2013,10,285,21
2013-10-12 21:30:00,13.87652,-5.250965,2013,10,285,21
2013-10-12 21:59:59,13.41674,-4.876987,2013,10,285,21
2013-10-12 22:30:00,12.84634,-5.020411,2013,10,285,22
2013-10-12 23:00:00,12.64779,-4.744604,2013,10,285,23
2013-10-12 23:29:59,12.3458,-5.043143,2013,10,285,23
2013-10-13 00:00:00,11.87133,-4.784715,2013,10,286,0
2013-10-13 00:30:00,11.45764,-4.700401,2013,10,286,0
2013-10-13 00:59:59,11.0341,-4.890326,2013,10,286,0
2013-10-13 01:30:00,10.56475,-4.811255,2013,10,286,1
2013-10-13 02:00:00,10.08491,-4.784036,2013,10,286,2
2013-10-13 02:29:59,9.712204,-4.925002,2013,10,286,2
2013-10-13 03:00:00,9.353365,-4.950791,2013,10,286,3
2013-10-13 03:30:00,8.889149,-4.827475,2013,10,286,3
2013-10-13 03:59:59,8.514544,-4.902791,2013,10,286,3
2013-10-13 04:30:00,7.994719,-5.07325,2013,10,286,4
2013-10-13 05:00:00,7.640478,-4.978315,2013,10,286,5
2013-10-13 05:29:59,7.248976,-1.930237,2013,10,286,5
2013-10-13 06:00:00,7.150447,42.65382,2013,10,286,6
2013-10-13 06:30:00,7.60871,148.8029,2013,10,286,6
2013-10-13 06:59:59,8.424747,273.5427,2013,10,286,6
2013-10-13 07:30:00,8.907804,392.231,2013,10,286,7
2013-10-13 08:00:00,9.936163,522.6523,2013,10,286,8
2013-10-13 08:29:59,10.5493,646.531,2013,10,286,8
2013-10-13 09:00:00,11.26998,743.6498,2013,10,286,9
2013-10-13 09:30:00,12.25742,802.2607,2013,10,286,9
2013-10-13 09:59:59,12.92838,827.146,2013,10,286,9
2013-10-13 10:30:00,13.89669,966.5119,2013,10,286,10
2013-10-13 11:00:00,14.4357,851.7725,2013,10,286,11
2013-10-13 11:29:59,15.10625,910.9143,2013,10,286,11
2013-10-13 12:00:00,15.78399,1116.628,2013,10,286,12
2013-10-13 12:30:00,16.51686,935.3707,2013,10,286,12
2013-10-13 12:59:59,17.11275,669.0771,2013,10,286,12
2013-10-13 13:30:00,17.72759,824.2169,2013,10,286,13
2013-10-13 14:00:00,18.02435,934.1118,2013,10,286,14
2013-10-13 14:29:59,18.60406,851.2345,2013,10,286,14
2013-10-13 15:00:00,19.04311,765.1002,2013,10,286,15
2013-10-13 15:30:00,19.47293,667.6396,2013,10,286,15
2013-10-13 15:59:59,19.80517,541.9649,2013,10,286,15
2013-10-13 16:30:00,19.94438,420.5868,2013,10,286,16
2013-10-13 17:00:00,20.09306,295.2811,2013,10,286,17
2013-10-13 17:29:59,20.1251,170.7496,2013,10,286,17
2013-10-13 18:00:00,19.99124,58.29416,2013,10,286,18
2013-10-13 18:30:00,19.51185,-2.504663,2013,10,286,18
2013-10-13 18:59:59,18.99841,-6.731702,2013,10,286,18
2013-10-13 19:30:00,18.25201,-6.778736,2013,10,286,19
2013-10-13 20:00:00,17.51824,-6.507615,2013,10,286,20
2013-10-13 20:29:59,16.93421,-6.197609,2013,10,286,20
2013-10-13 21:00:00,16.07601,-5.942924,2013,10,286,21
2013-10-13 21:30:00,15.55461,-5.595875,2013,10,286,21
2013-10-13 21:59:59,14.84204,-5.159126,2013,10,286,21
2013-10-13 22:30:00,14.17799,-4.841599,2013,10,286,22
2013-10-13 23:00:00,13.99814,-4.79896,2013,10,286,23
2013-10-13 23:29:59,13.34293,-5.071268,2013,10,286,23
2013-10-14 00:00:00,12.81706,-4.636132,2013,10,287,0
2013-10-14 00:30:00,12.55101,-4.748237,2013,10,287,0
2013-10-14 00:59:59,12.33475,-4.750565,2013,10,287,0
2013-10-14 01:30:00,11.87539,-4.805323,2013,10,287,1
2013-10-14 02:00:00,11.72925,-4.078817,2013,10,287,2
2013-10-14 02:29:59,11.50098,-4.400668,2013,10,287,2
2013-10-14 03:00:00,10.95849,-4.572166,2013,10,287,3
2013-10-14 03:30:00,10.6765,-4.423391,2013,10,287,3
2013-10-14 03:59:59,10.71339,-4.296268,2013,10,287,3
2013-10-14 04:30:00,10.30367,-4.176761,2013,10,287,4
2013-10-14 05:00:00,9.907365,-4.333675,2013,10,287,5
2013-10-14 05:29:59,9.491302,-0.628052,2013,10,287,5
2013-10-14 06:00:00,9.057895,45.28356,2013,10,287,6
2013-10-14 06:30:00,9.253238,153.4318,2013,10,287,6
2013-10-14 06:59:59,11.00182,277.2975,2013,10,287,6
2013-10-14 07:30:00,12.5236,403.5608,2013,10,287,7
2013-10-14 08:00:00,13.55795,527.2441,2013,10,287,8
2013-10-14 08:29:59,14.5933,638.8036,2013,10,287,8
2013-10-14 09:00:00,15.6082,741.3759,2013,10,287,9
2013-10-14 09:30:00,16.6821,829.5615,2013,10,287,9
2013-10-14 09:59:59,17.52621,903.1226,2013,10,287,9
2013-10-14 10:30:00,18.74028,960.4244,2013,10,287,10
2013-10-14 11:00:00,19.30395,1000.308,2013,10,287,11
2013-10-14 11:29:59,19.94652,1024.361,2013,10,287,11
2013-10-14 12:00:00,20.47828,1032.232,2013,10,287,12
2013-10-14 12:30:00,21.12417,1024.525,2013,10,287,12
2013-10-14 12:59:59,21.66564,999.0347,2013,10,287,12
2013-10-14 13:30:00,22.126,955.0494,2013,10,287,13
2013-10-14 14:00:00,22.73329,899.2271,2013,10,287,14
2013-10-14 14:29:59,22.90648,824.7314,2013,10,287,14
2013-10-14 15:00:00,23.78197,734.943,2013,10,287,15
2013-10-14 15:30:00,23.72306,636.4601,2013,10,287,15
2013-10-14 15:59:59,24.1446,524.2755,2013,10,287,15
2013-10-14 16:30:00,24.26848,408.8542,2013,10,287,16
2013-10-14 17:00:00,24.13111,286.8392,2013,10,287,17
2013-10-14 17:29:59,24.07261,164.6784,2013,10,287,17
2013-10-14 18:00:00,23.91011,55.91129,2013,10,287,18
2013-10-14 18:30:00,23.14612,-2.526606,2013,10,287,18
2013-10-14 18:59:59,22.35388,-6.652664,2013,10,287,18
2013-10-14 19:30:00,21.68639,-6.064587,2013,10,287,19
2013-10-14 20:00:00,21.1881,-5.936376,2013,10,287,20
2013-10-14 20:29:59,20.80696,-5.54797,2013,10,287,20
2013-10-14 21:00:00,20.269,-5.417509,2013,10,287,21
2013-10-14 21:30:00,19.79308,-4.942503,2013,10,287,21
2013-10-14 21:59:59,19.7058,-4.935576,2013,10,287,21
2013-10-14 22:30:00,19.2471,-5.083644,2013,10,287,22
2013-10-14 23:00:00,18.69613,-2.960334,2013,10,287,23
2013-10-14 23:29:59,18.32496,-2.450349,2013,10,287,23
2013-10-15 00:00:00,18.28856,-3.03731,2013,10,288,0
2013-10-15 00:30:00,17.71409,-1.553591,2013,10,288,0
2013-10-15 00:59:59,17.0052,-1.64716,2013,10,288,0
2013-10-15 01:30:00,16.46725,-2.060625,2013,10,288,1
2013-10-15 02:00:00,15.96731,-3.484272,2013,10,288,2
2013-10-15 02:29:59,16.41989,-1.803921,2013,10,288,2
2013-10-15 03:00:00,16.0162,-1.773391,2013,10,288,3
2013-10-15 03:30:00,15.37011,-3.22315,2013,10,288,3
2013-10-15 03:59:59,15.37795,-3.050994,2013,10,288,3
2013-10-15 04:30:00,15.77947,-2.728392,2013,10,288,4
2013-10-15 05:00:00,15.4856,-1.610356,2013,10,288,5
2013-10-15 05:29:59,15.27622,1.196928,2013,10,288,5
2013-10-15 06:00:00,14.98687,45.54233,2013,10,288,6
2013-10-15 06:30:00,15.28481,153.982,2013,10,288,6
2013-10-15 06:59:59,15.60903,276.6704,2013,10,288,6
2013-10-15 07:30:00,17.70843,402.0337,2013,10,288,7
2013-10-15 08:00:00,20.14366,521.8853,2013,10,288,8
2013-10-15 08:29:59,22.21157,632.8374,2013,10,288,8
2013-10-15 09:00:00,24.24395,734.0851,2013,10,288,9
2013-10-15 09:30:00,25.16545,825.0428,2013,10,288,9
2013-10-15 09:59:59,25.84966,899.3606,2013,10,288,9
2013-10-15 10:30:00,26.39648,957.969,2013,10,288,10
2013-10-15 11:00:00,26.64909,1002.299,2013,10,288,11
2013-10-15 11:29:59,27.20249,1025.423,2013,10,288,11
2013-10-15 12:00:00,27.9427,1035.674,2013,10,288,12
2013-10-15 12:30:00,28.55598,1026.679,2013,10,288,12
2013-10-15 12:59:59,28.5948,1000.914,2013,10,288,12
2013-10-15 13:30:00,29.18213,958.2657,2013,10,288,13
2013-10-15 14:00:00,29.56801,896.8519,2013,10,288,14
2013-10-15 14:29:59,30.22021,823.5995,2013,10,288,14
2013-10-15 15:00:00,30.54018,739.389,2013,10,288,15
2013-10-15 15:30:00,30.66818,640.4702,2013,10,288,15
2013-10-15 15:59:59,30.80376,531.9437,2013,10,288,15
2013-10-15 16:30:00,30.98862,413.3464,2013,10,288,16
2013-10-15 17:00:00,31.07322,290.2402,2013,10,288,17
2013-10-15 17:29:59,30.94553,169.185,2013,10,288,17
2013-10-15 18:00:00,30.3694,58.70639,2013,10,288,18
2013-10-15 18:30:00,29.12331,-2.505807,2013,10,288,18
2013-10-15 18:59:59,27.94019,-7.527544,2013,10,288,18
2013-10-15 19:30:00,26.75254,-7.080004,2013,10,288,19
2013-10-15 20:00:00,25.72633,-7.136055,2013,10,288,20
2013-10-15 20:29:59,24.75332,-6.40983,2013,10,288,20
2013-10-15 21:00:00,23.77349,-6.468322,2013,10,288,21
2013-10-15 21:30:00,22.8636,-6.076643,2013,10,288,21
2013-10-15 21:59:59,22.35825,-5.758139,2013,10,288,21
2013-10-15 22:30:00,21.70539,-5.70575,2013,10,288,22
2013-10-15 23:00:00,21.44385,-5.38119,2013,10,288,23
2013-10-15 23:29:59,20.92276,-5.043075,2013,10,288,23
2013-10-16 00:00:00,20.45487,-4.964699,2013,10,289,0
2013-10-16 00:30:00,19.94091,-4.983706,2013,10,289,0
2013-10-16 00:59:59,19.35217,-5.093458,2013,10,289,0
2013-10-16 01:30:00,18.79671,-4.876067,2013,10,289,1
2013-10-16 02:00:00,18.22296,-4.811847,2013,10,289,2
2013-10-16 02:29:59,17.77696,-4.725879,2013,10,289,2
2013-10-16 03:00:00,17.10858,-4.75845,2013,10,289,3
2013-10-16 03:30:00,16.36272,-4.699248,2013,10,289,3
2013-10-16 03:59:59,15.73363,-4.667077,2013,10,289,3
2013-10-16 04:30:00,15.17529,-4.601735,2013,10,289,4
2013-10-16 05:00:00,14.63614,-4.386877,2013,10,289,5
2013-10-16 05:29:59,13.96107,0.3325297,2013,10,289,5
2013-10-16 06:00:00,13.66075,43.95945,2013,10,289,6
2013-10-16 06:30:00,13.85637,158.1982,2013,10,289,6
2013-10-16 06:59:59,14.59013,281.1769,2013,10,289,6
2013-10-16 07:30:00,15.59616,402.8777,2013,10,289,7
2013-10-16 08:00:00,16.37137,521.736,2013,10,289,8
2013-10-16 08:29:59,17.35472,638.4912,2013,10,289,8
2013-10-16 09:00:00,18.20002,751.1902,2013,10,289,9
2013-10-16 09:30:00,18.42819,829.3203,2013,10,289,9
2013-10-16 09:59:59,18.46605,703.3264,2013,10,289,9
2013-10-16 10:30:00,18.89365,878.605,2013,10,289,10
2013-10-16 11:00:00,19.73711,997.342,2013,10,289,11
2013-10-16 11:29:59,20.75822,1013.66,2013,10,289,11
2013-10-16 12:00:00,22.23686,1022.158,2013,10,289,12
2013-10-16 12:30:00,23.19427,1010.18,2013,10,289,12
2013-10-16 12:59:59,23.57933,976.4744,2013,10,289,12
2013-10-16 13:30:00,24.18639,865.2083,2013,10,289,13
2013-10-16 14:00:00,24.42332,894.8994,2013,10,289,14
2013-10-16 14:29:59,24.87977,788.5141,2013,10,289,14
2013-10-16 15:00:00,24.82379,684.4855,2013,10,289,15
2013-10-16 15:30:00,25.27746,647.8482,2013,10,289,15
2013-10-16 15:59:59,25.00518,496.9794,2013,10,289,15
2013-10-16 16:30:00,25.03902,329.8193,2013,10,289,16
2013-10-16 17:00:00,24.78812,180.9853,2013,10,289,17
2013-10-16 17:29:59,24.7297,161.8879,2013,10,289,17
2013-10-16 18:00:00,24.24402,56.69774,2013,10,289,18
2013-10-16 18:30:00,23.76701,-0.04492643,2013,10,289,18
2013-10-16 18:59:59,23.23187,-4.686151,2013,10,289,18
2013-10-16 19:30:00,22.68479,-4.69732,2013,10,289,19
2013-10-16 20:00:00,22.17312,-4.729235,2013,10,289,20
2013-10-16 20:29:59,21.60479,-4.737878,2013,10,289,20
2013-10-16 21:00:00,20.92268,-4.589505,2013,10,289,21
2013-10-16 21:30:00,20.39733,-4.412086,2013,10,289,21
2013-10-16 21:59:59,20.09641,-4.23945,2013,10,289,21
2013-10-16 22:30:00,19.7276,-4.406902,2013,10,289,22
2013-10-16 23:00:00,19.23335,-4.217773,2013,10,289,23
2013-10-16 23:29:59,18.63883,-4.070486,2013,10,289,23
2013-10-17 00:00:00,17.85529,-4.188232,2013,10,290,0
2013-10-17 00:30:00,16.91892,-4.114756,2013,10,290,0
2013-10-17 00:59:59,16.00102,-4.194655,2013,10,290,0
2013-10-17 01:30:00,15.312,-4.011271,2013,10,290,1
2013-10-17 02:00:00,14.73988,-3.956332,2013,10,290,2
2013-10-17 02:29:59,14.25128,-4.063008,2013,10,290,2
2013-10-17 03:00:00,13.74642,-4.116593,2013,10,290,3
2013-10-17 03:30:00,13.33385,-4.110469,2013,10,290,3
2013-10-17 03:59:59,12.95092,-4.140604,2013,10,290,3
2013-10-17 04:30:00,12.59234,-3.963098,2013,10,290,4
2013-10-17 05:00:00,12.19563,-3.825325,2013,10,290,5
2013-10-17 05:29:59,11.8637,1.06347,2013,10,290,5
2013-10-17 06:00:00,11.77428,41.80133,2013,10,290,6
2013-10-17 06:30:00,12.43132,151.9671,2013,10,290,6
2013-10-17 06:59:59,13.17251,271.0049,2013,10,290,6
2013-10-17 07:30:00,14.29121,394.1268,2013,10,290,7
2013-10-17 08:00:00,15.16672,513.1674,2013,10,290,8
2013-10-17 08:29:59,16.12822,623.444,2013,10,290,8
2013-10-17 09:00:00,17.51262,722.7776,2013,10,290,9
2013-10-17 09:30:00,18.6015,812.294,2013,10,290,9
2013-10-17 09:59:59,19.87022,882.8939,2013,10,290,9
2013-10-17 10:30:00,21.16096,938.1564,2013,10,290,10
2013-10-17 11:00:00,22.01892,979.962,2013,10,290,11
2013-10-17 11:29:59,23.00211,1001.86,2013,10,290,11
2013-10-17 12:00:00,23.73286,1008.679,2013,10,290,12
2013-10-17 12:30:00,25.31118,1002.172,2013,10,290,12
2013-10-17 12:59:59,25.65119,972.7333,2013,10,290,12
2013-10-17 13:30:00,26.41061,940.4412,2013,10,290,13
2013-10-17 14:00:00,27.20975,883.574,2013,10,290,14
2013-10-17 14:29:59,27.50444,810.7574,2013,10,290,14
2013-10-17 15:00:00,28.25746,725.9261,2013,10,290,15
2013-10-17 15:30:00,28.5662,628.7675,2013,10,290,15
2013-10-17 15:59:59,28.72461,521.7243,2013,10,290,15
2013-10-17 16:30:00,29.27753,403.1187,2013,10,290,16
2013-10-17 17:00:00,29.26778,284.527,2013,10,290,17
2013-10-17 17:29:59,29.39476,168.0324,2013,10,290,17
2013-10-17 18:00:00,29.10531,60.34362,2013,10,290,18
2013-10-17 18:30:00,28.52827,-0.321168,2013,10,290,18
2013-10-17 18:59:59,28.15961,-5.629318,2013,10,290,18
2013-10-17 19:30:00,27.93097,-5.086384,2013,10,290,19
2013-10-17 20:00:00,27.94196,-4.815335,2013,10,290,20
2013-10-17 20:29:59,26.57281,-4.898681,2013,10,290,20
2013-10-17 21:00:00,25.34105,-4.910824,2013,10,290,21
2013-10-17 21:30:00,24.66221,-5.211071,2013,10,290,21
2013-10-17 21:59:59,24.22264,-4.552374,2013,10,290,21
2013-10-17 22:30:00,23.53285,-4.789229,2013,10,290,22
2013-10-17 23:00:00,22.50966,-4.848614,2013,10,290,23
2013-10-17 23:29:59,22.13815,-4.47984,2013,10,290,23
2013-10-18 00:00:00,21.83441,-4.367232,2013,10,291,0
2013-10-18 00:30:00,21.47315,-4.250988,2013,10,291,0
2013-10-18 00:59:59,20.85659,-4.463156,2013,10,291,0
2013-10-18 01:30:00,20.26553,-4.277931,2013,10,291,1
2013-10-18 02:00:00,19.74556,-3.888254,2013,10,291,2
2013-10-18 02:29:59,19.50028,-3.769239,2013,10,291,2
2013-10-18 03:00:00,19.6412,-3.787647,2013,10,291,3
2013-10-18 03:30:00,18.97172,-4.31798,2013,10,291,3
2013-10-18 03:59:59,18.83841,-3.840588,2013,10,291,3
2013-10-18 04:30:00,18.17774,-3.884122,2013,10,291,4
2013-10-18 05:00:00,17.90828,-3.454786,2013,10,291,5
2013-10-18 05:29:59,17.85,2.527556,2013,10,291,5
2013-10-18 06:00:00,18.18377,43.54961,2013,10,291,6
2013-10-18 06:30:00,18.4404,164.8241,2013,10,291,6
2013-10-18 06:59:59,19.59359,285.591,2013,10,291,6
2013-10-18 07:30:00,21.78484,408.3656,2013,10,291,7
2013-10-18 08:00:00,23.02355,525.7781,2013,10,291,8
2013-10-18 08:29:59,24.64256,635.0003,2013,10,291,8
2013-10-18 09:00:00,25.47428,730.1917,2013,10,291,9
2013-10-18 09:30:00,26.61775,818.6776,2013,10,291,9
2013-10-18 09:59:59,27.69304,895.1077,2013,10,291,9
2013-10-18 10:30:00,28.63297,953.5127,2013,10,291,10
2013-10-18 11:00:00,29.34725,995.9966,2013,10,291,11
2013-10-18 11:29:59,29.78416,1025.322,2013,10,291,11
2013-10-18 12:00:00,30.2797,1036.718,2013,10,291,12
2013-10-18 12:30:00,30.74391,1029.296,2013,10,291,12
2013-10-18 12:59:59,31.36486,999.9161,2013,10,291,12
2013-10-18 13:30:00,32.05173,965.1396,2013,10,291,13
2013-10-18 14:00:00,32.30025,904.1845,2013,10,291,14
2013-10-18 14:29:59,32.86412,829.3214,2013,10,291,14
2013-10-18 15:00:00,33.18101,748.9009,2013,10,291,15
2013-10-18 15:30:00,33.29071,653.4175,2013,10,291,15
2013-10-18 15:59:59,33.28733,538.7475,2013,10,291,15
2013-10-18 16:30:00,33.45384,420.4969,2013,10,291,16
2013-10-18 17:00:00,33.20998,299.6819,2013,10,291,17
2013-10-18 17:29:59,33.05256,174.836,2013,10,291,17
2013-10-18 18:00:00,32.65016,63.12695,2013,10,291,18
2013-10-18 18:30:00,31.94031,-1.066024,2013,10,291,18
2013-10-18 18:59:59,31.53124,-6.894022,2013,10,291,18
2013-10-18 19:30:00,30.71809,-6.607452,2013,10,291,19
2013-10-18 20:00:00,28.69719,-6.477714,2013,10,291,20
2013-10-18 20:29:59,27.94368,-5.55454,2013,10,291,20
2013-10-18 21:00:00,27.3006,-5.748947,2013,10,291,21
2013-10-18 21:30:00,26.48966,-5.92002,2013,10,291,21
2013-10-18 21:59:59,25.69836,-5.830767,2013,10,291,21
2013-10-18 22:30:00,24.91629,-5.589242,2013,10,291,22
2013-10-18 23:00:00,24.33727,-5.442173,2013,10,291,23
2013-10-18 23:29:59,23.91274,-5.60487,2013,10,291,23
2013-10-19 00:00:00,23.48962,-5.573345,2013,10,292,0
2013-10-19 00:30:00,22.76167,-5.580212,2013,10,292,0
2013-10-19 00:59:59,22.00903,-5.286706,2013,10,292,0
2013-10-19 01:30:00,21.36197,-4.891307,2013,10,292,1
2013-10-19 02:00:00,20.97357,-5.042962,2013,10,292,2
2013-10-19 02:29:59,20.22159,-4.908472,2013,10,292,2
2013-10-19 03:00:00,19.58043,-4.848551,2013,10,292,3
2013-10-19 03:30:00,18.88604,-4.878536,2013,10,292,3
2013-10-19 03:59:59,18.15263,-4.656451,2013,10,292,3
2013-10-19 04:30:00,17.30902,-4.573752,2013,10,292,4
2013-10-19 05:00:00,16.73436,-4.583162,2013,10,292,5
2013-10-19 05:29:59,16.32602,1.229524,2013,10,292,5
2013-10-19 06:00:00,16.16996,40.06197,2013,10,292,6
2013-10-19 06:30:00,16.85369,160.3697,2013,10,292,6
2013-10-19 06:59:59,16.80931,281.3414,2013,10,292,6
2013-10-19 07:30:00,17.02675,403.3323,2013,10,292,7
2013-10-19 08:00:00,17.49723,519.5716,2013,10,292,8
2013-10-19 08:29:59,18.34895,625.1268,2013,10,292,8
2013-10-19 09:00:00,19.56991,721.5095,2013,10,292,9
2013-10-19 09:30:00,20.26536,807.7719,2013,10,292,9
2013-10-19 09:59:59,21.60248,879.3921,2013,10,292,9
2013-10-19 10:30:00,22.71408,935.9342,2013,10,292,10
2013-10-19 11:00:00,23.57097,974.841,2013,10,292,11
2013-10-19 11:29:59,24.23185,1005.555,2013,10,292,11
2013-10-19 12:00:00,24.80503,964.3544,2013,10,292,12
2013-10-19 12:30:00,26.23958,917.0528,2013,10,292,12
2013-10-19 12:59:59,26.62856,660.2848,2013,10,292,12
2013-10-19 13:30:00,26.67643,869.9961,2013,10,292,13
2013-10-19 14:00:00,27.07867,586.0399,2013,10,292,14
2013-10-19 14:29:59,27.87732,752.2321,2013,10,292,14
2013-10-19 15:00:00,28.27148,456.6134,2013,10,292,15
2013-10-19 15:30:00,28.32357,441.2899,2013,10,292,15
2013-10-19 15:59:59,27.65047,227.7948,2013,10,292,15
2013-10-19 16:30:00,26.84549,167.8215,2013,10,292,16
2013-10-19 17:00:00,25.85622,40.56968,2013,10,292,17
2013-10-19 17:29:59,25.41182,14.20419,2013,10,292,17
2013-10-19 18:00:00,24.21113,-4.598922,2013,10,292,18
2013-10-19 18:30:00,23.24301,-2.006464,2013,10,292,18
2013-10-19 18:59:59,23.07393,-2.418502,2013,10,292,18
2013-10-19 19:30:00,22.8504,-3.574463,2013,10,292,19
2013-10-19 20:00:00,22.43248,-2.11187,2013,10,292,20
2013-10-19 20:29:59,21.59304,NA,2013,10,292,20
2013-10-19 21:00:00,19.00952,-4.941191,2013,10,292,21
2013-10-19 21:30:00,18.5071,-5.479609,2013,10,292,21
2013-10-19 21:59:59,18.14721,-4.073293,2013,10,292,21
2013-10-19 22:30:00,17.74105,-2.967797,2013,10,292,22
2013-10-19 23:00:00,17.66247,-3.18193,2013,10,292,23
2013-10-19 23:29:59,17.61989,-3.456375,2013,10,292,23
2013-10-20 00:00:00,17.42747,-3.807674,2013,10,293,0
2013-10-20 00:30:00,17.04757,-4.17928,2013,10,293,0
2013-10-20 00:59:59,17.14887,-2.816548,2013,10,293,0
2013-10-20 01:30:00,17.59561,-1.573534,2013,10,293,1
2013-10-20 02:00:00,17.43002,-1.746394,2013,10,293,2
2013-10-20 02:29:59,17.14172,-1.982014,2013,10,293,2
2013-10-20 03:00:00,16.96138,-1.964447,2013,10,293,3
2013-10-20 03:30:00,16.70603,-1.87614,2013,10,293,3
2013-10-20 03:59:59,16.5703,-1.549281,2013,10,293,3
2013-10-20 04:30:00,16.20805,-1.247464,2013,10,293,4
2013-10-20 05:00:00,13.28107,-1.275942,2013,10,293,5
2013-10-20 05:29:59,12.43678,-0.178138,2013,10,293,5
2013-10-20 06:00:00,12.06271,13.3303,2013,10,293,6
2013-10-20 06:30:00,12.14995,29.82958,2013,10,293,6
2013-10-20 06:59:59,12.31112,73.47194,2013,10,293,6
2013-10-20 07:30:00,12.15224,106.5035,2013,10,293,7
2013-10-20 08:00:00,12.3688,148.2549,2013,10,293,8
2013-10-20 08:29:59,11.99317,205.5261,2013,10,293,8
2013-10-20 09:00:00,12.25746,246.358,2013,10,293,9
2013-10-20 09:30:00,12.58168,257.7185,2013,10,293,9
2013-10-20 09:59:59,12.57316,238.0294,2013,10,293,9
2013-10-20 10:30:00,12.55414,476.798,2013,10,293,10
2013-10-20 11:00:00,13.33406,590.264,2013,10,293,11
2013-10-20 11:29:59,13.3525,655.8596,2013,10,293,11
2013-10-20 12:00:00,13.0134,545.6181,2013,10,293,12
2013-10-20 12:30:00,13.00497,323.4169,2013,10,293,12
2013-10-20 12:59:59,13.28149,584.0495,2013,10,293,12
2013-10-20 13:30:00,14.2659,556.5578,2013,10,293,13
2013-10-20 14:00:00,14.92696,315.0003,2013,10,293,14
2013-10-20 14:29:59,16.06267,678.8316,2013,10,293,14
2013-10-20 15:00:00,16.6956,729.2746,2013,10,293,15
2013-10-20 15:30:00,16.65493,295.4471,2013,10,293,15
2013-10-20 15:59:59,15.53024,420.5766,2013,10,293,15
2013-10-20 16:30:00,15.84177,275.6756,2013,10,293,16
2013-10-20 17:00:00,14.2639,50.47355,2013,10,293,17
2013-10-20 17:29:59,11.83923,99.14113,2013,10,293,17
2013-10-20 18:00:00,12.18052,36.95642,2013,10,293,18
2013-10-20 18:30:00,12.41065,3.987516,2013,10,293,18
2013-10-20 18:59:59,11.92105,-3.199796,2013,10,293,18
2013-10-20 19:30:00,11.30726,-3.546445,2013,10,293,19
2013-10-20 20:00:00,11.0233,-3.776701,2013,10,293,20
2013-10-20 20:29:59,10.78617,-3.746167,2013,10,293,20
2013-10-20 21:00:00,10.44282,-3.43056,2013,10,293,21
2013-10-20 21:30:00,10.43244,-0.9547754,2013,10,293,21
2013-10-20 21:59:59,10.45,-1.21377,2013,10,293,21
2013-10-20 22:30:00,10.1678,-3.594718,2013,10,293,22
2013-10-20 23:00:00,9.749907,-2.55159,2013,10,293,23
2013-10-20 23:29:59,9.663221,-1.784539,2013,10,293,23
2013-10-21 00:00:00,9.51821,-3.891029,2013,10,294,0
2013-10-21 00:30:00,9.223911,-3.765878,2013,10,294,0
2013-10-21 00:59:59,8.970023,-3.654377,2013,10,294,0
2013-10-21 01:30:00,8.822315,-3.796717,2013,10,294,1
2013-10-21 02:00:00,8.428363,-3.892903,2013,10,294,2
2013-10-21 02:29:59,8.205772,-3.707315,2013,10,294,2
2013-10-21 03:00:00,8.05129,-3.001842,2013,10,294,3
2013-10-21 03:30:00,8.057438,-0.2303872,2013,10,294,3
2013-10-21 03:59:59,8.498742,-0.2108909,2013,10,294,3
2013-10-21 04:30:00,8.845172,-0.4161616,2013,10,294,4
2013-10-21 05:00:00,8.714888,-0.4784878,2013,10,294,5
2013-10-21 05:29:59,8.599477,2.807228,2013,10,294,5
2013-10-21 06:00:00,8.859755,16.25088,2013,10,294,6
2013-10-21 06:30:00,8.851142,34.29115,2013,10,294,6
2013-10-21 06:59:59,8.833022,124.9981,2013,10,294,6
2013-10-21 07:30:00,9.555416,222.3295,2013,10,294,7
2013-10-21 08:00:00,9.864829,188.2978,2013,10,294,8
2013-10-21 08:29:59,10.81201,470.9842,2013,10,294,8
2013-10-21 09:00:00,11.38241,602.0714,2013,10,294,9
2013-10-21 09:30:00,12.20278,755.2639,2013,10,294,9
2013-10-21 09:59:59,12.54008,853.8123,2013,10,294,9
2013-10-21 10:30:00,13.1667,630.8789,2013,10,294,10
2013-10-21 11:00:00,14.12848,1104.95,2013,10,294,11
2013-10-21 11:29:59,14.67937,1063.21,2013,10,294,11
2013-10-21 12:00:00,15.38634,1068.776,2013,10,294,12
2013-10-21 12:30:00,15.95241,1056.426,2013,10,294,12
2013-10-21 12:59:59,16.7455,1029.654,2013,10,294,12
2013-10-21 13:30:00,17.28996,987.7539,2013,10,294,13
2013-10-21 14:00:00,17.76541,930.8922,2013,10,294,14
2013-10-21 14:29:59,18.05116,858.7432,2013,10,294,14
2013-10-21 15:00:00,18.37206,773.8117,2013,10,294,15
2013-10-21 15:30:00,18.76905,670.3654,2013,10,294,15
2013-10-21 15:59:59,19.08684,559.3759,2013,10,294,15
2013-10-21 16:30:00,19.27364,440.1895,2013,10,294,16
2013-10-21 17:00:00,19.08556,315.3492,2013,10,294,17
2013-10-21 17:29:59,18.75057,192.2564,2013,10,294,17
2013-10-21 18:00:00,18.38879,79.08619,2013,10,294,18
2013-10-21 18:30:00,17.63035,4.054395,2013,10,294,18
2013-10-21 18:59:59,17.07084,-5.428635,2013,10,294,18
2013-10-21 19:30:00,16.52832,-5.344868,2013,10,294,19
2013-10-21 20:00:00,15.94678,-5.456532,2013,10,294,20
2013-10-21 20:29:59,15.37436,-5.380293,2013,10,294,20
2013-10-21 21:00:00,14.63627,-5.349116,2013,10,294,21
2013-10-21 21:30:00,14.21697,-5.31296,2013,10,294,21
2013-10-21 21:59:59,13.61885,-5.448514,2013,10,294,21
2013-10-21 22:30:00,13.04371,-5.090484,2013,10,294,22
2013-10-21 23:00:00,12.49163,-4.830245,2013,10,294,23
2013-10-21 23:29:59,12.14481,-4.81598,2013,10,294,23
2013-10-22 00:00:00,11.71929,-4.765415,2013,10,295,0
2013-10-22 00:30:00,11.36587,-4.605865,2013,10,295,0
2013-10-22 00:59:59,10.99902,-4.743293,2013,10,295,0
2013-10-22 01:30:00,10.52743,-4.43891,2013,10,295,1
2013-10-22 02:00:00,10.1717,-4.409755,2013,10,295,2
2013-10-22 02:29:59,9.793593,-4.336151,2013,10,295,2
2013-10-22 03:00:00,9.390174,-4.442038,2013,10,295,3
2013-10-22 03:30:00,8.969576,-4.530485,2013,10,295,3
2013-10-22 03:59:59,8.505331,-4.696329,2013,10,295,3
2013-10-22 04:30:00,8.048518,-4.498995,2013,10,295,4
2013-10-22 05:00:00,7.932228,-4.361438,2013,10,295,5
2013-10-22 05:29:59,7.658958,7.041222,2013,10,295,5
2013-10-22 06:00:00,7.88924,41.09944,2013,10,295,6
2013-10-22 06:30:00,8.682101,185.2975,2013,10,295,6
2013-10-22 06:59:59,9.476526,313.254,2013,10,295,6
2013-10-22 07:30:00,10.52365,440.386,2013,10,295,7
2013-10-22 08:00:00,11.01439,561.6665,2013,10,295,8
2013-10-22 08:29:59,11.64091,674.2593,2013,10,295,8
2013-10-22 09:00:00,12.39232,775.3488,2013,10,295,9
2013-10-22 09:30:00,13.42815,864.1311,2013,10,295,9
2013-10-22 09:59:59,14.22763,935.585,2013,10,295,9
2013-10-22 10:30:00,15.07625,992.6429,2013,10,295,10
2013-10-22 11:00:00,15.71928,1035.468,2013,10,295,11
2013-10-22 11:29:59,16.44652,1060.658,2013,10,295,11
2013-10-22 12:00:00,17.16609,1067.358,2013,10,295,12
2013-10-22 12:30:00,17.86402,1060.538,2013,10,295,12
2013-10-22 12:59:59,18.75352,1034.261,2013,10,295,12
2013-10-22 13:30:00,19.45465,993.33,2013,10,295,13
2013-10-22 14:00:00,19.81937,935.2556,2013,10,295,14
2013-10-22 14:29:59,20.30414,865.1144,2013,10,295,14
2013-10-22 15:00:00,20.81502,777.053,2013,10,295,15
2013-10-22 15:30:00,21.12449,678.776,2013,10,295,15
2013-10-22 15:59:59,21.2837,567.4367,2013,10,295,15
2013-10-22 16:30:00,21.41079,443.9271,2013,10,295,16
2013-10-22 17:00:00,21.49627,316.526,2013,10,295,17
2013-10-22 17:29:59,21.25498,190.5556,2013,10,295,17
2013-10-22 18:00:00,20.91939,76.39752,2013,10,295,18
2013-10-22 18:30:00,20.33308,3.443208,2013,10,295,18
2013-10-22 18:59:59,19.60316,-6.31052,2013,10,295,18
2013-10-22 19:30:00,18.6669,-6.282751,2013,10,295,19
2013-10-22 20:00:00,18.14831,-6.05642,2013,10,295,20
2013-10-22 20:29:59,17.52333,-5.907712,2013,10,295,20
2013-10-22 21:00:00,16.9473,-5.754536,2013,10,295,21
2013-10-22 21:30:00,16.40366,-5.497124,2013,10,295,21
2013-10-22 21:59:59,16.00484,-5.275846,2013,10,295,21
2013-10-22 22:30:00,15.59792,-5.36209,2013,10,295,22
2013-10-22 23:00:00,14.8035,-5.284402,2013,10,295,23
2013-10-22 23:29:59,14.16191,-4.967939,2013,10,295,23
2013-10-23 00:00:00,13.78159,-4.778087,2013,10,296,0
2013-10-23 00:30:00,13.27142,-4.61257,2013,10,296,0
2013-10-23 00:59:59,12.90475,-4.374643,2013,10,296,0
2013-10-23 01:30:00,12.48554,-4.299019,2013,10,296,1
2013-10-23 02:00:00,12.69644,-4.569809,2013,10,296,2
2013-10-23 02:29:59,12.06683,-4.52432,2013,10,296,2
2013-10-23 03:00:00,11.70713,-4.329761,2013,10,296,3
2013-10-23 03:30:00,11.27841,-4.332881,2013,10,296,3
2013-10-23 03:59:59,10.97896,-4.201553,2013,10,296,3
2013-10-23 04:30:00,10.67059,-4.122479,2013,10,296,4
2013-10-23 05:00:00,10.38227,-4.169486,2013,10,296,5
2013-10-23 05:29:59,9.922417,7.653906,2013,10,296,5
2013-10-23 06:00:00,9.985776,43.05825,2013,10,296,6
2013-10-23 06:30:00,10.77721,184.7918,2013,10,296,6
2013-10-23 06:59:59,11.81822,315.1572,2013,10,296,6
2013-10-23 07:30:00,12.93734,440.7706,2013,10,296,7
2013-10-23 08:00:00,13.68283,561.6979,2013,10,296,8
2013-10-23 08:29:59,14.43828,674.7679,2013,10,296,8
2013-10-23 09:00:00,15.56331,775.5782,2013,10,296,9
2013-10-23 09:30:00,16.5639,863.7519,2013,10,296,9
2013-10-23 09:59:59,17.1736,938.5806,2013,10,296,9
2013-10-23 10:30:00,17.94528,996.4185,2013,10,296,10
2013-10-23 11:00:00,18.41287,1035.337,2013,10,296,11
2013-10-23 11:29:59,19.25123,1055.895,2013,10,296,11
2013-10-23 12:00:00,19.73394,1061.129,2013,10,296,12
2013-10-23 12:30:00,20.3028,1051.201,2013,10,296,12
2013-10-23 12:59:59,20.95132,1023.894,2013,10,296,12
2013-10-23 13:30:00,21.28584,981.6426,2013,10,296,13
2013-10-23 14:00:00,21.91353,925.5634,2013,10,296,14
2013-10-23 14:29:59,22.48963,848.1419,2013,10,296,14
2013-10-23 15:00:00,22.77944,747.4211,2013,10,296,15
2013-10-23 15:30:00,23.03646,651.6808,2013,10,296,15
2013-10-23 15:59:59,23.20902,551.0915,2013,10,296,15
2013-10-23 16:30:00,23.38978,431.0346,2013,10,296,16
2013-10-23 17:00:00,23.3829,310.5072,2013,10,296,17
2013-10-23 17:29:59,23.13377,188.0573,2013,10,296,17
2013-10-23 18:00:00,22.86115,76.45502,2013,10,296,18
2013-10-23 18:30:00,22.20908,0.8453149,2013,10,296,18
2013-10-23 18:59:59,21.80999,-5.017051,2013,10,296,18
2013-10-23 19:30:00,21.31332,-4.589868,2013,10,296,19
2013-10-23 20:00:00,20.80536,-4.943759,2013,10,296,20
2013-10-23 20:29:59,20.26367,-3.973616,2013,10,296,20
2013-10-23 21:00:00,19.99316,-3.212736,2013,10,296,21
2013-10-23 21:30:00,19.8935,-2.29697,2013,10,296,21
2013-10-23 21:59:59,19.71122,-4.636252,2013,10,296,21
2013-10-23 22:30:00,18.75247,-3.206644,2013,10,296,22
2013-10-23 23:00:00,17.60858,NA,2013,10,296,23
2013-10-23 23:29:59,17.38107,-5.305199,2013,10,296,23
2013-10-24 00:00:00,17.49388,-3.233264,2013,10,297,0
2013-10-24 00:30:00,16.79088,-2.016503,2013,10,297,0
2013-10-24 00:59:59,16.39905,-2.16806,2013,10,297,0
2013-10-24 01:30:00,15.85285,-2.588408,2013,10,297,1
2013-10-24 02:00:00,14.99171,-4.657987,2013,10,297,2
2013-10-24 02:29:59,14.50379,-2.391027,2013,10,297,2
2013-10-24 03:00:00,14.21789,-3.074283,2013,10,297,3
2013-10-24 03:30:00,13.93801,-2.403171,2013,10,297,3
2013-10-24 03:59:59,13.88004,-2.507365,2013,10,297,3
2013-10-24 04:30:00,13.6833,-2.993351,2013,10,297,4
2013-10-24 05:00:00,13.442,-2.68329,2013,10,297,5
2013-10-24 05:29:59,13.23649,6.713279,2013,10,297,5
2013-10-24 06:00:00,13.36139,30.7486,2013,10,297,6
2013-10-24 06:30:00,13.39265,87.66343,2013,10,297,6
2013-10-24 06:59:59,13.35343,330.7084,2013,10,297,6
2013-10-24 07:30:00,13.7457,447.0474,2013,10,297,7
2013-10-24 08:00:00,14.22933,462.3714,2013,10,297,8
2013-10-24 08:29:59,15.11981,714.4338,2013,10,297,8
2013-10-24 09:00:00,15.74191,799.9106,2013,10,297,9
2013-10-24 09:30:00,15.86511,707.857,2013,10,297,9
2013-10-24 09:59:59,17.01955,933.7591,2013,10,297,9
2013-10-24 10:30:00,17.7349,793.9908,2013,10,297,10
2013-10-24 11:00:00,17.66008,273.4178,2013,10,297,11
2013-10-24 11:29:59,17.51774,455.0328,2013,10,297,11
2013-10-24 12:00:00,19.21404,997.3227,2013,10,297,12
2013-10-24 12:30:00,19.61075,327.112,2013,10,297,12
2013-10-24 12:59:59,20.15387,789.7186,2013,10,297,12
2013-10-24 13:30:00,20.66116,936.8354,2013,10,297,13
2013-10-24 14:00:00,21.38144,894.5577,2013,10,297,14
2013-10-24 14:29:59,21.668,837.2651,2013,10,297,14
2013-10-24 15:00:00,21.85826,750.9778,2013,10,297,15
2013-10-24 15:30:00,22.45527,650.3514,2013,10,297,15
2013-10-24 15:59:59,22.93544,542.5743,2013,10,297,15
2013-10-24 16:30:00,23.2651,426.2562,2013,10,297,16
2013-10-24 17:00:00,23.22604,304.7063,2013,10,297,17
2013-10-24 17:29:59,22.95364,184.7467,2013,10,297,17
2013-10-24 18:00:00,22.45311,56.5114,2013,10,297,18
2013-10-24 18:30:00,21.76696,4.234557,2013,10,297,18
2013-10-24 18:59:59,21.31703,-4.224485,2013,10,297,18
2013-10-24 19:30:00,20.97213,-4.322161,2013,10,297,19
2013-10-24 20:00:00,20.63701,-4.405052,2013,10,297,20
2013-10-24 20:29:59,20.29399,-4.300854,2013,10,297,20
2013-10-24 21:00:00,19.90162,-4.418711,2013,10,297,21
2013-10-24 21:30:00,19.47932,-4.081826,2013,10,297,21
2013-10-24 21:59:59,19.14732,-4.264052,2013,10,297,21
2013-10-24 22:30:00,18.90896,-4.111426,2013,10,297,22
2013-10-24 23:00:00,18.77588,-4.154561,2013,10,297,23
2013-10-24 23:29:59,18.55722,-4.227192,2013,10,297,23
2013-10-25 00:00:00,18.34135,-4.297832,2013,10,298,0
2013-10-25 00:30:00,18.00076,-4.260769,2013,10,298,0
2013-10-25 00:59:59,17.84787,-4.136813,2013,10,298,0
2013-10-25 01:30:00,17.56823,-4.058404,2013,10,298,1
2013-10-25 02:00:00,17.43107,-3.741275,2013,10,298,2
2013-10-25 02:29:59,17.12876,-3.897681,2013,10,298,2
2013-10-25 03:00:00,16.86859,-3.609611,2013,10,298,3
2013-10-25 03:30:00,16.61464,-2.3315,2013,10,298,3
2013-10-25 03:59:59,16.51365,-3.236413,2013,10,298,3
2013-10-25 04:30:00,16.15531,-3.481981,2013,10,298,4
2013-10-25 05:00:00,15.85323,-2.937117,2013,10,298,5
2013-10-25 05:29:59,15.81943,8.317591,2013,10,298,5
2013-10-25 06:00:00,15.63211,45.31318,2013,10,298,6
2013-10-25 06:30:00,16.10339,165.2554,2013,10,298,6
2013-10-25 06:59:59,18.71858,303.3084,2013,10,298,6
2013-10-25 07:30:00,20.90609,425.9221,2013,10,298,7
2013-10-25 08:00:00,22.54163,544.543,2013,10,298,8
2013-10-25 08:29:59,24.33853,650.981,2013,10,298,8
2013-10-25 09:00:00,25.66459,753.187,2013,10,298,9
2013-10-25 09:30:00,27.37128,838.7664,2013,10,298,9
2013-10-25 09:59:59,28.43747,914.6608,2013,10,298,9
2013-10-25 10:30:00,29.80726,969.1556,2013,10,298,10
2013-10-25 11:00:00,30.81223,1014.252,2013,10,298,11
2013-10-25 11:29:59,31.75943,1019.571,2013,10,298,11
2013-10-25 12:00:00,32.24932,960.5998,2013,10,298,12
2013-10-25 12:30:00,32.85582,942.8295,2013,10,298,12
2013-10-25 12:59:59,33.50484,956.4127,2013,10,298,12
2013-10-25 13:30:00,33.9108,935.2626,2013,10,298,13
2013-10-25 14:00:00,34.16962,719.4774,2013,10,298,14
2013-10-25 14:29:59,33.99755,639.2833,2013,10,298,14
2013-10-25 15:00:00,33.84098,584.5268,2013,10,298,15
2013-10-25 15:30:00,33.87951,531.6728,2013,10,298,15
2013-10-25 15:59:59,33.94754,366.8037,2013,10,298,15
2013-10-25 16:30:00,33.84476,267.7478,2013,10,298,16
2013-10-25 17:00:00,33.70879,213.4372,2013,10,298,17
2013-10-25 17:29:59,33.36202,100.617,2013,10,298,17
2013-10-25 18:00:00,32.84962,37.21525,2013,10,298,18
2013-10-25 18:30:00,31.96584,-0.07534154,2013,10,298,18
2013-10-25 18:59:59,30.97618,-6.530235,2013,10,298,18
2013-10-25 19:30:00,29.86577,-6.561272,2013,10,298,19
2013-10-25 20:00:00,28.97845,-6.017129,2013,10,298,20
2013-10-25 20:29:59,28.23915,-6.13657,2013,10,298,20
2013-10-25 21:00:00,27.30673,-5.784349,2013,10,298,21
2013-10-25 21:30:00,26.27338,-5.918042,2013,10,298,21
2013-10-25 21:59:59,25.4889,-5.483824,2013,10,298,21
2013-10-25 22:30:00,24.90881,-5.553047,2013,10,298,22
2013-10-25 23:00:00,24.07919,-5.378233,2013,10,298,23
2013-10-25 23:29:59,23.06133,-5.377057,2013,10,298,23
2013-10-26 00:00:00,22.28082,-5.325167,2013,10,299,0
2013-10-26 00:30:00,21.38532,-5.024206,2013,10,299,0
2013-10-26 00:59:59,21.05445,-4.594543,2013,10,299,0
2013-10-26 01:30:00,20.73195,-4.591334,2013,10,299,1
2013-10-26 02:00:00,20.26334,-4.669922,2013,10,299,2
2013-10-26 02:29:59,20.10115,-4.179095,2013,10,299,2
2013-10-26 03:00:00,19.63197,-4.435975,2013,10,299,3
2013-10-26 03:30:00,19.31093,-4.157953,2013,10,299,3
2013-10-26 03:59:59,19.00989,-4.277476,2013,10,299,3
2013-10-26 04:30:00,18.6113,-4.095419,2013,10,299,4
2013-10-26 05:00:00,18.36703,-3.592066,2013,10,299,5
2013-10-26 05:29:59,18.10302,9.181202,2013,10,299,5
2013-10-26 06:00:00,17.86084,63.43603,2013,10,299,6
2013-10-26 06:30:00,18.77365,163.3304,2013,10,299,6
2013-10-26 06:59:59,20.4812,312.5143,2013,10,299,6
2013-10-26 07:30:00,21.61825,424.9287,2013,10,299,7
2013-10-26 08:00:00,22.99788,544.0805,2013,10,299,8
2013-10-26 08:29:59,24.5838,652.3501,2013,10,299,8
2013-10-26 09:00:00,25.25241,741.7479,2013,10,299,9
2013-10-26 09:30:00,25.81753,840.9918,2013,10,299,9
2013-10-26 09:59:59,26.38,917.9889,2013,10,299,9
2013-10-26 10:30:00,27.50045,969.6421,2013,10,299,10
2013-10-26 11:00:00,28.00331,1009.034,2013,10,299,11
2013-10-26 11:29:59,28.60272,1033.37,2013,10,299,11
2013-10-26 12:00:00,28.80857,1046.123,2013,10,299,12
2013-10-26 12:30:00,29.76433,1040.329,2013,10,299,12
2013-10-26 12:59:59,30.00461,965.7248,2013,10,299,12
2013-10-26 13:30:00,30.43709,953.1027,2013,10,299,13
2013-10-26 14:00:00,31.00997,932.6288,2013,10,299,14
2013-10-26 14:29:59,31.26922,818.0248,2013,10,299,14
2013-10-26 15:00:00,31.31256,545.8741,2013,10,299,15
2013-10-26 15:30:00,31.41817,636.9788,2013,10,299,15
2013-10-26 15:59:59,31.51021,504.5029,2013,10,299,15
2013-10-26 16:30:00,31.50906,406.3353,2013,10,299,16
2013-10-26 17:00:00,31.16673,241.3776,2013,10,299,17
2013-10-26 17:29:59,30.99493,187.2165,2013,10,299,17
2013-10-26 18:00:00,30.43449,76.966,2013,10,299,18
2013-10-26 18:30:00,29.50451,5.199368,2013,10,299,18
2013-10-26 18:59:59,28.68052,-5.705516,2013,10,299,18
2013-10-26 19:30:00,27.8185,-5.609281,2013,10,299,19
2013-10-26 20:00:00,27.06682,-5.69628,2013,10,299,20
2013-10-26 20:29:59,26.16556,-5.469459,2013,10,299,20
2013-10-26 21:00:00,25.34177,-5.349106,2013,10,299,21
2013-10-26 21:30:00,24.57861,-5.07514,2013,10,299,21
2013-10-26 21:59:59,23.8135,-4.760005,2013,10,299,21
2013-10-26 22:30:00,22.87801,-4.717265,2013,10,299,22
2013-10-26 23:00:00,22.02895,-4.556224,2013,10,299,23
2013-10-26 23:29:59,21.08245,-4.420199,2013,10,299,23
2013-10-27 00:00:00,20.2732,-4.380075,2013,10,300,0
2013-10-27 00:30:00,19.62761,-4.498738,2013,10,300,0
2013-10-27 00:59:59,18.92432,-4.53327,2013,10,300,0
2013-10-27 01:30:00,18.26471,-4.334086,2013,10,300,1
2013-10-27 02:00:00,17.57674,-4.351222,2013,10,300,2
2013-10-27 02:29:59,16.92377,-4.160436,2013,10,300,2
2013-10-27 03:00:00,16.3995,-4.118514,2013,10,300,3
2013-10-27 03:30:00,15.88282,-4.223199,2013,10,300,3
2013-10-27 03:59:59,15.37734,-4.14045,2013,10,300,3
2013-10-27 04:30:00,14.89448,-4.276883,2013,10,300,4
2013-10-27 05:00:00,14.42529,-3.936407,2013,10,300,5
2013-10-27 05:29:59,14.0184,8.376341,2013,10,300,5
2013-10-27 06:00:00,14.08913,62.9089,2013,10,300,6
2013-10-27 06:30:00,14.59963,151.1173,2013,10,300,6
2013-10-27 06:59:59,14.94178,304.0463,2013,10,300,6
2013-10-27 07:30:00,15.75504,431.7397,2013,10,300,7
2013-10-27 08:00:00,16.41503,553.0195,2013,10,300,8
2013-10-27 08:29:59,17.47912,664.7159,2013,10,300,8
2013-10-27 09:00:00,18.37532,763.2339,2013,10,300,9
2013-10-27 09:30:00,19.51193,849.5182,2013,10,300,9
2013-10-27 09:59:59,21.11183,921.1323,2013,10,300,9
2013-10-27 10:30:00,22.31616,977.8153,2013,10,300,10
2013-10-27 11:00:00,23.63629,1016.236,2013,10,300,11
2013-10-27 11:29:59,24.90684,1042.878,2013,10,300,11
2013-10-27 12:00:00,25.95053,1047.595,2013,10,300,12
2013-10-27 12:30:00,27.09809,1041.758,2013,10,300,12
2013-10-27 12:59:59,27.49189,1012.91,2013,10,300,12
2013-10-27 13:30:00,28.24076,970.474,2013,10,300,13
2013-10-27 14:00:00,28.77118,911.2496,2013,10,300,14
2013-10-27 14:29:59,29.49105,839.3386,2013,10,300,14
2013-10-27 15:00:00,29.44657,753.52,2013,10,300,15
2013-10-27 15:30:00,29.82808,652.9564,2013,10,300,15
2013-10-27 15:59:59,30.2238,542.0558,2013,10,300,15
2013-10-27 16:30:00,30.24382,422.0674,2013,10,300,16
2013-10-27 17:00:00,30.20206,307.2126,2013,10,300,17
2013-10-27 17:29:59,30.2305,186.2012,2013,10,300,17
2013-10-27 18:00:00,29.90597,76.68006,2013,10,300,18
2013-10-27 18:30:00,29.23569,5.572317,2013,10,300,18
2013-10-27 18:59:59,28.36095,-6.524255,2013,10,300,18
2013-10-27 19:30:00,27.49276,-6.265873,2013,10,300,19
2013-10-27 20:00:00,26.48518,-5.988414,2013,10,300,20
2013-10-27 20:29:59,25.66241,-5.777144,2013,10,300,20
2013-10-27 21:00:00,25.41821,-5.216453,2013,10,300,21
2013-10-27 21:30:00,25.13033,-5.767851,2013,10,300,21
2013-10-27 21:59:59,24.16594,-5.808539,2013,10,300,21
2013-10-27 22:30:00,23.58843,-5.568731,2013,10,300,22
2013-10-27 23:00:00,22.81207,-5.24837,2013,10,300,23
2013-10-27 23:29:59,22.0135,-5.172915,2013,10,300,23
2013-10-28 00:00:00,21.75149,-4.949787,2013,10,301,0
2013-10-28 00:30:00,21.16509,-4.825614,2013,10,301,0
2013-10-28 00:59:59,20.36021,-4.663455,2013,10,301,0
2013-10-28 01:30:00,19.73949,-4.451816,2013,10,301,1
2013-10-28 02:00:00,19.34442,-4.295181,2013,10,301,2
2013-10-28 02:29:59,18.91871,-4.584271,2013,10,301,2
2013-10-28 03:00:00,18.03581,-4.230792,2013,10,301,3
2013-10-28 03:30:00,17.34418,-4.226649,2013,10,301,3
2013-10-28 03:59:59,16.77432,-4.119314,2013,10,301,3
2013-10-28 04:30:00,16.30005,-4.002842,2013,10,301,4
2013-10-28 05:00:00,15.85899,-3.695865,2013,10,301,5
2013-10-28 05:29:59,15.56448,10.58063,2013,10,301,5
2013-10-28 06:00:00,15.61176,70.34768,2013,10,301,6
2013-10-28 06:30:00,15.85757,142.8776,2013,10,301,6
2013-10-28 06:59:59,16.43673,307.4644,2013,10,301,6
2013-10-28 07:30:00,17.39194,429.0645,2013,10,301,7
2013-10-28 08:00:00,18.04247,547.7647,2013,10,301,8
2013-10-28 08:29:59,18.94756,659.5933,2013,10,301,8
2013-10-28 09:00:00,19.98719,757.5771,2013,10,301,9
2013-10-28 09:30:00,20.82328,843.3518,2013,10,301,9
2013-10-28 09:59:59,22.03532,914.7172,2013,10,301,9
2013-10-28 10:30:00,23.03735,969.6312,2013,10,301,10
2013-10-28 11:00:00,23.93434,1010.063,2013,10,301,11
2013-10-28 11:29:59,24.81194,1036.071,2013,10,301,11
2013-10-28 12:00:00,25.70427,1044.434,2013,10,301,12
2013-10-28 12:30:00,26.53785,1033.567,2013,10,301,12
2013-10-28 12:59:59,27.1979,1009.054,2013,10,301,12
2013-10-28 13:30:00,27.69305,965.8145,2013,10,301,13
2013-10-28 14:00:00,28.235,907.8688,2013,10,301,14
2013-10-28 14:29:59,28.70113,834.1798,2013,10,301,14
2013-10-28 15:00:00,28.94185,746.9193,2013,10,301,15
2013-10-28 15:30:00,29.2527,649.592,2013,10,301,15
2013-10-28 15:59:59,29.27267,542.2356,2013,10,301,15
2013-10-28 16:30:00,29.45793,424.2944,2013,10,301,16
2013-10-28 17:00:00,29.56005,304.8866,2013,10,301,17
2013-10-28 17:29:59,29.1842,185.6188,2013,10,301,17
2013-10-28 18:00:00,28.88156,76.3434,2013,10,301,18
2013-10-28 18:30:00,28.34606,5.984086,2013,10,301,18
2013-10-28 18:59:59,27.67691,-5.782755,2013,10,301,18
2013-10-28 19:30:00,26.96766,-5.751079,2013,10,301,19
2013-10-28 20:00:00,26.19681,-5.752757,2013,10,301,20
2013-10-28 20:29:59,25.60126,-5.397377,2013,10,301,20
2013-10-28 21:00:00,25.19494,-5.158239,2013,10,301,21
2013-10-28 21:30:00,24.87741,-4.920917,2013,10,301,21
2013-10-28 21:59:59,24.38223,-4.951469,2013,10,301,21
2013-10-28 22:30:00,23.78325,-4.917282,2013,10,301,22
2013-10-28 23:00:00,23.14894,-4.795548,2013,10,301,23
2013-10-28 23:29:59,22.42108,-4.626356,2013,10,301,23
2013-10-29 00:00:00,21.72103,-4.557299,2013,10,302,0
2013-10-29 00:30:00,21.11478,-4.27516,2013,10,302,0
2013-10-29 00:59:59,20.58874,-4.196829,2013,10,302,0
2013-10-29 01:30:00,20.15843,-4.252595,2013,10,302,1
2013-10-29 02:00:00,19.74846,-4.176059,2013,10,302,2
2013-10-29 02:29:59,19.31864,-4.129909,2013,10,302,2
2013-10-29 03:00:00,18.48063,-4.087371,2013,10,302,3
2013-10-29 03:30:00,17.90151,-4.057892,2013,10,302,3
2013-10-29 03:59:59,17.68369,-3.747619,2013,10,302,3
2013-10-29 04:30:00,17.34653,-3.662882,2013,10,302,4
2013-10-29 05:00:00,16.75907,-3.481347,2013,10,302,5
2013-10-29 05:29:59,16.18908,11.52362,2013,10,302,5
2013-10-29 06:00:00,15.95281,78.71684,2013,10,302,6
2013-10-29 06:30:00,16.01534,112.4555,2013,10,302,6
2013-10-29 06:59:59,16.45632,293.5073,2013,10,302,6
2013-10-29 07:30:00,16.96234,433.5885,2013,10,302,7
2013-10-29 08:00:00,17.936,550.7592,2013,10,302,8
2013-10-29 08:29:59,19.01091,656.1407,2013,10,302,8
2013-10-29 09:00:00,20.18403,754.4009,2013,10,302,9
2013-10-29 09:30:00,21.35911,839.2891,2013,10,302,9
2013-10-29 09:59:59,22.71054,910.3736,2013,10,302,9
2013-10-29 10:30:00,23.8496,969.7738,2013,10,302,10
2013-10-29 11:00:00,24.76327,1008.042,2013,10,302,11
2013-10-29 11:29:59,26.18473,1032.524,2013,10,302,11
2013-10-29 12:00:00,26.95416,1039.256,2013,10,302,12
2013-10-29 12:30:00,27.82674,1028.346,2013,10,302,12
2013-10-29 12:59:59,28.80441,1002.325,2013,10,302,12
2013-10-29 13:30:00,29.17171,960.9581,2013,10,302,13
2013-10-29 14:00:00,29.61916,901.5084,2013,10,302,14
2013-10-29 14:29:59,30.29883,828.9698,2013,10,302,14
2013-10-29 15:00:00,30.51221,745.0081,2013,10,302,15
2013-10-29 15:30:00,30.94841,573.4711,2013,10,302,15
2013-10-29 15:59:59,31.14468,534.0261,2013,10,302,15
2013-10-29 16:30:00,31.33868,430.4533,2013,10,302,16
2013-10-29 17:00:00,31.16665,306.8968,2013,10,302,17
2013-10-29 17:29:59,31.14906,186.5872,2013,10,302,17
2013-10-29 18:00:00,30.86206,64.7011,2013,10,302,18
2013-10-29 18:30:00,30.43837,3.536437,2013,10,302,18
2013-10-29 18:59:59,29.7293,-5.536951,2013,10,302,18
2013-10-29 19:30:00,28.84093,-5.455549,2013,10,302,19
2013-10-29 20:00:00,28.18788,-5.301201,2013,10,302,20
2013-10-29 20:29:59,27.64518,-5.030621,2013,10,302,20
2013-10-29 21:00:00,27.09136,-5.007635,2013,10,302,21
2013-10-29 21:30:00,26.63519,-4.757345,2013,10,302,21
2013-10-29 21:59:59,26.09492,-4.908152,2013,10,302,21
2013-10-29 22:30:00,25.49444,-4.774107,2013,10,302,22
2013-10-29 23:00:00,24.90221,-4.951032,2013,10,302,23
2013-10-29 23:29:59,24.23715,-4.713716,2013,10,302,23
2013-10-30 00:00:00,23.65937,-4.70724,2013,10,303,0
2013-10-30 00:30:00,22.98816,-4.699249,2013,10,303,0
2013-10-30 00:59:59,22.31311,-4.546563,2013,10,303,0
2013-10-30 01:30:00,21.90131,-4.254394,2013,10,303,1
2013-10-30 02:00:00,21.65417,-4.10352,2013,10,303,2
2013-10-30 02:29:59,21.72648,-4.146165,2013,10,303,2
2013-10-30 03:00:00,21.18795,-4.386719,2013,10,303,3
2013-10-30 03:30:00,20.57984,-4.273944,2013,10,303,3
2013-10-30 03:59:59,20.13439,-4.122478,2013,10,303,3
2013-10-30 04:30:00,19.58628,-4.099421,2013,10,303,4
2013-10-30 05:00:00,19.01508,-3.617938,2013,10,303,5
2013-10-30 05:29:59,18.61317,11.86724,2013,10,303,5
2013-10-30 06:00:00,18.52171,86.79379,2013,10,303,6
2013-10-30 06:30:00,19.27144,129.18,2013,10,303,6
2013-10-30 06:59:59,20.82609,318.5992,2013,10,303,6
2013-10-30 07:30:00,22.06858,440.0613,2013,10,303,7
2013-10-30 08:00:00,23.17979,556.3951,2013,10,303,8
2013-10-30 08:29:59,24.25984,664.5168,2013,10,303,8
2013-10-30 09:00:00,25.22498,762.233,2013,10,303,9
2013-10-30 09:30:00,26.31235,846.8881,2013,10,303,9
2013-10-30 09:59:59,27.33505,918.7249,2013,10,303,9
2013-10-30 10:30:00,28.12141,973.2363,2013,10,303,10
2013-10-30 11:00:00,28.97881,1012.956,2013,10,303,11
2013-10-30 11:29:59,30.16121,1036.138,2013,10,303,11
2013-10-30 12:00:00,30.68747,1043.96,2013,10,303,12
2013-10-30 12:30:00,31.21673,1035.861,2013,10,303,12
2013-10-30 12:59:59,31.83976,1010.491,2013,10,303,12
2013-10-30 13:30:00,32.36787,968.7707,2013,10,303,13
2013-10-30 14:00:00,32.70913,913.0013,2013,10,303,14
2013-10-30 14:29:59,33.35057,845.3385,2013,10,303,14
2013-10-30 15:00:00,33.52542,761.9287,2013,10,303,15
2013-10-30 15:30:00,33.78124,638.9476,2013,10,303,15
2013-10-30 15:59:59,34.05752,571.1671,2013,10,303,15
2013-10-30 16:30:00,34.09045,362.023,2013,10,303,16
2013-10-30 17:00:00,34.02648,322.4982,2013,10,303,17
2013-10-30 17:29:59,34.09603,166.4243,2013,10,303,17
2013-10-30 18:00:00,33.76089,52.03692,2013,10,303,18
2013-10-30 18:30:00,33.19279,5.484959,2013,10,303,18
2013-10-30 18:59:59,32.27809,-6.371638,2013,10,303,18
2013-10-30 19:30:00,31.47143,-5.969152,2013,10,303,19
2013-10-30 20:00:00,30.66741,-5.823636,2013,10,303,20
2013-10-30 20:29:59,29.78102,-5.594043,2013,10,303,20
2013-10-30 21:00:00,29.1281,-5.291525,2013,10,303,21
2013-10-30 21:30:00,28.4412,-5.595016,2013,10,303,21
2013-10-30 21:59:59,27.72549,-5.322363,2013,10,303,21
2013-10-30 22:30:00,27.56502,-5.171326,2013,10,303,22
2013-10-30 23:00:00,27.17865,-5.256211,2013,10,303,23
2013-10-30 23:29:59,26.67983,-5.078341,2013,10,303,23
2013-10-31 00:00:00,26.23989,-5.191423,2013,10,304,0
2013-10-31 00:30:00,25.76721,-5.215658,2013,10,304,0
2013-10-31 00:59:59,25.3121,-5.113811,2013,10,304,0
2013-10-31 01:30:00,24.74597,-5.073257,2013,10,304,1
2013-10-31 02:00:00,24.33343,-4.885966,2013,10,304,2
2013-10-31 02:29:59,23.86951,-4.874703,2013,10,304,2
2013-10-31 03:00:00,23.38152,-4.778956,2013,10,304,3
2013-10-31 03:30:00,22.86414,-4.595459,2013,10,304,3
2013-10-31 03:59:59,22.33903,-4.577357,2013,10,304,3
2013-10-31 04:30:00,21.77924,-4.555563,2013,10,304,4
2013-10-31 05:00:00,21.43794,-3.694949,2013,10,304,5
2013-10-31 05:29:59,21.08987,10.91941,2013,10,304,5
2013-10-31 06:00:00,20.84017,91.42125,2013,10,304,6
2013-10-31 06:30:00,21.76814,124.1598,2013,10,304,6
2013-10-31 06:59:59,23.94381,322.1886,2013,10,304,6
2013-10-31 07:30:00,25.83961,444.7512,2013,10,304,7
2013-10-31 08:00:00,26.87805,562.4548,2013,10,304,8
2013-10-31 08:29:59,27.93824,670.8926,2013,10,304,8
2013-10-31 09:00:00,28.40823,769.5186,2013,10,304,9
2013-10-31 09:30:00,29.73932,853.2484,2013,10,304,9
2013-10-31 09:59:59,30.59049,923.2518,2013,10,304,9
2013-10-31 10:30:00,31.46946,976.9113,2013,10,304,10
2013-10-31 11:00:00,32.54159,1015.907,2013,10,304,11
2013-10-31 11:29:59,33.5842,1040.344,2013,10,304,11
2013-10-31 12:00:00,34.32729,1048.976,2013,10,304,12
2013-10-31 12:30:00,34.9682,1040.527,2013,10,304,12
2013-10-31 12:59:59,35.60937,1014.729,2013,10,304,12
2013-10-31 13:30:00,35.97604,971.5706,2013,10,304,13
2013-10-31 14:00:00,36.52351,913.1661,2013,10,304,14
2013-10-31 14:29:59,37.05812,844.5414,2013,10,304,14
2013-10-31 15:00:00,37.16058,764.8458,2013,10,304,15
2013-10-31 15:30:00,37.39003,621.2194,2013,10,304,15
2013-10-31 15:59:59,37.57265,493.2357,2013,10,304,15
2013-10-31 16:30:00,37.1763,136.6993,2013,10,304,16
2013-10-31 17:00:00,37.26776,257.0904,2013,10,304,17
2013-10-31 17:29:59,37.4345,177.8311,2013,10,304,17
2013-10-31 18:00:00,37.38625,81.26891,2013,10,304,18
2013-10-31 18:30:00,36.70816,0.9312537,2013,10,304,18
2013-10-31 18:59:59,36.34426,-6.284397,2013,10,304,18
2013-10-31 19:30:00,35.84338,-6.162058,2013,10,304,19
2013-10-31 20:00:00,34.57824,-6.292195,2013,10,304,20
2013-10-31 20:29:59,33.51997,-6.15335,2013,10,304,20
2013-10-31 21:00:00,32.51015,-5.767105,2013,10,304,21
2013-10-31 21:30:00,31.83755,-5.038684,2013,10,304,21
2013-10-31 21:59:59,31.94977,-3.736254,2013,10,304,21
2013-10-31 22:30:00,33.54349,-4.2016,2013,10,304,22
2013-10-31 23:00:00,32.47272,-5.664372,2013,10,304,23
2013-10-31 23:29:59,31.26586,-5.262267,2013,10,304,23
2013-11-01 00:00:00,30.08516,-5.51822,2013,11,305,0
2013-11-01 00:30:00,28.23516,-4.969848,2013,11,305,0
2013-11-01 00:59:59,27.41581,-4.896053,2013,11,305,0
2013-11-01 01:30:00,26.43679,-5.403152,2013,11,305,1
2013-11-01 02:00:00,25.4342,-5.403667,2013,11,305,2
2013-11-01 02:29:59,24.44334,-5.171209,2013,11,305,2
2013-11-01 03:00:00,23.40105,-5.071819,2013,11,305,3
2013-11-01 03:30:00,22.42247,-4.874143,2013,11,305,3
2013-11-01 03:59:59,21.64976,-4.823192,2013,11,305,3
2013-11-01 04:30:00,21.01334,-4.617117,2013,11,305,4
2013-11-01 05:00:00,20.63649,-3.963558,2013,11,305,5
2013-11-01 05:29:59,20.26546,9.456652,2013,11,305,5
2013-11-01 06:00:00,20.01353,41.06888,2013,11,305,6
2013-11-01 06:30:00,20.56177,130.5127,2013,11,305,6
2013-11-01 06:59:59,21.91053,298.6532,2013,11,305,6
2013-11-01 07:30:00,23.90481,416.2139,2013,11,305,7
2013-11-01 08:00:00,25.66525,558.1769,2013,11,305,8
2013-11-01 08:29:59,27.56713,663.7095,2013,11,305,8
2013-11-01 09:00:00,29.87356,753.4824,2013,11,305,9
2013-11-01 09:30:00,31.50593,840.2518,2013,11,305,9
2013-11-01 09:59:59,32.82655,909.1877,2013,11,305,9
2013-11-01 10:30:00,34.36771,971.2979,2013,11,305,10
2013-11-01 11:00:00,35.05388,1011.058,2013,11,305,11
2013-11-01 11:29:59,35.79744,1037.447,2013,11,305,11
2013-11-01 12:00:00,36.29599,938.0164,2013,11,305,12
2013-11-01 12:30:00,36.69408,1036.908,2013,11,305,12
2013-11-01 12:59:59,37.10571,866.7729,2013,11,305,12
2013-11-01 13:30:00,37.58805,748.8042,2013,11,305,13
2013-11-01 14:00:00,37.50276,593.7769,2013,11,305,14
2013-11-01 14:29:59,38.29573,490.9246,2013,11,305,14
2013-11-01 15:00:00,38.14568,573.7667,2013,11,305,15
2013-11-01 15:30:00,38.11126,488.2785,2013,11,305,15
2013-11-01 15:59:59,38.30336,347.2666,2013,11,305,15
2013-11-01 16:30:00,38.01464,186.6606,2013,11,305,16
2013-11-01 17:00:00,37.816,118.4482,2013,11,305,17
2013-11-01 17:29:59,37.78845,60.26434,2013,11,305,17
2013-11-01 18:00:00,37.52154,28.03107,2013,11,305,18
2013-11-01 18:30:00,37.02871,0.2676874,2013,11,305,18
2013-11-01 18:59:59,36.18988,-3.3462,2013,11,305,18
2013-11-01 19:30:00,36.05704,-4.011676,2013,11,305,19
2013-11-01 20:00:00,35.41228,-4.908998,2013,11,305,20
2013-11-01 20:29:59,33.47012,-5.679532,2013,11,305,20
2013-11-01 21:00:00,31.35959,-5.272311,2013,11,305,21
2013-11-01 21:30:00,29.68776,-5.11278,2013,11,305,21
2013-11-01 21:59:59,27.97322,-5.004609,2013,11,305,21
2013-11-01 22:30:00,26.49607,-5.016166,2013,11,305,22
2013-11-01 23:00:00,25.33188,-4.731851,2013,11,305,23
2013-11-01 23:29:59,24.18,-4.201771,2013,11,305,23
2013-11-02 00:00:00,23.34904,-4.20691,2013,11,306,0
2013-11-02 00:30:00,22.59156,-4.059958,2013,11,306,0
2013-11-02 00:59:59,21.86773,-4.114642,2013,11,306,0
2013-11-02 01:30:00,20.90224,-3.96915,2013,11,306,1
2013-11-02 02:00:00,19.5839,-3.538286,2013,11,306,2
2013-11-02 02:29:59,18.64107,-2.453508,2013,11,306,2
2013-11-02 03:00:00,17.85781,-1.997681,2013,11,306,3
2013-11-02 03:30:00,17.49717,-1.950637,2013,11,306,3
2013-11-02 03:59:59,17.20354,-1.876207,2013,11,306,3
2013-11-02 04:30:00,17.03745,-1.678653,2013,11,306,4
2013-11-02 05:00:00,16.83209,-1.486943,2013,11,306,5
2013-11-02 05:29:59,16.67306,8.396132,2013,11,306,5
2013-11-02 06:00:00,16.35443,47.16635,2013,11,306,6
2013-11-02 06:30:00,16.61281,138.7167,2013,11,306,6
2013-11-02 06:59:59,16.68332,227.1707,2013,11,306,6
2013-11-02 07:30:00,16.62993,272.4586,2013,11,306,7
2013-11-02 08:00:00,17.30244,338.0807,2013,11,306,8
2013-11-02 08:29:59,18.00004,680.3753,2013,11,306,8
2013-11-02 09:00:00,19.07292,795.6108,2013,11,306,9
2013-11-02 09:30:00,20.17198,882.5214,2013,11,306,9
2013-11-02 09:59:59,21.6204,964.2851,2013,11,306,9
2013-11-02 10:30:00,22.97367,1047.319,2013,11,306,10
2013-11-02 11:00:00,23.82564,673.648,2013,11,306,11
2013-11-02 11:29:59,24.68107,968.28,2013,11,306,11
2013-11-02 12:00:00,25.67416,797.7112,2013,11,306,12
2013-11-02 12:30:00,26.50613,773.145,2013,11,306,12
2013-11-02 12:59:59,27.28507,641.5193,2013,11,306,12
2013-11-02 13:30:00,27.59615,763.954,2013,11,306,13
2013-11-02 14:00:00,27.64244,653.1294,2013,11,306,14
2013-11-02 14:29:59,27.92611,759.3544,2013,11,306,14
2013-11-02 15:00:00,27.85074,428.2852,2013,11,306,15
2013-11-02 15:30:00,27.55129,288.86,2013,11,306,15
2013-11-02 15:59:59,27.78194,531.9006,2013,11,306,15
2013-11-02 16:30:00,27.54453,440.0542,2013,11,306,16
2013-11-02 17:00:00,26.59035,288.7731,2013,11,306,17
2013-11-02 17:29:59,25.69577,189.5225,2013,11,306,17
2013-11-02 18:00:00,24.33244,68.06228,2013,11,306,18
2013-11-02 18:30:00,22.87456,3.942786,2013,11,306,18
2013-11-02 18:59:59,21.19303,-3.694592,2013,11,306,18
2013-11-02 19:30:00,19.8521,-3.873699,2013,11,306,19
2013-11-02 20:00:00,19.05387,-3.799903,2013,11,306,20
2013-11-02 20:29:59,18.55765,-3.762134,2013,11,306,20
2013-11-02 21:00:00,18.1765,-3.635498,2013,11,306,21
2013-11-02 21:30:00,17.95436,-3.557759,2013,11,306,21
2013-11-02 21:59:59,17.77037,-3.504834,2013,11,306,21
2013-11-02 22:30:00,17.75883,-3.297957,2013,11,306,22
2013-11-02 23:00:00,17.8624,-2.584178,2013,11,306,23
2013-11-02 23:29:59,17.49916,-2.444859,2013,11,306,23
2013-11-03 00:00:00,16.98752,-2.113159,2013,11,307,0
2013-11-03 00:30:00,16.44466,-2.121619,2013,11,307,0
2013-11-03 00:59:59,15.96456,-2.517044,2013,11,307,0
2013-11-03 01:30:00,15.6252,-3.183985,2013,11,307,1
2013-11-03 02:00:00,15.35772,-3.072605,2013,11,307,2
2013-11-03 02:29:59,15.21177,-3.049533,2013,11,307,2
2013-11-03 03:00:00,15.05954,-3.223654,2013,11,307,3
2013-11-03 03:30:00,14.81987,-3.398433,2013,11,307,3
2013-11-03 03:59:59,14.49042,-3.249606,2013,11,307,3
2013-11-03 04:30:00,14.20013,-3.217795,2013,11,307,4
2013-11-03 05:00:00,13.98431,-2.431087,2013,11,307,5
2013-11-03 05:29:59,13.81217,14.88929,2013,11,307,5
2013-11-03 06:00:00,14.02719,106.6414,2013,11,307,6
2013-11-03 06:30:00,14.44311,122.4883,2013,11,307,6
2013-11-03 06:59:59,14.77212,305.7018,2013,11,307,6
2013-11-03 07:30:00,15.51917,415.3964,2013,11,307,7
2013-11-03 08:00:00,16.31721,573.0507,2013,11,307,8
2013-11-03 08:29:59,17.07419,679.0949,2013,11,307,8
2013-11-03 09:00:00,17.86323,775.5012,2013,11,307,9
2013-11-03 09:30:00,18.75572,859.494,2013,11,307,9
2013-11-03 09:59:59,19.88966,946.4623,2013,11,307,9
2013-11-03 10:30:00,21.07393,980.3104,2013,11,307,10
2013-11-03 11:00:00,22.04257,1021.234,2013,11,307,11
2013-11-03 11:29:59,23.08236,1046.18,2013,11,307,11
2013-11-03 12:00:00,24.5785,1053.806,2013,11,307,12
2013-11-03 12:30:00,25.75624,1050.993,2013,11,307,12
2013-11-03 12:59:59,26.65196,1016.159,2013,11,307,12
2013-11-03 13:30:00,27.43279,884.3015,2013,11,307,13
2013-11-03 14:00:00,28.16306,897.1259,2013,11,307,14
2013-11-03 14:29:59,28.88474,832.4594,2013,11,307,14
2013-11-03 15:00:00,29.52993,734.3531,2013,11,307,15
2013-11-03 15:30:00,30.04108,661.5082,2013,11,307,15
2013-11-03 15:59:59,30.41116,554.327,2013,11,307,15
2013-11-03 16:30:00,30.71042,440.5107,2013,11,307,16
2013-11-03 17:00:00,30.66799,322.5435,2013,11,307,17
2013-11-03 17:29:59,30.75546,204.7094,2013,11,307,17
2013-11-03 18:00:00,30.49747,92.40879,2013,11,307,18
2013-11-03 18:30:00,30.04371,12.70905,2013,11,307,18
2013-11-03 18:59:59,29.50239,-4.95087,2013,11,307,18
2013-11-03 19:30:00,28.67582,-5.398559,2013,11,307,19
2013-11-03 20:00:00,27.8949,-5.219711,2013,11,307,20
2013-11-03 20:29:59,27.27191,-5.273939,2013,11,307,20
2013-11-03 21:00:00,26.80116,-5.162564,2013,11,307,21
2013-11-03 21:30:00,26.301,-4.945549,2013,11,307,21
2013-11-03 21:59:59,25.72282,-4.62227,2013,11,307,21
2013-11-03 22:30:00,25.0503,-4.374063,2013,11,307,22
2013-11-03 23:00:00,24.36839,-4.06118,2013,11,307,23
2013-11-03 23:29:59,23.92646,-3.712504,2013,11,307,23
2013-11-04 00:00:00,23.81796,-3.434129,2013,11,308,0
2013-11-04 00:30:00,23.63236,-3.521842,2013,11,308,0
2013-11-04 00:59:59,23.25852,-3.437973,2013,11,308,0
2013-11-04 01:30:00,22.91217,-3.081991,2013,11,308,1
2013-11-04 02:00:00,22.46184,-2.719227,2013,11,308,2
2013-11-04 02:29:59,22.09786,-2.626876,2013,11,308,2
2013-11-04 03:00:00,21.88478,-2.43733,2013,11,308,3
2013-11-04 03:30:00,21.70826,-2.597724,2013,11,308,3
2013-11-04 03:59:59,21.74302,-2.454137,2013,11,308,3
2013-11-04 04:30:00,21.94909,-2.725163,2013,11,308,4
2013-11-04 05:00:00,21.90818,-1.253644,2013,11,308,5
2013-11-04 05:29:59,21.87214,11.72986,2013,11,308,5
2013-11-04 06:00:00,21.3915,53.30005,2013,11,308,6
2013-11-04 06:30:00,21.25974,96.28559,2013,11,308,6
2013-11-04 06:59:59,21.88946,201.634,2013,11,308,6
2013-11-04 07:30:00,23.17613,350.6317,2013,11,308,7
2013-11-04 08:00:00,24.41004,446.4698,2013,11,308,8
2013-11-04 08:29:59,26.12291,554.9096,2013,11,308,8
2013-11-04 09:00:00,27.50997,575.2242,2013,11,308,9
2013-11-04 09:30:00,28.23497,594.249,2013,11,308,9
2013-11-04 09:59:59,29.39617,579.6824,2013,11,308,9
2013-11-04 10:30:00,30.38532,821.0389,2013,11,308,10
2013-11-04 11:00:00,31.04025,711.4739,2013,11,308,11
2013-11-04 11:29:59,31.43066,847.9966,2013,11,308,11
2013-11-04 12:00:00,32.23363,897.2079,2013,11,308,12
2013-11-04 12:30:00,33.06376,1013.081,2013,11,308,12
2013-11-04 12:59:59,33.65586,1025.719,2013,11,308,12
2013-11-04 13:30:00,34.21355,818.4465,2013,11,308,13
2013-11-04 14:00:00,34.64249,932.1408,2013,11,308,14
2013-11-04 14:29:59,35.35696,718.9949,2013,11,308,14
2013-11-04 15:00:00,36.26416,821.3646,2013,11,308,15
2013-11-04 15:30:00,35.64818,370.4632,2013,11,308,15
2013-11-04 15:59:59,36.11024,392.8179,2013,11,308,15
2013-11-04 16:30:00,36.24491,328.0755,2013,11,308,16
2013-11-04 17:00:00,36.03866,162.0587,2013,11,308,17
2013-11-04 17:29:59,36.07373,81.47226,2013,11,308,17
2013-11-04 18:00:00,35.8586,22.75065,2013,11,308,18
2013-11-04 18:30:00,35.66818,-1.358114,2013,11,308,18
2013-11-04 18:59:59,35.06315,-3.706871,2013,11,308,18
2013-11-04 19:30:00,33.65002,-4.325218,2013,11,308,19
2013-11-04 20:00:00,33.85689,-4.014374,2013,11,308,20
2013-11-04 20:29:59,32.75729,-5.02714,2013,11,308,20
2013-11-04 21:00:00,31.89438,-4.207293,2013,11,308,21
2013-11-04 21:30:00,30.29677,-4.172286,2013,11,308,21
2013-11-04 21:59:59,29.71161,-2.778781,2013,11,308,21
2013-11-04 22:30:00,28.62639,NA,2013,11,308,22
2013-11-04 23:00:00,25.46467,-4.551322,2013,11,308,23
2013-11-04 23:29:59,25.08581,-2.166845,2013,11,308,23
2013-11-05 00:00:00,25.19576,-2.817674,2013,11,309,0
2013-11-05 00:30:00,23.88188,-2.675248,2013,11,309,0
2013-11-05 00:59:59,24.42349,-2.133312,2013,11,309,0
2013-11-05 01:30:00,23.95989,-2.600858,2013,11,309,1
2013-11-05 02:00:00,23.7233,-2.456646,2013,11,309,2
2013-11-05 02:29:59,23.54654,-2.132289,2013,11,309,2
2013-11-05 03:00:00,23.47762,-2.113181,2013,11,309,3
2013-11-05 03:30:00,23.30213,-1.591761,2013,11,309,3
2013-11-05 03:59:59,23.18302,-1.086934,2013,11,309,3
2013-11-05 04:30:00,23.27896,-0.8250926,2013,11,309,4
2013-11-05 05:00:00,23.42477,-1.903247,2013,11,309,5
2013-11-05 05:29:59,22.44645,7.788867,2013,11,309,5
2013-11-05 06:00:00,22.00767,73.93765,2013,11,309,6
2013-11-05 06:30:00,22.77705,116.3138,2013,11,309,6
2013-11-05 06:59:59,25.20971,306.019,2013,11,309,6
2013-11-05 07:30:00,27.81121,447.2159,2013,11,309,7
2013-11-05 08:00:00,28.57568,560.6662,2013,11,309,8
2013-11-05 08:29:59,29.28309,667.819,2013,11,309,8
2013-11-05 09:00:00,30.03408,763.43,2013,11,309,9
2013-11-05 09:30:00,30.75959,845.8802,2013,11,309,9
2013-11-05 09:59:59,31.67496,915.6479,2013,11,309,9
2013-11-05 10:30:00,32.52342,971.1218,2013,11,309,10
2013-11-05 11:00:00,33.43441,1010.93,2013,11,309,11
2013-11-05 11:29:59,34.14289,1038.568,2013,11,309,11
2013-11-05 12:00:00,34.33891,1007.032,2013,11,309,12
2013-11-05 12:30:00,34.80906,1060.875,2013,11,309,12
2013-11-05 12:59:59,34.99654,914.6896,2013,11,309,12
2013-11-05 13:30:00,35.35899,734.8649,2013,11,309,13
2013-11-05 14:00:00,35.56253,844.3102,2013,11,309,14
2013-11-05 14:29:59,35.69939,567.4543,2013,11,309,14
2013-11-05 15:00:00,36.14966,736.1068,2013,11,309,15
2013-11-05 15:30:00,36.35999,606.014,2013,11,309,15
2013-11-05 15:59:59,36.64407,587.8878,2013,11,309,15
2013-11-05 16:30:00,36.28614,456.3161,2013,11,309,16
2013-11-05 17:00:00,36.01683,331.812,2013,11,309,17
2013-11-05 17:29:59,35.72191,213.7601,2013,11,309,17
2013-11-05 18:00:00,35.18099,89.53931,2013,11,309,18
2013-11-05 18:30:00,34.35916,7.684536,2013,11,309,18
2013-11-05 18:59:59,33.19654,-6.250446,2013,11,309,18
2013-11-05 19:30:00,32.24855,-6.144214,2013,11,309,19
2013-11-05 20:00:00,31.48492,-5.907103,2013,11,309,20
2013-11-05 20:29:59,30.64358,-5.882132,2013,11,309,20
2013-11-05 21:00:00,29.83303,-5.619512,2013,11,309,21
2013-11-05 21:30:00,29.03157,-5.450706,2013,11,309,21
2013-11-05 21:59:59,28.13109,-5.393815,2013,11,309,21
2013-11-05 22:30:00,27.10184,-4.989994,2013,11,309,22
2013-11-05 23:00:00,26.03666,-4.396309,2013,11,309,23
2013-11-05 23:29:59,24.97421,-4.588887,2013,11,309,23
2013-11-06 00:00:00,23.04068,-4.077789,2013,11,310,0
2013-11-06 00:30:00,21.57344,-3.527483,2013,11,310,0
2013-11-06 00:59:59,19.73264,-4.100632,2013,11,310,0
2013-11-06 01:30:00,18.38203,-3.80827,2013,11,310,1
2013-11-06 02:00:00,17.80539,-3.646882,2013,11,310,2
2013-11-06 02:29:59,17.3163,-3.770543,2013,11,310,2
2013-11-06 03:00:00,16.62614,-3.550507,2013,11,310,3
2013-11-06 03:30:00,15.99603,-3.333384,2013,11,310,3
2013-11-06 03:59:59,15.54282,-3.409483,2013,11,310,3
2013-11-06 04:30:00,15.1833,-3.339388,2013,11,310,4
2013-11-06 05:00:00,14.90979,-2.15319,2013,11,310,5
2013-11-06 05:29:59,14.90443,20.17702,2013,11,310,5
2013-11-06 06:00:00,15.34241,106.9548,2013,11,310,6
2013-11-06 06:30:00,15.80533,130.334,2013,11,310,6
2013-11-06 06:59:59,16.60931,315.1684,2013,11,310,6
2013-11-06 07:30:00,17.14741,350.0993,2013,11,310,7
2013-11-06 08:00:00,18.08693,521.584,2013,11,310,8
2013-11-06 08:29:59,19.45896,655.118,2013,11,310,8
2013-11-06 09:00:00,20.66798,766.7141,2013,11,310,9
2013-11-06 09:30:00,21.74307,854.3555,2013,11,310,9
2013-11-06 09:59:59,22.70673,918.3723,2013,11,310,9
2013-11-06 10:30:00,24.04854,969.3044,2013,11,310,10
2013-11-06 11:00:00,25.23558,972.3858,2013,11,310,11
2013-11-06 11:29:59,26.06593,1004.729,2013,11,310,11
2013-11-06 12:00:00,27.085,1050.624,2013,11,310,12
2013-11-06 12:30:00,28.08605,994.5214,2013,11,310,12
2013-11-06 12:59:59,28.68398,952.3187,2013,11,310,12
2013-11-06 13:30:00,29.44856,951.6324,2013,11,310,13
2013-11-06 14:00:00,30.64876,855.9716,2013,11,310,14
2013-11-06 14:29:59,31.36483,740.0313,2013,11,310,14
2013-11-06 15:00:00,31.27807,411.1932,2013,11,310,15
2013-11-06 15:30:00,31.89561,469.9151,2013,11,310,15
2013-11-06 15:59:59,31.43019,361.3538,2013,11,310,15
2013-11-06 16:30:00,30.89158,276.2991,2013,11,310,16
2013-11-06 17:00:00,30.64893,145.0189,2013,11,310,17
2013-11-06 17:29:59,30.51466,47.89993,2013,11,310,17
2013-11-06 18:00:00,30.01863,36.89959,2013,11,310,18
2013-11-06 18:30:00,29.04975,14.48362,2013,11,310,18
2013-11-06 18:59:59,28.1728,-3.452064,2013,11,310,18
2013-11-06 19:30:00,27.548,-4.487355,2013,11,310,19
2013-11-06 20:00:00,25.96931,-4.119011,2013,11,310,20
2013-11-06 20:29:59,24.85537,-4.01176,2013,11,310,20
2013-11-06 21:00:00,24.02582,-3.256996,2013,11,310,21
2013-11-06 21:30:00,23.52674,-3.063204,2013,11,310,21
2013-11-06 21:59:59,23.06798,-3.417593,2013,11,310,21
2013-11-06 22:30:00,22.55027,-3.474458,2013,11,310,22
2013-11-06 23:00:00,21.37822,-3.360806,2013,11,310,23
2013-11-06 23:29:59,20.60129,-2.275022,2013,11,310,23
2013-11-07 00:00:00,20.24765,-2.543874,2013,11,311,0
2013-11-07 00:30:00,19.40617,-3.369932,2013,11,311,0
2013-11-07 00:59:59,18.47077,-3.318646,2013,11,311,0
2013-11-07 01:30:00,17.63077,-3.124712,2013,11,311,1
2013-11-07 02:00:00,17.27864,-3.25865,2013,11,311,2
2013-11-07 02:29:59,16.99028,-3.553223,2013,11,311,2
2013-11-07 03:00:00,16.53828,-3.71317,2013,11,311,3
2013-11-07 03:30:00,16.11732,-3.5557,2013,11,311,3
2013-11-07 03:59:59,15.81014,-3.841609,2013,11,311,3
2013-11-07 04:30:00,15.48855,-3.520471,2013,11,311,4
2013-11-07 05:00:00,15.36059,-1.682439,2013,11,311,5
2013-11-07 05:29:59,15.30474,16.70176,2013,11,311,5
2013-11-07 06:00:00,15.56169,89.16245,2013,11,311,6
2013-11-07 06:30:00,15.62829,153.8478,2013,11,311,6
2013-11-07 06:59:59,15.76178,322.0729,2013,11,311,6
2013-11-07 07:30:00,15.80725,463.5773,2013,11,311,7
2013-11-07 08:00:00,16.32472,581.9794,2013,11,311,8
2013-11-07 08:29:59,16.77037,693.5657,2013,11,311,8
2013-11-07 09:00:00,17.52221,792.6972,2013,11,311,9
2013-11-07 09:30:00,18.19532,879.0621,2013,11,311,9
2013-11-07 09:59:59,18.80594,941.6921,2013,11,311,9
2013-11-07 10:30:00,19.57929,967.8389,2013,11,311,10
2013-11-07 11:00:00,19.94938,1043.198,2013,11,311,11
2013-11-07 11:29:59,20.64268,1051.27,2013,11,311,11
2013-11-07 12:00:00,21.01657,1083.568,2013,11,311,12
2013-11-07 12:30:00,21.75976,1035.578,2013,11,311,12
2013-11-07 12:59:59,22.26396,1041.961,2013,11,311,12
2013-11-07 13:30:00,22.86312,999.881,2013,11,311,13
2013-11-07 14:00:00,22.923,920.155,2013,11,311,14
2013-11-07 14:29:59,23.02694,871.7264,2013,11,311,14
2013-11-07 15:00:00,23.50891,798.7275,2013,11,311,15
2013-11-07 15:30:00,23.82527,699.2073,2013,11,311,15
2013-11-07 15:59:59,24.02687,591.3629,2013,11,311,15
2013-11-07 16:30:00,23.95206,479.0826,2013,11,311,16
2013-11-07 17:00:00,23.58316,343.2894,2013,11,311,17
2013-11-07 17:29:59,23.16905,241.3563,2013,11,311,17
2013-11-07 18:00:00,22.6592,109.919,2013,11,311,18
2013-11-07 18:30:00,22.05751,20.63613,2013,11,311,18
2013-11-07 18:59:59,21.37414,-4.020363,2013,11,311,18
2013-11-07 19:30:00,20.96736,-4.807708,2013,11,311,19
2013-11-07 20:00:00,20.70943,-4.873054,2013,11,311,20
2013-11-07 20:29:59,20.41481,-4.883802,2013,11,311,20
2013-11-07 21:00:00,20.05547,-4.976279,2013,11,311,21
2013-11-07 21:30:00,19.64532,-4.84636,2013,11,311,21
2013-11-07 21:59:59,19.36906,-4.627113,2013,11,311,21
2013-11-07 22:30:00,19.10114,-4.679096,2013,11,311,22
2013-11-07 23:00:00,18.66311,-4.663392,2013,11,311,23
2013-11-07 23:29:59,18.40768,-4.447863,2013,11,311,23
2013-11-08 00:00:00,18.36443,-4.392198,2013,11,312,0
2013-11-08 00:30:00,17.98014,-4.545456,2013,11,312,0
2013-11-08 00:59:59,17.47135,-4.422441,2013,11,312,0
2013-11-08 01:30:00,17.02268,-4.385396,2013,11,312,1
2013-11-08 02:00:00,16.64647,-3.746181,2013,11,312,2
2013-11-08 02:29:59,16.44068,-3.290662,2013,11,312,2
2013-11-08 03:00:00,15.76503,-4.422612,2013,11,312,3
2013-11-08 03:30:00,15.05019,-4.403491,2013,11,312,3
2013-11-08 03:59:59,14.51894,-4.362056,2013,11,312,3
2013-11-08 04:30:00,13.97096,-4.185554,2013,11,312,4
2013-11-08 05:00:00,13.46792,-2.635882,2013,11,312,5
2013-11-08 05:29:59,13.09558,18.48,2013,11,312,5
2013-11-08 06:00:00,13.20639,87.92596,2013,11,312,6
2013-11-08 06:30:00,13.18159,100.3622,2013,11,312,6
2013-11-08 06:59:59,13.96006,300.8363,2013,11,312,6
2013-11-08 07:30:00,14.61926,482.9072,2013,11,312,7
2013-11-08 08:00:00,15.25954,603.3465,2013,11,312,8
2013-11-08 08:29:59,15.68584,714.0961,2013,11,312,8
2013-11-08 09:00:00,16.51444,811.2824,2013,11,312,9
2013-11-08 09:30:00,17.2375,895.6412,2013,11,312,9
2013-11-08 09:59:59,18.04908,966.5028,2013,11,312,9
2013-11-08 10:30:00,18.76097,1019.216,2013,11,312,10
2013-11-08 11:00:00,19.29605,1061.222,2013,11,312,11
2013-11-08 11:29:59,20.07611,1084.266,2013,11,312,11
2013-11-08 12:00:00,20.63451,1092.522,2013,11,312,12
2013-11-08 12:30:00,21.22742,1084.384,2013,11,312,12
2013-11-08 12:59:59,21.9077,1057.071,2013,11,312,12
2013-11-08 13:30:00,22.62406,1015.765,2013,11,312,13
2013-11-08 14:00:00,23.07964,959.0604,2013,11,312,14
2013-11-08 14:29:59,23.61623,887.8921,2013,11,312,14
2013-11-08 15:00:00,23.9682,803.0334,2013,11,312,15
2013-11-08 15:30:00,24.28785,705.0828,2013,11,312,15
2013-11-08 15:59:59,24.5188,595.2352,2013,11,312,15
2013-11-08 16:30:00,24.99125,479.3533,2013,11,312,16
2013-11-08 17:00:00,24.90055,358.3058,2013,11,312,17
2013-11-08 17:29:59,24.78058,235.6381,2013,11,312,17
2013-11-08 18:00:00,24.51752,119.3217,2013,11,312,18
2013-11-08 18:30:00,24.05367,24.18836,2013,11,312,18
2013-11-08 18:59:59,23.54693,-5.69881,2013,11,312,18
2013-11-08 19:30:00,22.98244,-6.401914,2013,11,312,19
2013-11-08 20:00:00,22.33199,-6.258138,2013,11,312,20
2013-11-08 20:29:59,21.82263,-6.137478,2013,11,312,20
2013-11-08 21:00:00,21.20472,-6.088727,2013,11,312,21
2013-11-08 21:30:00,20.47568,-5.541855,2013,11,312,21
2013-11-08 21:59:59,20.1277,-5.716386,2013,11,312,21
2013-11-08 22:30:00,19.63269,-5.83417,2013,11,312,22
2013-11-08 23:00:00,18.9312,-5.612275,2013,11,312,23
2013-11-08 23:29:59,18.72425,-5.154506,2013,11,312,23
2013-11-09 00:00:00,18.1779,-5.502141,2013,11,313,0
2013-11-09 00:30:00,17.52934,-5.179715,2013,11,313,0
2013-11-09 00:59:59,17.17471,-4.706019,2013,11,313,0
2013-11-09 01:30:00,16.4703,-4.861928,2013,11,313,1
2013-11-09 02:00:00,15.90231,-4.52888,2013,11,313,2
2013-11-09 02:29:59,15.37659,-4.518315,2013,11,313,2
2013-11-09 03:00:00,15.20686,-4.072403,2013,11,313,3
2013-11-09 03:30:00,14.83921,-4.314901,2013,11,313,3
2013-11-09 03:59:59,14.38257,-4.358868,2013,11,313,3
2013-11-09 04:30:00,13.94709,-4.459367,2013,11,313,4
2013-11-09 05:00:00,13.53337,-2.837607,2013,11,313,5
2013-11-09 05:29:59,13.15919,21.7362,2013,11,313,5
2013-11-09 06:00:00,13.11561,78.93429,2013,11,313,6
2013-11-09 06:30:00,13.92457,181.0992,2013,11,313,6
2013-11-09 06:59:59,15.41677,261.9742,2013,11,313,6
2013-11-09 07:30:00,16.14516,481.9351,2013,11,313,7
2013-11-09 08:00:00,17.21671,599.9534,2013,11,313,8
2013-11-09 08:29:59,18.46927,708.5076,2013,11,313,8
2013-11-09 09:00:00,19.34096,805.4056,2013,11,313,9
2013-11-09 09:30:00,20.26832,890.8456,2013,11,313,9
2013-11-09 09:59:59,21.235,960.2317,2013,11,313,9
2013-11-09 10:30:00,22.05022,1016.317,2013,11,313,10
2013-11-09 11:00:00,22.75037,1057.889,2013,11,313,11
2013-11-09 11:29:59,23.2681,1081.705,2013,11,313,11
2013-11-09 12:00:00,23.65158,1090.745,2013,11,313,12
2013-11-09 12:30:00,24.23823,1078.086,2013,11,313,12
2013-11-09 12:59:59,25.00969,1051.772,2013,11,313,12
2013-11-09 13:30:00,25.4653,1011.864,2013,11,313,13
2013-11-09 14:00:00,25.9783,955.4342,2013,11,313,14
2013-11-09 14:29:59,26.37897,885.755,2013,11,313,14
2013-11-09 15:00:00,26.61275,800.6454,2013,11,313,15
2013-11-09 15:30:00,26.80304,704.1035,2013,11,313,15
2013-11-09 15:59:59,27.1685,595.4954,2013,11,313,15
2013-11-09 16:30:00,27.33592,479.955,2013,11,313,16
2013-11-09 17:00:00,27.24374,358.0502,2013,11,313,17
2013-11-09 17:29:59,27.25639,236.1797,2013,11,313,17
2013-11-09 18:00:00,26.984,120.3564,2013,11,313,18
2013-11-09 18:30:00,26.57729,25.96424,2013,11,313,18
2013-11-09 18:59:59,25.8829,-5.911973,2013,11,313,18
2013-11-09 19:30:00,25.05665,-7.052721,2013,11,313,19
2013-11-09 20:00:00,24.13995,-6.67283,2013,11,313,20
2013-11-09 20:29:59,23.54481,-6.295065,2013,11,313,20
2013-11-09 21:00:00,22.98382,-6.241243,2013,11,313,21
2013-11-09 21:30:00,22.42275,-5.989893,2013,11,313,21
2013-11-09 21:59:59,21.55822,-5.754786,2013,11,313,21
2013-11-09 22:30:00,20.92578,-5.339351,2013,11,313,22
2013-11-09 23:00:00,20.59693,-5.053276,2013,11,313,23
2013-11-09 23:29:59,20.43593,-4.833113,2013,11,313,23
2013-11-10 00:00:00,20.37798,-5.024152,2013,11,314,0
2013-11-10 00:30:00,19.81293,-5.062499,2013,11,314,0
2013-11-10 00:59:59,19.31301,-5.103452,2013,11,314,0
2013-11-10 01:30:00,18.65766,-5.157688,2013,11,314,1
2013-11-10 02:00:00,18.03894,-4.994143,2013,11,314,2
2013-11-10 02:29:59,17.64269,-4.877675,2013,11,314,2
2013-11-10 03:00:00,17.13456,-4.895368,2013,11,314,3
2013-11-10 03:30:00,16.5105,-4.773678,2013,11,314,3
2013-11-10 03:59:59,16.26461,-4.432271,2013,11,314,3
2013-11-10 04:30:00,16.16533,-4.693375,2013,11,314,4
2013-11-10 05:00:00,15.42915,-3.173179,2013,11,314,5
2013-11-10 05:29:59,14.96214,24.67688,2013,11,314,5
2013-11-10 06:00:00,15.14829,70.0117,2013,11,314,6
2013-11-10 06:30:00,15.87561,185.7286,2013,11,314,6
2013-11-10 06:59:59,16.3274,241.4371,2013,11,314,6
2013-11-10 07:30:00,16.90065,485.0561,2013,11,314,7
2013-11-10 08:00:00,18.00602,603.4028,2013,11,314,8
2013-11-10 08:29:59,18.87777,713.4353,2013,11,314,8
2013-11-10 09:00:00,20.16176,811.2861,2013,11,314,9
2013-11-10 09:30:00,20.96866,895.9111,2013,11,314,9
2013-11-10 09:59:59,21.82067,966.6564,2013,11,314,9
2013-11-10 10:30:00,22.7572,1024.001,2013,11,314,10
2013-11-10 11:00:00,23.50852,1064.016,2013,11,314,11
2013-11-10 11:29:59,23.94081,1087.428,2013,11,314,11
2013-11-10 12:00:00,24.65581,1094.881,2013,11,314,12
2013-11-10 12:30:00,25.20533,1086.79,2013,11,314,12
2013-11-10 12:59:59,25.53716,1062.918,2013,11,314,12
2013-11-10 13:30:00,26.05393,1022.268,2013,11,314,13
2013-11-10 14:00:00,26.58259,964.4977,2013,11,314,14
2013-11-10 14:29:59,27.34047,891.9723,2013,11,314,14
2013-11-10 15:00:00,27.48542,806.8101,2013,11,314,15
2013-11-10 15:30:00,27.51562,709.6026,2013,11,314,15
2013-11-10 15:59:59,27.7103,601.1769,2013,11,314,15
2013-11-10 16:30:00,27.7929,483.5871,2013,11,314,16
2013-11-10 17:00:00,27.87465,363.1024,2013,11,314,17
2013-11-10 17:29:59,27.84453,241.8452,2013,11,314,17
2013-11-10 18:00:00,27.67985,125.0754,2013,11,314,18
2013-11-10 18:30:00,27.34388,26.00951,2013,11,314,18
2013-11-10 18:59:59,26.5418,-6.016673,2013,11,314,18
2013-11-10 19:30:00,25.53657,-6.382892,2013,11,314,19
2013-11-10 20:00:00,24.67622,-5.964609,2013,11,314,20
2013-11-10 20:29:59,23.97042,-5.877177,2013,11,314,20
2013-11-10 21:00:00,23.6458,-5.687537,2013,11,314,21
2013-11-10 21:30:00,23.19557,-5.886693,2013,11,314,21
2013-11-10 21:59:59,22.6197,-5.772384,2013,11,314,21
2013-11-10 22:30:00,21.92078,-5.571601,2013,11,314,22
2013-11-10 23:00:00,21.3984,-4.920313,2013,11,314,23
2013-11-10 23:29:59,20.97308,-4.568101,2013,11,314,23
2013-11-11 00:00:00,20.50335,-4.621323,2013,11,315,0
2013-11-11 00:30:00,20.17667,-4.08467,2013,11,315,0
2013-11-11 00:59:59,19.75689,-4.156554,2013,11,315,0
2013-11-11 01:30:00,19.28969,-4.526419,2013,11,315,1
2013-11-11 02:00:00,18.73838,-4.434332,2013,11,315,2
2013-11-11 02:29:59,18.32331,-4.452263,2013,11,315,2
2013-11-11 03:00:00,17.83313,-4.567126,2013,11,315,3
2013-11-11 03:30:00,17.43956,-4.420485,2013,11,315,3
2013-11-11 03:59:59,17.0576,-4.62917,2013,11,315,3
2013-11-11 04:30:00,16.60102,-4.474904,2013,11,315,4
2013-11-11 05:00:00,16.09183,-2.514837,2013,11,315,5
2013-11-11 05:29:59,15.71735,8.899635,2013,11,315,5
2013-11-11 06:00:00,15.78471,59.92641,2013,11,315,6
2013-11-11 06:30:00,16.39001,189.1703,2013,11,315,6
2013-11-11 06:59:59,17.19883,221.9114,2013,11,315,6
2013-11-11 07:30:00,18.16679,483.8611,2013,11,315,7
2013-11-11 08:00:00,18.97226,600.8074,2013,11,315,8
2013-11-11 08:29:59,19.65068,709.9606,2013,11,315,8
2013-11-11 09:00:00,20.62561,806.7759,2013,11,315,9
2013-11-11 09:30:00,21.64866,890.9752,2013,11,315,9
2013-11-11 09:59:59,22.74804,960.9705,2013,11,315,9
2013-11-11 10:30:00,23.31779,1016.46,2013,11,315,10
2013-11-11 11:00:00,24.06844,1055.501,2013,11,315,11
2013-11-11 11:29:59,24.78695,1077.448,2013,11,315,11
2013-11-11 12:00:00,25.92845,1082.823,2013,11,315,12
2013-11-11 12:30:00,26.30314,1073.327,2013,11,315,12
2013-11-11 12:59:59,27.21667,1045.469,2013,11,315,12
2013-11-11 13:30:00,27.78597,1002.632,2013,11,315,13
2013-11-11 14:00:00,28.36563,947.7251,2013,11,315,14
2013-11-11 14:29:59,28.58613,877.4252,2013,11,315,14
2013-11-11 15:00:00,29.0179,790.7231,2013,11,315,15
2013-11-11 15:30:00,29.36206,688.1811,2013,11,315,15
2013-11-11 15:59:59,29.38345,581.8042,2013,11,315,15
2013-11-11 16:30:00,29.50843,365.9221,2013,11,315,16
2013-11-11 17:00:00,29.55009,353.2581,2013,11,315,17
2013-11-11 17:29:59,29.53022,248.2579,2013,11,315,17
2013-11-11 18:00:00,29.38997,119.2366,2013,11,315,18
2013-11-11 18:30:00,28.98821,24.62106,2013,11,315,18
2013-11-11 18:59:59,28.33533,-5.805067,2013,11,315,18
2013-11-11 19:30:00,27.62521,-6.477235,2013,11,315,19
2013-11-11 20:00:00,26.6796,-5.877453,2013,11,315,20
2013-11-11 20:29:59,26.06418,-5.743945,2013,11,315,20
2013-11-11 21:00:00,25.39834,-5.743322,2013,11,315,21
2013-11-11 21:30:00,25.23532,-5.031891,2013,11,315,21
2013-11-11 21:59:59,24.65397,-4.47736,2013,11,315,21
2013-11-11 22:30:00,23.8679,-4.109044,2013,11,315,22
2013-11-11 23:00:00,23.60583,-3.688479,2013,11,315,23
2013-11-11 23:29:59,23.21955,-3.927851,2013,11,315,23
2013-11-12 00:00:00,23.06757,-3.617391,2013,11,316,0
2013-11-12 00:30:00,22.9734,-3.782093,2013,11,316,0
2013-11-12 00:59:59,22.81578,-3.770018,2013,11,316,0
2013-11-12 01:30:00,22.51598,-3.782974,2013,11,316,1
2013-11-12 02:00:00,22.11978,-4.361084,2013,11,316,2
2013-11-12 02:29:59,21.61541,-4.889519,2013,11,316,2
2013-11-12 03:00:00,21.09203,-5.003047,2013,11,316,3
2013-11-12 03:30:00,20.46343,-5.145656,2013,11,316,3
2013-11-12 03:59:59,19.74755,-5.076571,2013,11,316,3
2013-11-12 04:30:00,19.0548,-4.95082,2013,11,316,4
2013-11-12 05:00:00,18.50567,-2.5977,2013,11,316,5
2013-11-12 05:29:59,18.15001,28.90307,2013,11,316,5
2013-11-12 06:00:00,18.41848,59.62507,2013,11,316,6
2013-11-12 06:30:00,19.55149,188.8936,2013,11,316,6
2013-11-12 06:59:59,20.85693,207.7357,2013,11,316,6
2013-11-12 07:30:00,21.83418,479.5552,2013,11,316,7
2013-11-12 08:00:00,22.93146,596.0872,2013,11,316,8
2013-11-12 08:29:59,23.82117,705.1576,2013,11,316,8
2013-11-12 09:00:00,24.87579,801.7235,2013,11,316,9
2013-11-12 09:30:00,25.62365,886.4653,2013,11,316,9
2013-11-12 09:59:59,26.6587,956.0035,2013,11,316,9
2013-11-12 10:30:00,27.78816,1015.368,2013,11,316,10
2013-11-12 11:00:00,28.53727,1050.346,2013,11,316,11
2013-11-12 11:29:59,29.50917,1073.179,2013,11,316,11
2013-11-12 12:00:00,30.21508,1079.889,2013,11,316,12
2013-11-12 12:30:00,30.60226,1071.847,2013,11,316,12
2013-11-12 12:59:59,31.03586,1046.971,2013,11,316,12
2013-11-12 13:30:00,31.49466,1005.303,2013,11,316,13
2013-11-12 14:00:00,31.81619,945.1077,2013,11,316,14
2013-11-12 14:29:59,32.01514,877.5944,2013,11,316,14
2013-11-12 15:00:00,32.43113,793.413,2013,11,316,15
2013-11-12 15:30:00,32.84896,698.5032,2013,11,316,15
2013-11-12 15:59:59,33.00819,598.9624,2013,11,316,15
2013-11-12 16:30:00,32.79899,394.731,2013,11,316,16
2013-11-12 17:00:00,32.76895,215.2339,2013,11,316,17
2013-11-12 17:29:59,32.71363,175.1918,2013,11,316,17
2013-11-12 18:00:00,32.15881,38.99249,2013,11,316,18
2013-11-12 18:30:00,31.6671,5.260183,2013,11,316,18
2013-11-12 18:59:59,30.99848,-4.623729,2013,11,316,18
2013-11-12 19:30:00,30.0266,-5.00798,2013,11,316,19
2013-11-12 20:00:00,29.34325,-5.041947,2013,11,316,20
2013-11-12 20:29:59,28.76162,-4.788522,2013,11,316,20
2013-11-12 21:00:00,28.10958,-4.520083,2013,11,316,21
2013-11-12 21:30:00,27.44739,-5.851763,2013,11,316,21
2013-11-12 21:59:59,26.8714,-5.878915,2013,11,316,21
2013-11-12 22:30:00,26.6995,-5.744195,2013,11,316,22
2013-11-12 23:00:00,26.32273,-5.734272,2013,11,316,23
2013-11-12 23:29:59,25.81242,-5.807077,2013,11,316,23
2013-11-13 00:00:00,25.37793,-5.741864,2013,11,317,0
2013-11-13 00:30:00,24.76625,-5.767242,2013,11,317,0
2013-11-13 00:59:59,23.94996,-5.692922,2013,11,317,0
2013-11-13 01:30:00,23.34563,-5.532854,2013,11,317,1
2013-11-13 02:00:00,22.79235,-5.573322,2013,11,317,2
2013-11-13 02:29:59,22.06354,-4.995407,2013,11,317,2
2013-11-13 03:00:00,21.43013,-5.21671,2013,11,317,3
2013-11-13 03:30:00,20.86382,-4.751393,2013,11,317,3
2013-11-13 03:59:59,20.62594,-3.000417,2013,11,317,3
2013-11-13 04:30:00,20.3044,-4.965562,2013,11,317,4
2013-11-13 05:00:00,20.02082,-2.482094,2013,11,317,5
2013-11-13 05:29:59,19.67984,22.18085,2013,11,317,5
2013-11-13 06:00:00,19.29229,67.28819,2013,11,317,6
2013-11-13 06:30:00,20.31081,81.09375,2013,11,317,6
2013-11-13 06:59:59,21.23256,158.036,2013,11,317,6
2013-11-13 07:30:00,22.26131,237.9958,2013,11,317,7
2013-11-13 08:00:00,23.35268,421.3994,2013,11,317,8
2013-11-13 08:29:59,24.626,428.0545,2013,11,317,8
2013-11-13 09:00:00,25.74807,475.5707,2013,11,317,9
2013-11-13 09:30:00,27.09035,752.2442,2013,11,317,9
2013-11-13 09:59:59,27.97235,961.3936,2013,11,317,9
2013-11-13 10:30:00,29.00903,1040.413,2013,11,317,10
2013-11-13 11:00:00,30.55686,1110.764,2013,11,317,11
2013-11-13 11:29:59,31.65648,1145.721,2013,11,317,11
2013-11-13 12:00:00,32.50771,1153.824,2013,11,317,12
2013-11-13 12:30:00,32.88406,716.0987,2013,11,317,12
2013-11-13 12:59:59,32.9238,362.6034,2013,11,317,12
2013-11-13 13:30:00,33.16582,404.215,2013,11,317,13
2013-11-13 14:00:00,32.60066,443.2908,2013,11,317,14
2013-11-13 14:29:59,31.98883,262.8426,2013,11,317,14
2013-11-13 15:00:00,32.29162,125.3407,2013,11,317,15
2013-11-13 15:30:00,32.5879,215.9054,2013,11,317,15
2013-11-13 15:59:59,32.91497,205.39,2013,11,317,15
2013-11-13 16:30:00,33.0026,246.2262,2013,11,317,16
2013-11-13 17:00:00,33.40022,401.4181,2013,11,317,17
2013-11-13 17:29:59,33.34108,271.8279,2013,11,317,17
2013-11-13 18:00:00,33.20879,120.3824,2013,11,317,18
2013-11-13 18:30:00,32.61161,8.799919,2013,11,317,18
2013-11-13 18:59:59,31.6427,-5.246656,2013,11,317,18
2013-11-13 19:30:00,30.86703,-5.984368,2013,11,317,19
2013-11-13 20:00:00,30.51272,-5.235297,2013,11,317,20
2013-11-13 20:29:59,30.04455,-5.328218,2013,11,317,20
2013-11-13 21:00:00,29.3252,-5.390289,2013,11,317,21
2013-11-13 21:30:00,28.31499,-3.745778,2013,11,317,21
2013-11-13 21:59:59,27.84296,-4.351286,2013,11,317,21
2013-11-13 22:30:00,27.50861,-4.877264,2013,11,317,22
2013-11-13 23:00:00,27.38943,-4.709449,2013,11,317,23
2013-11-13 23:29:59,27.46828,-4.815164,2013,11,317,23
2013-11-14 00:00:00,27.07282,-5.249019,2013,11,318,0
2013-11-14 00:30:00,25.94699,-5.104502,2013,11,318,0
2013-11-14 00:59:59,24.97939,-4.477385,2013,11,318,0
2013-11-14 01:30:00,25.17254,-4.449554,2013,11,318,1
2013-11-14 02:00:00,25.67019,-4.917686,2013,11,318,2
2013-11-14 02:29:59,24.94771,-4.049156,2013,11,318,2
2013-11-14 03:00:00,24.24198,-5.195267,2013,11,318,3
2013-11-14 03:30:00,21.33502,-5.094178,2013,11,318,3
2013-11-14 03:59:59,20.54958,-4.131978,2013,11,318,3
2013-11-14 04:30:00,20.1118,-3.824586,2013,11,318,4
2013-11-14 05:00:00,18.49521,-2.508631,2013,11,318,5
2013-11-14 05:29:59,17.64158,28.37659,2013,11,318,5
2013-11-14 06:00:00,17.62564,53.47551,2013,11,318,6
2013-11-14 06:30:00,18.2992,164.0798,2013,11,318,6
2013-11-14 06:59:59,19.28604,188.257,2013,11,318,6
2013-11-14 07:30:00,20.56662,458.8473,2013,11,318,7
2013-11-14 08:00:00,21.71601,572.3865,2013,11,318,8
2013-11-14 08:29:59,23.29898,685.9095,2013,11,318,8
2013-11-14 09:00:00,25.13563,782.7614,2013,11,318,9
2013-11-14 09:30:00,27.02562,862.567,2013,11,318,9
2013-11-14 09:59:59,28.44001,898.1391,2013,11,318,9
2013-11-14 10:30:00,30.05863,979.8601,2013,11,318,10
2013-11-14 11:00:00,31.00441,1022.051,2013,11,318,11
2013-11-14 11:29:59,31.92457,1048.775,2013,11,318,11
2013-11-14 12:00:00,32.78656,1051.311,2013,11,318,12
2013-11-14 12:30:00,33.01894,1046.137,2013,11,318,12
2013-11-14 12:59:59,33.48036,1025.414,2013,11,318,12
2013-11-14 13:30:00,34.04803,984.5279,2013,11,318,13
2013-11-14 14:00:00,34.72627,929.3182,2013,11,318,14
2013-11-14 14:29:59,35.02772,865.8146,2013,11,318,14
2013-11-14 15:00:00,34.90248,779.705,2013,11,318,15
2013-11-14 15:30:00,35.27112,688.8751,2013,11,318,15
2013-11-14 15:59:59,35.19458,586.8757,2013,11,318,15
2013-11-14 16:30:00,34.83796,474.2193,2013,11,318,16
2013-11-14 17:00:00,34.43573,354.4353,2013,11,318,17
2013-11-14 17:29:59,33.91908,230.6539,2013,11,318,17
2013-11-14 18:00:00,32.88303,106.9805,2013,11,318,18
2013-11-14 18:30:00,31.56609,18.01333,2013,11,318,18
2013-11-14 18:59:59,30.68634,-4.051109,2013,11,318,18
2013-11-14 19:30:00,29.99029,-5.714531,2013,11,318,19
2013-11-14 20:00:00,29.42042,-5.690144,2013,11,318,20
2013-11-14 20:29:59,28.90803,-5.225193,2013,11,318,20
2013-11-14 21:00:00,28.45144,-4.590601,2013,11,318,21
2013-11-14 21:30:00,28.12959,-4.003939,2013,11,318,21
2013-11-14 21:59:59,27.60497,-3.970807,2013,11,318,21
2013-11-14 22:30:00,27.22,-3.752157,2013,11,318,22
2013-11-14 23:00:00,26.1585,-3.833725,2013,11,318,23
2013-11-14 23:29:59,24.60787,-4.007343,2013,11,318,23
2013-11-15 00:00:00,23.29771,-3.914162,2013,11,319,0
2013-11-15 00:30:00,21.92055,-3.888477,2013,11,319,0
2013-11-15 00:59:59,21.0616,-3.742347,2013,11,319,0
2013-11-15 01:30:00,20.41023,-3.662023,2013,11,319,1
2013-11-15 02:00:00,19.92023,-4.088326,2013,11,319,2
2013-11-15 02:29:59,19.12553,-4.001243,2013,11,319,2
2013-11-15 03:00:00,18.04926,-4.02621,2013,11,319,3
2013-11-15 03:30:00,17.1744,-3.819379,2013,11,319,3
2013-11-15 03:59:59,16.47528,-3.889974,2013,11,319,3
2013-11-15 04:30:00,15.85587,-3.815289,2013,11,319,4
2013-11-15 05:00:00,15.29568,-1.503447,2013,11,319,5
2013-11-15 05:29:59,14.99505,28.86096,2013,11,319,5
2013-11-15 06:00:00,14.9963,58.18139,2013,11,319,6
2013-11-15 06:30:00,15.27904,146.7666,2013,11,319,6
2013-11-15 06:59:59,15.66696,188.9983,2013,11,319,6
2013-11-15 07:30:00,16.21588,471.2115,2013,11,319,7
2013-11-15 08:00:00,16.75655,589.7254,2013,11,319,8
2013-11-15 08:29:59,17.61545,698.2429,2013,11,319,8
2013-11-15 09:00:00,18.49405,796.0709,2013,11,319,9
2013-11-15 09:30:00,19.60728,882.4207,2013,11,319,9
2013-11-15 09:59:59,20.75869,951.8177,2013,11,319,9
2013-11-15 10:30:00,21.3843,1009.494,2013,11,319,10
2013-11-15 11:00:00,22.54383,1050.408,2013,11,319,11
2013-11-15 11:29:59,23.49703,1074.146,2013,11,319,11
2013-11-15 12:00:00,24.32887,1082.289,2013,11,319,12
2013-11-15 12:30:00,25.3011,1072.802,2013,11,319,12
2013-11-15 12:59:59,26.24771,1046.518,2013,11,319,12
2013-11-15 13:30:00,27.16356,1004.485,2013,11,319,13
2013-11-15 14:00:00,27.52226,947.2216,2013,11,319,14
2013-11-15 14:29:59,27.81128,875.6668,2013,11,319,14
2013-11-15 15:00:00,28.40058,793.2195,2013,11,319,15
2013-11-15 15:30:00,28.73289,699.6768,2013,11,319,15
2013-11-15 15:59:59,29.15926,595.6241,2013,11,319,15
2013-11-15 16:30:00,29.29333,480.9339,2013,11,319,16
2013-11-15 17:00:00,29.2836,362.0936,2013,11,319,17
2013-11-15 17:29:59,29.04486,243.6487,2013,11,319,17
2013-11-15 18:00:00,28.87033,129.114,2013,11,319,18
2013-11-15 18:30:00,28.37727,33.5565,2013,11,319,18
2013-11-15 18:59:59,27.65648,-3.87425,2013,11,319,18
2013-11-15 19:30:00,27.13151,-5.779158,2013,11,319,19
2013-11-15 20:00:00,26.63114,-5.59463,2013,11,319,20
2013-11-15 20:29:59,26.18038,-5.518509,2013,11,319,20
2013-11-15 21:00:00,25.76606,-5.515709,2013,11,319,21
2013-11-15 21:30:00,25.29846,-5.472342,2013,11,319,21
2013-11-15 21:59:59,24.68621,-5.41061,2013,11,319,21
2013-11-15 22:30:00,23.84248,-5.463913,2013,11,319,22
2013-11-15 23:00:00,23.15671,-4.968607,2013,11,319,23
2013-11-15 23:29:59,22.48261,-4.882847,2013,11,319,23
2013-11-16 00:00:00,22.24073,-4.386106,2013,11,320,0
2013-11-16 00:30:00,21.75363,-4.642129,2013,11,320,0
2013-11-16 00:59:59,21.53856,-4.444818,2013,11,320,0
2013-11-16 01:30:00,20.94311,-4.383646,2013,11,320,1
2013-11-16 02:00:00,20.3948,-4.46222,2013,11,320,2
2013-11-16 02:29:59,19.64638,-4.319788,2013,11,320,2
2013-11-16 03:00:00,19.00238,-4.117814,2013,11,320,3
2013-11-16 03:30:00,18.28971,-4.117246,2013,11,320,3
2013-11-16 03:59:59,17.49625,-3.890341,2013,11,320,3
2013-11-16 04:30:00,16.9676,-3.784889,2013,11,320,4
2013-11-16 05:00:00,16.41095,-1.182727,2013,11,320,5
2013-11-16 05:29:59,16.03029,28.95161,2013,11,320,5
2013-11-16 06:00:00,15.95016,60.68986,2013,11,320,6
2013-11-16 06:30:00,16.22279,130.1492,2013,11,320,6
2013-11-16 06:59:59,16.56283,184.5558,2013,11,320,6
2013-11-16 07:30:00,16.98661,465.5472,2013,11,320,7
2013-11-16 08:00:00,17.70324,582.7334,2013,11,320,8
2013-11-16 08:29:59,18.42455,689.7841,2013,11,320,8
2013-11-16 09:00:00,19.4293,787.0594,2013,11,320,9
2013-11-16 09:30:00,20.66778,873.0288,2013,11,320,9
2013-11-16 09:59:59,21.59012,942.9857,2013,11,320,9
2013-11-16 10:30:00,22.51687,997.6954,2013,11,320,10
2013-11-16 11:00:00,23.55567,1037.17,2013,11,320,11
2013-11-16 11:29:59,24.54445,1060.771,2013,11,320,11
2013-11-16 12:00:00,25.62381,1068.023,2013,11,320,12
2013-11-16 12:30:00,26.66715,1059.066,2013,11,320,12
2013-11-16 12:59:59,27.46602,1037.664,2013,11,320,12
2013-11-16 13:30:00,28.34848,995.4138,2013,11,320,13
2013-11-16 14:00:00,29.13862,942.9449,2013,11,320,14
2013-11-16 14:29:59,29.50115,864.1214,2013,11,320,14
2013-11-16 15:00:00,30.16577,779.0513,2013,11,320,15
2013-11-16 15:30:00,30.51657,685.0245,2013,11,320,15
2013-11-16 15:59:59,30.83369,579.3058,2013,11,320,15
2013-11-16 16:30:00,31.09977,471.2899,2013,11,320,16
2013-11-16 17:00:00,31.10367,358.7542,2013,11,320,17
2013-11-16 17:29:59,31.19742,241.4206,2013,11,320,17
2013-11-16 18:00:00,31.06675,127.0879,2013,11,320,18
2013-11-16 18:30:00,30.4943,17.34252,2013,11,320,18
2013-11-16 18:59:59,29.85696,-5.144609,2013,11,320,18
2013-11-16 19:30:00,29.07524,-5.765827,2013,11,320,19
2013-11-16 20:00:00,28.13972,-5.715436,2013,11,320,20
2013-11-16 20:29:59,27.52536,-5.747485,2013,11,320,20
2013-11-16 21:00:00,26.75631,-5.749573,2013,11,320,21
2013-11-16 21:30:00,25.83636,-5.860621,2013,11,320,21
2013-11-16 21:59:59,25.05684,-5.55922,2013,11,320,21
2013-11-16 22:30:00,24.61158,-5.566303,2013,11,320,22
2013-11-16 23:00:00,24.25048,-5.166042,2013,11,320,23
2013-11-16 23:29:59,23.74995,-5.039875,2013,11,320,23
2013-11-17 00:00:00,23.3958,-5.01085,2013,11,321,0
2013-11-17 00:30:00,22.80837,-4.657956,2013,11,321,0
2013-11-17 00:59:59,22.18149,-3.278751,2013,11,321,0
2013-11-17 01:30:00,22.02416,-2.604608,2013,11,321,1
2013-11-17 02:00:00,21.90167,-2.650771,2013,11,321,2
2013-11-17 02:29:59,21.65265,-2.548822,2013,11,321,2
2013-11-17 03:00:00,21.486,-2.848772,2013,11,321,3
2013-11-17 03:30:00,21.33529,-4.261842,2013,11,321,3
2013-11-17 03:59:59,20.79072,-4.554902,2013,11,321,3
2013-11-17 04:30:00,20.13795,-4.174861,2013,11,321,4
2013-11-17 05:00:00,19.65441,0.2553433,2013,11,321,5
2013-11-17 05:29:59,19.34917,24.6394,2013,11,321,5
2013-11-17 06:00:00,19.32554,75.09655,2013,11,321,6
2013-11-17 06:30:00,19.4217,150.2679,2013,11,321,6
2013-11-17 06:59:59,21.10002,223.2383,2013,11,321,6
2013-11-17 07:30:00,22.41532,241.7896,2013,11,321,7
2013-11-17 08:00:00,23.55359,419.8148,2013,11,321,8
2013-11-17 08:29:59,24.30831,489.3045,2013,11,321,8
2013-11-17 09:00:00,24.58806,596.0593,2013,11,321,9
2013-11-17 09:30:00,25.16518,786.9657,2013,11,321,9
2013-11-17 09:59:59,26.16884,447.8053,2013,11,321,9
2013-11-17 10:30:00,27.55548,539.549,2013,11,321,10
2013-11-17 11:00:00,28.89614,651.4576,2013,11,321,11
2013-11-17 11:29:59,29.94484,1081.461,2013,11,321,11
2013-11-17 12:00:00,30.82616,677.0111,2013,11,321,12
2013-11-17 12:30:00,31.49821,908.4076,2013,11,321,12
2013-11-17 12:59:59,32.09528,907.9214,2013,11,321,12
2013-11-17 13:30:00,32.71995,893.7385,2013,11,321,13
2013-11-17 14:00:00,32.47979,248.9594,2013,11,321,14
2013-11-17 14:29:59,32.03912,217.704,2013,11,321,14
2013-11-17 15:00:00,32.09416,258.0545,2013,11,321,15
2013-11-17 15:30:00,31.70797,128.7382,2013,11,321,15
2013-11-17 15:59:59,27.5824,82.45027,2013,11,321,15
2013-11-17 16:30:00,27.1211,80.29375,2013,11,321,16
2013-11-17 17:00:00,26.94024,63.65154,2013,11,321,17
2013-11-17 17:29:59,25.58029,45.81579,2013,11,321,17
2013-11-17 18:00:00,25.64165,19.19468,2013,11,321,18
2013-11-17 18:30:00,25.67334,3.003963,2013,11,321,18
2013-11-17 18:59:59,25.40207,-2.212252,2013,11,321,18
2013-11-17 19:30:00,25.0022,-2.737001,2013,11,321,19
2013-11-17 20:00:00,24.6131,-2.350618,2013,11,321,20
2013-11-17 20:29:59,24.99479,-2.070609,2013,11,321,20
2013-11-17 21:00:00,25.221,-2.637111,2013,11,321,21
2013-11-17 21:30:00,25.00061,-3.610991,2013,11,321,21
2013-11-17 21:59:59,24.74757,-4.46755,2013,11,321,21
2013-11-17 22:30:00,24.22122,-4.197065,2013,11,321,22
2013-11-17 23:00:00,23.5558,-3.612121,2013,11,321,23
2013-11-17 23:29:59,23.42427,-2.92536,2013,11,321,23
2013-11-18 00:00:00,23.41753,-2.997572,2013,11,322,0
2013-11-18 00:30:00,23.30432,-2.964392,2013,11,322,0
2013-11-18 00:59:59,23.33218,-2.739111,2013,11,322,0
2013-11-18 01:30:00,23.54014,-2.224518,2013,11,322,1
2013-11-18 02:00:00,22.93087,-3.023706,2013,11,322,2
2013-11-18 02:29:59,22.62039,-3.154873,2013,11,322,2
2013-11-18 03:00:00,22.70829,-3.142281,2013,11,322,3
2013-11-18 03:30:00,22.60596,-3.687157,2013,11,322,3
2013-11-18 03:59:59,22.26694,-3.582555,2013,11,322,3
2013-11-18 04:30:00,21.98973,-3.150498,2013,11,322,4
2013-11-18 05:00:00,21.7023,-1.144301,2013,11,322,5
2013-11-18 05:29:59,21.6254,25.4874,2013,11,322,5
2013-11-18 06:00:00,21.60482,69.42828,2013,11,322,6
2013-11-18 06:30:00,21.84968,135.1767,2013,11,322,6
2013-11-18 06:59:59,21.31465,190.7507,2013,11,322,6
2013-11-18 07:30:00,21.48091,439.0237,2013,11,322,7
2013-11-18 08:00:00,21.80443,579.571,2013,11,322,8
2013-11-18 08:29:59,22.81099,684.7724,2013,11,322,8
2013-11-18 09:00:00,23.34917,780.2325,2013,11,322,9
2013-11-18 09:30:00,24.00724,864.7198,2013,11,322,9
2013-11-18 09:59:59,24.76422,937.4919,2013,11,322,9
2013-11-18 10:30:00,25.26644,992.6024,2013,11,322,10
2013-11-18 11:00:00,25.92946,1029.238,2013,11,322,11
2013-11-18 11:29:59,26.51488,1054.396,2013,11,322,11
2013-11-18 12:00:00,27.3158,1059.534,2013,11,322,12
2013-11-18 12:30:00,27.70411,1080.622,2013,11,322,12
2013-11-18 12:59:59,28.51247,1081.053,2013,11,322,12
2013-11-18 13:30:00,28.93254,1049.828,2013,11,322,13
2013-11-18 14:00:00,28.94548,500.6738,2013,11,322,14
2013-11-18 14:29:59,28.55765,279.1393,2013,11,322,14
2013-11-18 15:00:00,28.44254,365.5455,2013,11,322,15
2013-11-18 15:30:00,28.41295,281.3502,2013,11,322,15
2013-11-18 15:59:59,27.83131,153.9521,2013,11,322,15
2013-11-18 16:30:00,26.86661,234.5669,2013,11,322,16
2013-11-18 17:00:00,25.88641,147.625,2013,11,322,17
2013-11-18 17:29:59,24.60093,108.0064,2013,11,322,17
2013-11-18 18:00:00,23.8475,109.814,2013,11,322,18
2013-11-18 18:30:00,22.72042,10.24192,2013,11,322,18
2013-11-18 18:59:59,21.79523,-0.8745516,2013,11,322,18
2013-11-18 19:30:00,20.74283,-1.798134,2013,11,322,19
2013-11-18 20:00:00,19.63466,-2.117925,2013,11,322,20
2013-11-18 20:29:59,18.82856,-2.143906,2013,11,322,20
2013-11-18 21:00:00,17.97787,-1.940925,2013,11,322,21
2013-11-18 21:30:00,17.20743,-2.320005,2013,11,322,21
2013-11-18 21:59:59,16.734,-2.167269,2013,11,322,21
2013-11-18 22:30:00,16.18811,-2.532948,2013,11,322,22
2013-11-18 23:00:00,15.57211,-2.405544,2013,11,322,23
2013-11-18 23:29:59,14.59112,-2.744012,2013,11,322,23
2013-11-19 00:00:00,14.02285,-1.273078,2013,11,323,0
2013-11-19 00:30:00,13.85504,-0.8829256,2013,11,323,0
2013-11-19 00:59:59,13.64998,-1.05299,2013,11,323,0
2013-11-19 01:30:00,12.98535,-0.9237633,2013,11,323,1
2013-11-19 02:00:00,11.8031,-1.911527,2013,11,323,2
2013-11-19 02:29:59,10.41606,0.0463952,2013,11,323,2
2013-11-19 03:00:00,10.0357,0.4096358,2013,11,323,3
2013-11-19 03:30:00,9.902519,0.06145309,2013,11,323,3
2013-11-19 03:59:59,9.875312,0.3439976,2013,11,323,3
2013-11-19 04:30:00,9.805918,-0.7102516,2013,11,323,4
2013-11-19 05:00:00,9.843999,0.3989886,2013,11,323,5
2013-11-19 05:29:59,10.01124,3.687888,2013,11,323,5
2013-11-19 06:00:00,10.04206,6.348563,2013,11,323,6
2013-11-19 06:30:00,9.837255,16.5126,2013,11,323,6
2013-11-19 06:59:59,10.0565,30.14251,2013,11,323,6
2013-11-19 07:30:00,10.29823,30.83612,2013,11,323,7
2013-11-19 08:00:00,10.46848,80.24493,2013,11,323,8
2013-11-19 08:29:59,10.45909,115.0127,2013,11,323,8
2013-11-19 09:00:00,10.70586,113.3185,2013,11,323,9
2013-11-19 09:30:00,11.11965,154.9359,2013,11,323,9
2013-11-19 09:59:59,11.49167,195.7668,2013,11,323,9
2013-11-19 10:30:00,11.76165,214.5994,2013,11,323,10
2013-11-19 11:00:00,12.25709,194.5394,2013,11,323,11
2013-11-19 11:29:59,11.97709,200.012,2013,11,323,11
2013-11-19 12:00:00,12.25346,292.9822,2013,11,323,12
2013-11-19 12:30:00,12.28862,238.9884,2013,11,323,12
2013-11-19 12:59:59,12.33474,107.2071,2013,11,323,12
2013-11-19 13:30:00,11.95058,118.9709,2013,11,323,13
2013-11-19 14:00:00,11.7223,251.1668,2013,11,323,14
2013-11-19 14:29:59,12.07539,354.3846,2013,11,323,14
2013-11-19 15:00:00,12.43884,225.6385,2013,11,323,15
2013-11-19 15:30:00,12.61795,116.0301,2013,11,323,15
2013-11-19 15:59:59,12.48221,76.90871,2013,11,323,15
2013-11-19 16:30:00,12.4213,81.40115,2013,11,323,16
2013-11-19 17:00:00,12.42439,43.51598,2013,11,323,17
2013-11-19 17:29:59,12.26404,32.10277,2013,11,323,17
2013-11-19 18:00:00,12.25883,16.90025,2013,11,323,18
2013-11-19 18:30:00,12.18606,2.884036,2013,11,323,18
2013-11-19 18:59:59,11.98784,-0.2608475,2013,11,323,18
2013-11-19 19:30:00,11.80525,-0.9927194,2013,11,323,19
2013-11-19 20:00:00,11.7296,-1.364181,2013,11,323,20
2013-11-19 20:29:59,11.67528,-1.778353,2013,11,323,20
2013-11-19 21:00:00,11.63062,-1.214228,2013,11,323,21
2013-11-19 21:30:00,11.50803,-2.53739,2013,11,323,21
2013-11-19 21:59:59,11.33023,-2.94636,2013,11,323,21
2013-11-19 22:30:00,11.21718,-2.42206,2013,11,323,22
2013-11-19 23:00:00,11.07287,-0.6798952,2013,11,323,23
2013-11-19 23:29:59,11.09754,-0.4416578,2013,11,323,23
2013-11-20 00:00:00,11.14413,-0.3804537,2013,11,324,0
2013-11-20 00:30:00,11.32269,-0.3433442,2013,11,324,0
2013-11-20 00:59:59,11.46989,-0.3943689,2013,11,324,0
2013-11-20 01:30:00,11.39244,-0.9680449,2013,11,324,1
2013-11-20 02:00:00,11.16943,-1.594083,2013,11,324,2
2013-11-20 02:29:59,10.89333,-2.069742,2013,11,324,2
2013-11-20 03:00:00,10.54291,-1.833653,2013,11,324,3
2013-11-20 03:30:00,10.47268,-1.1598,2013,11,324,3
2013-11-20 03:59:59,10.63895,-0.4747966,2013,11,324,3
2013-11-20 04:30:00,10.62901,-1.319584,2013,11,324,4
2013-11-20 05:00:00,10.2453,-0.7736576,2013,11,324,5
2013-11-20 05:29:59,9.939565,8.397842,2013,11,324,5
2013-11-20 06:00:00,10.38625,21.15823,2013,11,324,6
2013-11-20 06:30:00,10.74208,54.21005,2013,11,324,6
2013-11-20 06:59:59,11.02403,108.3543,2013,11,324,6
2013-11-20 07:30:00,11.38827,177.8998,2013,11,324,7
2013-11-20 08:00:00,11.89392,239.0939,2013,11,324,8
2013-11-20 08:29:59,12.36361,359.4045,2013,11,324,8
2013-11-20 09:00:00,12.93647,322.559,2013,11,324,9
2013-11-20 09:30:00,13.8061,588.6307,2013,11,324,9
2013-11-20 09:59:59,14.64808,715.6714,2013,11,324,9
2013-11-20 10:30:00,15.76375,865.2178,2013,11,324,10
2013-11-20 11:00:00,16.06815,929.3277,2013,11,324,11
2013-11-20 11:29:59,16.59665,745.7169,2013,11,324,11
2013-11-20 12:00:00,17.33721,1007.53,2013,11,324,12
2013-11-20 12:30:00,17.64854,871.9791,2013,11,324,12
2013-11-20 12:59:59,17.85985,1006.651,2013,11,324,12
2013-11-20 13:30:00,18.31095,659.0738,2013,11,324,13
2013-11-20 14:00:00,18.70336,756.6678,2013,11,324,14
2013-11-20 14:29:59,19.12952,792.4353,2013,11,324,14
2013-11-20 15:00:00,19.81418,866.683,2013,11,324,15
2013-11-20 15:30:00,19.7472,325.9356,2013,11,324,15
2013-11-20 15:59:59,19.63061,237.8301,2013,11,324,15
2013-11-20 16:30:00,19.70044,230.4799,2013,11,324,16
2013-11-20 17:00:00,19.73879,317.456,2013,11,324,17
2013-11-20 17:29:59,19.0262,185.4495,2013,11,324,17
2013-11-20 18:00:00,18.34063,39.05637,2013,11,324,18
2013-11-20 18:30:00,18.02144,5.81226,2013,11,324,18
2013-11-20 18:59:59,17.79058,-1.092334,2013,11,324,18
2013-11-20 19:30:00,17.67421,-1.883265,2013,11,324,19
2013-11-20 20:00:00,17.63727,-1.715658,2013,11,324,20
2013-11-20 20:29:59,17.64367,-1.580427,2013,11,324,20
2013-11-20 21:00:00,17.42823,-2.145078,2013,11,324,21
2013-11-20 21:30:00,17.16016,-3.003161,2013,11,324,21
2013-11-20 21:59:59,16.88184,-3.490032,2013,11,324,21
2013-11-20 22:30:00,16.44354,-3.693329,2013,11,324,22
2013-11-20 23:00:00,16.10675,-3.644382,2013,11,324,23
2013-11-20 23:29:59,15.78628,-3.319237,2013,11,324,23
2013-11-21 00:00:00,15.49668,-3.390772,2013,11,325,0
2013-11-21 00:30:00,15.32349,-3.401961,2013,11,325,0
2013-11-21 00:59:59,15.07125,-3.426336,2013,11,325,0
2013-11-21 01:30:00,14.8202,-3.38113,2013,11,325,1
2013-11-21 02:00:00,14.478,-3.414755,2013,11,325,2
2013-11-21 02:29:59,14.13574,-3.386403,2013,11,325,2
2013-11-21 03:00:00,13.72888,-3.332805,2013,11,325,3
2013-11-21 03:30:00,13.30702,-3.255342,2013,11,325,3
2013-11-21 03:59:59,12.87736,-3.169333,2013,11,325,3
2013-11-21 04:30:00,12.42565,-3.211841,2013,11,325,4
2013-11-21 05:00:00,12.0571,0.1572905,2013,11,325,5
2013-11-21 05:29:59,11.88285,34.34476,2013,11,325,5
2013-11-21 06:00:00,11.98336,91.34325,2013,11,325,6
2013-11-21 06:30:00,12.36254,126.0181,2013,11,325,6
2013-11-21 06:59:59,12.93061,258.3216,2013,11,325,6
2013-11-21 07:30:00,13.64142,387.6846,2013,11,325,7
2013-11-21 08:00:00,14.61703,597.8654,2013,11,325,8
2013-11-21 08:29:59,15.31694,705.3366,2013,11,325,8
2013-11-21 09:00:00,16.02835,801.9296,2013,11,325,9
2013-11-21 09:30:00,17.03812,885.4545,2013,11,325,9
2013-11-21 09:59:59,18.02857,954.4026,2013,11,325,9
2013-11-21 10:30:00,18.62237,1010.893,2013,11,325,10
2013-11-21 11:00:00,19.5734,1050.202,2013,11,325,11
2013-11-21 11:29:59,20.50907,1072.67,2013,11,325,11
2013-11-21 12:00:00,20.86306,1082.377,2013,11,325,12
2013-11-21 12:30:00,21.80634,1074.083,2013,11,325,12
2013-11-21 12:59:59,22.67255,1048.374,2013,11,325,12
2013-11-21 13:30:00,23.2987,1008.967,2013,11,325,13
2013-11-21 14:00:00,23.86854,952.9422,2013,11,325,14
2013-11-21 14:29:59,24.49049,885.3969,2013,11,325,14
2013-11-21 15:00:00,24.72771,804.8162,2013,11,325,15
2013-11-21 15:30:00,25.29557,712.4255,2013,11,325,15
2013-11-21 15:59:59,25.7721,644.6543,2013,11,325,15
2013-11-21 16:30:00,25.66685,367.5003,2013,11,325,16
2013-11-21 17:00:00,25.85026,331.0129,2013,11,325,17
2013-11-21 17:29:59,25.94929,261.7331,2013,11,325,17
2013-11-21 18:00:00,25.84702,154.701,2013,11,325,18
2013-11-21 18:30:00,25.43581,23.70863,2013,11,325,18
2013-11-21 18:59:59,25.00851,-0.9631804,2013,11,325,18
2013-11-21 19:30:00,24.74958,-3.574898,2013,11,325,19
2013-11-21 20:00:00,24.28822,-4.185889,2013,11,325,20
2013-11-21 20:29:59,23.75992,-4.218191,2013,11,325,20
2013-11-21 21:00:00,23.30856,-4.095214,2013,11,325,21
2013-11-21 21:30:00,22.79232,-4.165518,2013,11,325,21
2013-11-21 21:59:59,22.32856,-3.979684,2013,11,325,21
2013-11-21 22:30:00,21.9099,-4.00856,2013,11,325,22
2013-11-21 23:00:00,21.45527,-3.776279,2013,11,325,23
2013-11-21 23:29:59,20.99307,-3.71152,2013,11,325,23
2013-11-22 00:00:00,20.57001,-3.575366,2013,11,326,0
2013-11-22 00:30:00,20.22676,-3.409201,2013,11,326,0
2013-11-22 00:59:59,19.90111,-2.171656,2013,11,326,0
2013-11-22 01:30:00,19.76843,-2.188877,2013,11,326,1
2013-11-22 02:00:00,19.75088,-2.126989,2013,11,326,2
2013-11-22 02:29:59,19.68341,-1.69742,2013,11,326,2
2013-11-22 03:00:00,19.42935,-1.849986,2013,11,326,3
2013-11-22 03:30:00,19.06692,-1.853824,2013,11,326,3
2013-11-22 03:59:59,18.59313,-2.445091,2013,11,326,3
2013-11-22 04:30:00,18.09364,-1.712002,2013,11,326,4
2013-11-22 05:00:00,17.24388,-0.5367918,2013,11,326,5
2013-11-22 05:29:59,16.61326,14.5772,2013,11,326,5
2013-11-22 06:00:00,16.2344,70.13316,2013,11,326,6
2013-11-22 06:30:00,16.03189,88.68011,2013,11,326,6
2013-11-22 06:59:59,16.25768,215.8495,2013,11,326,6
2013-11-22 07:30:00,16.40319,274.2422,2013,11,326,7
2013-11-22 08:00:00,17.03537,434.7153,2013,11,326,8
2013-11-22 08:29:59,17.65903,451.9804,2013,11,326,8
2013-11-22 09:00:00,18.33925,397.3866,2013,11,326,9
2013-11-22 09:30:00,19.28432,661.0348,2013,11,326,9
2013-11-22 09:59:59,20.20927,888.8297,2013,11,326,9
2013-11-22 10:30:00,21.39579,1020.549,2013,11,326,10
2013-11-22 11:00:00,22.2527,1043.123,2013,11,326,11
2013-11-22 11:29:59,23.58364,1073.568,2013,11,326,11
2013-11-22 12:00:00,24.5177,1079.957,2013,11,326,12
2013-11-22 12:30:00,25.08471,1060.793,2013,11,326,12
2013-11-22 12:59:59,25.84051,1041.274,2013,11,326,12
2013-11-22 13:30:00,26.1938,1004.124,2013,11,326,13
2013-11-22 14:00:00,26.72543,953.0416,2013,11,326,14
2013-11-22 14:29:59,27.1054,885.7365,2013,11,326,14
2013-11-22 15:00:00,27.62418,805.8583,2013,11,326,15
2013-11-22 15:30:00,27.99314,710.7474,2013,11,326,15
2013-11-22 15:59:59,28.33141,610.5351,2013,11,326,15
2013-11-22 16:30:00,28.37103,485.5387,2013,11,326,16
2013-11-22 17:00:00,28.39294,378.3133,2013,11,326,17
2013-11-22 17:29:59,28.36023,253.1646,2013,11,326,17
2013-11-22 18:00:00,27.77036,130.686,2013,11,326,18
2013-11-22 18:30:00,26.98228,25.96431,2013,11,326,18
2013-11-22 18:59:59,26.27171,-0.9954515,2013,11,326,18
2013-11-22 19:30:00,25.70671,-4.171873,2013,11,326,19
2013-11-22 20:00:00,25.03449,-3.681898,2013,11,326,20
2013-11-22 20:29:59,24.43362,-3.285582,2013,11,326,20
2013-11-22 21:00:00,23.86038,-2.994768,2013,11,326,21
2013-11-22 21:30:00,23.46984,-2.997185,2013,11,326,21
2013-11-22 21:59:59,22.89322,-3.227763,2013,11,326,21
2013-11-22 22:30:00,22.47683,-3.148824,2013,11,326,22
2013-11-22 23:00:00,22.12903,-2.883788,2013,11,326,23
2013-11-22 23:29:59,21.9547,-2.377523,2013,11,326,23
2013-11-23 00:00:00,21.75407,-2.779552,2013,11,327,0
2013-11-23 00:30:00,21.53251,-3.279858,2013,11,327,0
2013-11-23 00:59:59,21.27164,-3.721086,2013,11,327,0
2013-11-23 01:30:00,20.91089,-3.678981,2013,11,327,1
2013-11-23 02:00:00,20.59058,-3.669808,2013,11,327,2
2013-11-23 02:29:59,20.35472,-3.6208,2013,11,327,2
2013-11-23 03:00:00,19.97868,-3.502445,2013,11,327,3
2013-11-23 03:30:00,19.76295,-3.320057,2013,11,327,3
2013-11-23 03:59:59,19.4089,-3.629195,2013,11,327,3
2013-11-23 04:30:00,18.67209,-3.595825,2013,11,327,4
2013-11-23 05:00:00,18.01101,-0.8664944,2013,11,327,5
2013-11-23 05:29:59,17.54915,34.10645,2013,11,327,5
2013-11-23 06:00:00,17.52416,105.3835,2013,11,327,6
2013-11-23 06:30:00,17.67431,121.4347,2013,11,327,6
2013-11-23 06:59:59,18.08309,303.1332,2013,11,327,6
2013-11-23 07:30:00,18.68253,326.2958,2013,11,327,7
2013-11-23 08:00:00,19.53194,597.0266,2013,11,327,8
2013-11-23 08:29:59,20.02048,704.4944,2013,11,327,8
2013-11-23 09:00:00,21.03123,797.2697,2013,11,327,9
2013-11-23 09:30:00,22.03545,882.4426,2013,11,327,9
2013-11-23 09:59:59,23.05443,953.7885,2013,11,327,9
2013-11-23 10:30:00,23.80795,1009.199,2013,11,327,10
2013-11-23 11:00:00,24.67635,1048.988,2013,11,327,11
2013-11-23 11:29:59,25.73242,1072.334,2013,11,327,11
2013-11-23 12:00:00,26.89656,1079.157,2013,11,327,12
2013-11-23 12:30:00,27.43876,1069.025,2013,11,327,12
2013-11-23 12:59:59,28.39937,1046.988,2013,11,327,12
2013-11-23 13:30:00,28.86604,1008.629,2013,11,327,13
2013-11-23 14:00:00,29.43696,958.7542,2013,11,327,14
2013-11-23 14:29:59,30.04154,889.3491,2013,11,327,14
2013-11-23 15:00:00,30.71717,808.5654,2013,11,327,15
2013-11-23 15:30:00,31.07334,718.542,2013,11,327,15
2013-11-23 15:59:59,31.70085,614.5167,2013,11,327,15
2013-11-23 16:30:00,31.9119,484.8593,2013,11,327,16
2013-11-23 17:00:00,32.05391,386.1898,2013,11,327,17
2013-11-23 17:29:59,31.96081,263.2771,2013,11,327,17
2013-11-23 18:00:00,31.99352,144.0311,2013,11,327,18
2013-11-23 18:30:00,31.33652,25.44084,2013,11,327,18
2013-11-23 18:59:59,30.84551,-2.305947,2013,11,327,18
2013-11-23 19:30:00,30.13838,-5.220536,2013,11,327,19
2013-11-23 20:00:00,29.46071,-4.853416,2013,11,327,20
2013-11-23 20:29:59,29.05027,-4.774859,2013,11,327,20
2013-11-23 21:00:00,28.43187,-4.806779,2013,11,327,21
2013-11-23 21:30:00,27.85998,-4.394208,2013,11,327,21
2013-11-23 21:59:59,27.41987,-4.414573,2013,11,327,21
2013-11-23 22:30:00,26.918,-4.143472,2013,11,327,22
2013-11-23 23:00:00,26.18967,-4.19699,2013,11,327,23
2013-11-23 23:29:59,25.5423,-3.962782,2013,11,327,23
2013-11-24 00:00:00,25.16329,-3.259408,2013,11,328,0
2013-11-24 00:30:00,24.82103,-3.745662,2013,11,328,0
2013-11-24 00:59:59,24.38293,-3.933509,2013,11,328,0
2013-11-24 01:30:00,23.90528,-4.31432,2013,11,328,1
2013-11-24 02:00:00,23.7963,-2.915883,2013,11,328,2
2013-11-24 02:29:59,23.59067,-3.106635,2013,11,328,2
2013-11-24 03:00:00,23.4899,-3.551771,2013,11,328,3
2013-11-24 03:30:00,23.26486,-3.326602,2013,11,328,3
2013-11-24 03:59:59,22.443,-3.9413,2013,11,328,3
2013-11-24 04:30:00,21.66982,-3.492528,2013,11,328,4
2013-11-24 05:00:00,22.1185,-0.1136113,2013,11,328,5
2013-11-24 05:29:59,22.20383,20.29186,2013,11,328,5
2013-11-24 06:00:00,20.96682,92.43823,2013,11,328,6
2013-11-24 06:30:00,20.96873,122.0387,2013,11,328,6
2013-11-24 06:59:59,21.786,275.045,2013,11,328,6
2013-11-24 07:30:00,22.70613,302.1379,2013,11,328,7
2013-11-24 08:00:00,23.58005,594.9118,2013,11,328,8
2013-11-24 08:29:59,24.58791,701.874,2013,11,328,8
2013-11-24 09:00:00,25.45642,784.6863,2013,11,328,9
2013-11-24 09:30:00,25.99318,881.5032,2013,11,328,9
2013-11-24 09:59:59,26.91091,954.0845,2013,11,328,9
2013-11-24 10:30:00,27.44168,1010.147,2013,11,328,10
2013-11-24 11:00:00,28.2201,1049.282,2013,11,328,11
2013-11-24 11:29:59,28.92055,1076.057,2013,11,328,11
2013-11-24 12:00:00,29.37126,1083.921,2013,11,328,12
2013-11-24 12:30:00,29.91806,1071.417,2013,11,328,12
2013-11-24 12:59:59,30.31665,1052.418,2013,11,328,12
2013-11-24 13:30:00,31.08768,1012.142,2013,11,328,13
2013-11-24 14:00:00,31.1114,985.8397,2013,11,328,14
2013-11-24 14:29:59,31.48665,848.6334,2013,11,328,14
2013-11-24 15:00:00,31.60241,813.6074,2013,11,328,15
2013-11-24 15:30:00,31.84733,723.6387,2013,11,328,15
2013-11-24 15:59:59,31.99175,626.9402,2013,11,328,15
2013-11-24 16:30:00,32.0369,514.6215,2013,11,328,16
2013-11-24 17:00:00,31.71054,396.0392,2013,11,328,17
2013-11-24 17:29:59,31.38076,278.6433,2013,11,328,17
2013-11-24 18:00:00,31.08961,161.8723,2013,11,328,18
2013-11-24 18:30:00,30.41045,61.97001,2013,11,328,18
2013-11-24 18:59:59,29.20917,1.097983,2013,11,328,18
2013-11-24 19:30:00,28.28832,-5.891603,2013,11,328,19
2013-11-24 20:00:00,27.43798,-5.702566,2013,11,328,20
2013-11-24 20:29:59,26.64158,-5.850584,2013,11,328,20
2013-11-24 21:00:00,25.96701,-5.753182,2013,11,328,21
2013-11-24 21:30:00,25.39386,-5.53818,2013,11,328,21
2013-11-24 21:59:59,24.95141,-5.334717,2013,11,328,21
2013-11-24 22:30:00,24.41438,-5.2209,2013,11,328,22
2013-11-24 23:00:00,24.07262,-4.842832,2013,11,328,23
2013-11-24 23:29:59,23.77727,-4.916972,2013,11,328,23
2013-11-25 00:00:00,23.36216,-4.655543,2013,11,329,0
2013-11-25 00:30:00,22.92893,-4.534909,2013,11,329,0
2013-11-25 00:59:59,22.21331,-4.361542,2013,11,329,0
2013-11-25 01:30:00,21.53639,-4.418376,2013,11,329,1
2013-11-25 02:00:00,20.67471,-4.404219,2013,11,329,2
2013-11-25 02:29:59,19.75211,-3.96917,2013,11,329,2
2013-11-25 03:00:00,18.86295,-4.141716,2013,11,329,3
2013-11-25 03:30:00,18.15418,-4.114693,2013,11,329,3
2013-11-25 03:59:59,17.35175,-4.036798,2013,11,329,3
2013-11-25 04:30:00,16.69823,-3.892148,2013,11,329,4
2013-11-25 05:00:00,16.28902,-0.08847482,2013,11,329,5
2013-11-25 05:29:59,16.26271,35.90342,2013,11,329,5
2013-11-25 06:00:00,16.55957,122.3783,2013,11,329,6
2013-11-25 06:30:00,16.99861,119.8929,2013,11,329,6
2013-11-25 06:59:59,17.63538,346.7167,2013,11,329,6
2013-11-25 07:30:00,18.28917,279.4346,2013,11,329,7
2013-11-25 08:00:00,19.15632,604.4131,2013,11,329,8
2013-11-25 08:29:59,19.98617,711.4202,2013,11,329,8
2013-11-25 09:00:00,20.82565,779.9708,2013,11,329,9
2013-11-25 09:30:00,21.77388,884.3632,2013,11,329,9
2013-11-25 09:59:59,22.47844,962.1489,2013,11,329,9
2013-11-25 10:30:00,23.16987,1017.85,2013,11,329,10
2013-11-25 11:00:00,23.82515,1056.5,2013,11,329,11
2013-11-25 11:29:59,24.81664,1080.978,2013,11,329,11
2013-11-25 12:00:00,25.79597,1091.731,2013,11,329,12
2013-11-25 12:30:00,26.13939,1079.487,2013,11,329,12
2013-11-25 12:59:59,26.5558,1063.269,2013,11,329,12
2013-11-25 13:30:00,27.14981,1043.095,2013,11,329,13
2013-11-25 14:00:00,27.54479,540.5098,2013,11,329,14
2013-11-25 14:29:59,28.21442,919.2505,2013,11,329,14
2013-11-25 15:00:00,28.86172,815.223,2013,11,329,15
2013-11-25 15:30:00,29.31544,758.8041,2013,11,329,15
2013-11-25 15:59:59,29.861,635.3385,2013,11,329,15
2013-11-25 16:30:00,29.98341,562.577,2013,11,329,16
2013-11-25 17:00:00,29.71605,330.5398,2013,11,329,17
2013-11-25 17:29:59,29.59351,276.4844,2013,11,329,17
2013-11-25 18:00:00,29.64401,186.4524,2013,11,329,18
2013-11-25 18:30:00,29.49592,57.09644,2013,11,329,18
2013-11-25 18:59:59,28.90245,0.599741,2013,11,329,18
2013-11-25 19:30:00,28.25479,-5.74886,2013,11,329,19
2013-11-25 20:00:00,27.47499,-5.762531,2013,11,329,20
2013-11-25 20:29:59,26.79153,-5.487757,2013,11,329,20
2013-11-25 21:00:00,26.15904,-5.225251,2013,11,329,21
2013-11-25 21:30:00,25.42706,-5.442524,2013,11,329,21
2013-11-25 21:59:59,24.85921,-5.22616,2013,11,329,21
2013-11-25 22:30:00,24.28475,-4.982643,2013,11,329,22
2013-11-25 23:00:00,24.00354,-4.564609,2013,11,329,23
2013-11-25 23:29:59,23.58077,-4.310834,2013,11,329,23
2013-11-26 00:00:00,22.68551,-4.317607,2013,11,330,0
2013-11-26 00:30:00,21.80476,-4.215339,2013,11,330,0
2013-11-26 00:59:59,20.97997,-4.250551,2013,11,330,0
2013-11-26 01:30:00,19.62763,-4.089528,2013,11,330,1
2013-11-26 02:00:00,18.88675,-3.969822,2013,11,330,2
2013-11-26 02:29:59,18.40251,-3.99684,2013,11,330,2
2013-11-26 03:00:00,17.53773,-3.962271,2013,11,330,3
2013-11-26 03:30:00,16.73861,-3.815291,2013,11,330,3
2013-11-26 03:59:59,16.1674,-3.878861,2013,11,330,3
2013-11-26 04:30:00,15.84254,-3.681521,2013,11,330,4
2013-11-26 05:00:00,15.59844,0.2788081,2013,11,330,5
2013-11-26 05:29:59,15.48457,37.86993,2013,11,330,5
2013-11-26 06:00:00,15.61636,131.8069,2013,11,330,6
2013-11-26 06:30:00,16.13181,116.3877,2013,11,330,6
2013-11-26 06:59:59,16.62024,363.9667,2013,11,330,6
2013-11-26 07:30:00,17.3485,265.2403,2013,11,330,7
2013-11-26 08:00:00,18.14763,610.8833,2013,11,330,8
2013-11-26 08:29:59,19.25507,716.8033,2013,11,330,8
2013-11-26 09:00:00,20.44321,773.1878,2013,11,330,9
2013-11-26 09:30:00,21.52559,883.6467,2013,11,330,9
2013-11-26 09:59:59,22.79216,963.2596,2013,11,330,9
2013-11-26 10:30:00,24.12998,1015.227,2013,11,330,10
2013-11-26 11:00:00,25.48136,1051.221,2013,11,330,11
2013-11-26 11:29:59,26.90352,1073.623,2013,11,330,11
2013-11-26 12:00:00,28.13552,1080.959,2013,11,330,12
2013-11-26 12:30:00,29.1144,1072.251,2013,11,330,12
2013-11-26 12:59:59,29.98375,1049.667,2013,11,330,12
2013-11-26 13:30:00,30.92876,1013.687,2013,11,330,13
2013-11-26 14:00:00,31.75464,967.3505,2013,11,330,14
2013-11-26 14:29:59,32.39737,909.4563,2013,11,330,14
2013-11-26 15:00:00,32.88937,814.5397,2013,11,330,15
2013-11-26 15:30:00,33.06784,708.6452,2013,11,330,15
2013-11-26 15:59:59,33.03092,279.2923,2013,11,330,15
2013-11-26 16:30:00,33.60897,493.6852,2013,11,330,16
2013-11-26 17:00:00,33.52712,317.1388,2013,11,330,17
2013-11-26 17:29:59,33.574,281.3198,2013,11,330,17
2013-11-26 18:00:00,33.30953,64.53033,2013,11,330,18
2013-11-26 18:30:00,33.03806,35.38013,2013,11,330,18
2013-11-26 18:59:59,32.53966,-2.512942,2013,11,330,18
2013-11-26 19:30:00,31.98488,-5.628825,2013,11,330,19
2013-11-26 20:00:00,31.46007,-5.277926,2013,11,330,20
2013-11-26 20:29:59,30.68261,-3.432863,2013,11,330,20
2013-11-26 21:00:00,30.09658,-2.578719,2013,11,330,21
2013-11-26 21:30:00,30.12149,-2.790267,2013,11,330,21
2013-11-26 21:59:59,30.07865,-2.797396,2013,11,330,21
2013-11-26 22:30:00,29.7944,-7.587319,2013,11,330,22
2013-11-26 23:00:00,28.92104,-2.836518,2013,11,330,23
2013-11-26 23:29:59,28.34226,-2.481716,2013,11,330,23
2013-11-27 00:00:00,27.93492,-2.614325,2013,11,331,0
2013-11-27 00:30:00,27.72519,-2.43015,2013,11,331,0
2013-11-27 00:59:59,27.55172,-2.505196,2013,11,331,0
2013-11-27 01:30:00,26.64736,-3.364944,2013,11,331,1
2013-11-27 02:00:00,26.29473,-2.192877,2013,11,331,2
2013-11-27 02:29:59,26.07768,-1.960614,2013,11,331,2
2013-11-27 03:00:00,25.44135,-1.97106,2013,11,331,3
2013-11-27 03:30:00,24.33246,-2.437919,2013,11,331,3
2013-11-27 03:59:59,23.21878,-2.103769,2013,11,331,3
2013-11-27 04:30:00,22.27414,-3.042531,2013,11,331,4
2013-11-27 05:00:00,21.24352,-6.317104,2013,11,331,5
2013-11-27 05:29:59,20.897,14.78847,2013,11,331,5
2013-11-27 06:00:00,18.40149,15.69004,2013,11,331,6
2013-11-27 06:30:00,18.33911,65.16422,2013,11,331,6
2013-11-27 06:59:59,18.64873,235.5247,2013,11,331,6
2013-11-27 07:30:00,19.39967,300.7209,2013,11,331,7
2013-11-27 08:00:00,20.199,541.5106,2013,11,331,8
2013-11-27 08:29:59,21.31566,697.6244,2013,11,331,8
2013-11-27 09:00:00,22.00786,742.8705,2013,11,331,9
2013-11-27 09:30:00,23.04195,883.0905,2013,11,331,9
2013-11-27 09:59:59,23.33676,752.8846,2013,11,331,9
2013-11-27 10:30:00,21.91402,872.4066,2013,11,331,10
2013-11-27 11:00:00,20.81954,450.9088,2013,11,331,11
2013-11-27 11:29:59,19.88001,430.3719,2013,11,331,11
2013-11-27 12:00:00,18.18146,575.0078,2013,11,331,12
2013-11-27 12:30:00,17.31056,305.699,2013,11,331,12
2013-11-27 12:59:59,17.71303,397.4718,2013,11,331,12
2013-11-27 13:30:00,17.89369,78.18169,2013,11,331,13
2013-11-27 14:00:00,17.35226,90.57846,2013,11,331,14
2013-11-27 14:29:59,18.03026,225.7459,2013,11,331,14
2013-11-27 15:00:00,18.62031,116.7598,2013,11,331,15
2013-11-27 15:30:00,19.04915,34.24676,2013,11,331,15
2013-11-27 15:59:59,18.75841,33.33213,2013,11,331,15
2013-11-27 16:30:00,18.0803,79.54288,2013,11,331,16
2013-11-27 17:00:00,17.92446,84.27211,2013,11,331,17
2013-11-27 17:29:59,18.19875,88.71223,2013,11,331,17
2013-11-27 18:00:00,18.74196,36.15281,2013,11,331,18
2013-11-27 18:30:00,19.11124,40.66086,2013,11,331,18
2013-11-27 18:59:59,19.05205,9.668281,2013,11,331,18
2013-11-27 19:30:00,18.8125,-1.502385,2013,11,331,19
2013-11-27 20:00:00,18.56597,-2.634987,2013,11,331,20
2013-11-27 20:29:59,18.2,-3.025078,2013,11,331,20
2013-11-27 21:00:00,17.81776,-3.502211,2013,11,331,21
2013-11-27 21:30:00,17.43229,-3.459731,2013,11,331,21
2013-11-27 21:59:59,17.13117,-3.44613,2013,11,331,21
2013-11-27 22:30:00,16.59742,-3.856358,2013,11,331,22
2013-11-27 23:00:00,15.86078,-3.667368,2013,11,331,23
2013-11-27 23:29:59,15.50281,-3.690359,2013,11,331,23
2013-11-28 00:00:00,15.17206,-3.649498,2013,11,332,0
2013-11-28 00:30:00,14.73779,-3.573548,2013,11,332,0
2013-11-28 00:59:59,14.4213,-3.3308,2013,11,332,0
2013-11-28 01:30:00,14.19438,-2.717696,2013,11,332,1
2013-11-28 02:00:00,14.05594,-1.108582,2013,11,332,2
2013-11-28 02:29:59,14.04772,-0.8316605,2013,11,332,2
2013-11-28 03:00:00,14.20391,-0.9216517,2013,11,332,3
2013-11-28 03:30:00,14.38099,-0.7302407,2013,11,332,3
2013-11-28 03:59:59,14.57462,-0.1759403,2013,11,332,3
2013-11-28 04:30:00,14.86038,-0.04303479,2013,11,332,4
2013-11-28 05:00:00,15.15228,1.460749,2013,11,332,5
2013-11-28 05:29:59,15.37,14.46974,2013,11,332,5
2013-11-28 06:00:00,15.59639,41.45918,2013,11,332,6
2013-11-28 06:30:00,15.921,85.70094,2013,11,332,6
2013-11-28 06:59:59,16.26845,127.4311,2013,11,332,6
2013-11-28 07:30:00,16.71252,159.7601,2013,11,332,7
2013-11-28 08:00:00,17.27465,182.1553,2013,11,332,8
2013-11-28 08:29:59,17.52626,200.1419,2013,11,332,8
2013-11-28 09:00:00,17.64667,207.0568,2013,11,332,9
2013-11-28 09:30:00,17.63703,224.1614,2013,11,332,9
2013-11-28 09:59:59,17.55982,283.6791,2013,11,332,9
2013-11-28 10:30:00,17.53275,315.6414,2013,11,332,10
2013-11-28 11:00:00,17.58112,346.3503,2013,11,332,11
2013-11-28 11:29:59,17.9641,467.9838,2013,11,332,11
2013-11-28 12:00:00,18.95109,934.4468,2013,11,332,12
2013-11-28 12:30:00,20.22474,1076.764,2013,11,332,12
2013-11-28 12:59:59,21.72007,1065.4,2013,11,332,12
2013-11-28 13:30:00,22.72499,1026.54,2013,11,332,13
2013-11-28 14:00:00,23.75863,973.377,2013,11,332,14
2013-11-28 14:29:59,24.85689,906.5144,2013,11,332,14
2013-11-28 15:00:00,25.52964,827.0388,2013,11,332,15
2013-11-28 15:30:00,26.27395,734.6553,2013,11,332,15
2013-11-28 15:59:59,26.66774,630.8064,2013,11,332,15
2013-11-28 16:30:00,26.99986,520.0137,2013,11,332,16
2013-11-28 17:00:00,27.23288,402.1928,2013,11,332,17
2013-11-28 17:29:59,27.30514,283.9652,2013,11,332,17
2013-11-28 18:00:00,27.14854,169.2399,2013,11,332,18
2013-11-28 18:30:00,26.78735,67.1815,2013,11,332,18
2013-11-28 18:59:59,26.21456,4.031179,2013,11,332,18
2013-11-28 19:30:00,25.47698,-4.44854,2013,11,332,19
2013-11-28 20:00:00,24.87571,-4.163955,2013,11,332,20
2013-11-28 20:29:59,24.32089,-4.025708,2013,11,332,20
2013-11-28 21:00:00,23.94081,-3.885674,2013,11,332,21
2013-11-28 21:30:00,23.66711,-3.766995,2013,11,332,21
2013-11-28 21:59:59,23.31891,-3.643981,2013,11,332,21
2013-11-28 22:30:00,22.93832,-3.387658,2013,11,332,22
2013-11-28 23:00:00,22.50364,-3.364997,2013,11,332,23
2013-11-28 23:29:59,22.13777,-3.336246,2013,11,332,23
2013-11-29 00:00:00,21.93597,-3.203027,2013,11,333,0
2013-11-29 00:30:00,21.83998,-3.203201,2013,11,333,0
2013-11-29 00:59:59,21.61148,-3.241881,2013,11,333,0
2013-11-29 01:30:00,21.28245,-2.985243,2013,11,333,1
2013-11-29 02:00:00,21.03044,-2.811488,2013,11,333,2
2013-11-29 02:29:59,20.80418,-3.273883,2013,11,333,2
2013-11-29 03:00:00,20.55209,-3.138732,2013,11,333,3
2013-11-29 03:30:00,19.96629,-3.450107,2013,11,333,3
2013-11-29 03:59:59,19.00759,-3.032146,2013,11,333,3
2013-11-29 04:30:00,18.5582,-2.576064,2013,11,333,4
2013-11-29 05:00:00,18.2394,0.8466066,2013,11,333,5
2013-11-29 05:29:59,18.20867,42.86875,2013,11,333,5
2013-11-29 06:00:00,18.65696,133.6592,2013,11,333,6
2013-11-29 06:30:00,19.50354,118.0644,2013,11,333,6
2013-11-29 06:59:59,19.68702,141.1201,2013,11,333,6
2013-11-29 07:30:00,20.74349,281.7313,2013,11,333,7
2013-11-29 08:00:00,21.41598,494.1834,2013,11,333,8
2013-11-29 08:29:59,22.27815,461.3411,2013,11,333,8
2013-11-29 09:00:00,23.49369,561.5084,2013,11,333,9
2013-11-29 09:30:00,24.10109,543.5402,2013,11,333,9
2013-11-29 09:59:59,24.87859,689.0677,2013,11,333,9
2013-11-29 10:30:00,25.85392,1018.141,2013,11,333,10
2013-11-29 11:00:00,26.84961,1041.082,2013,11,333,11
2013-11-29 11:29:59,27.95097,1086.086,2013,11,333,11
2013-11-29 12:00:00,29.06089,1103.589,2013,11,333,12
2013-11-29 12:30:00,30.19623,1092.068,2013,11,333,12
2013-11-29 12:59:59,31.35472,943.2615,2013,11,333,12
2013-11-29 13:30:00,31.85867,908.6384,2013,11,333,13
2013-11-29 14:00:00,32.50543,832.7965,2013,11,333,14
2013-11-29 14:29:59,33.03325,718.2648,2013,11,333,14
2013-11-29 15:00:00,33.96881,744.3966,2013,11,333,15
2013-11-29 15:30:00,34.35938,531.3635,2013,11,333,15
2013-11-29 15:59:59,34.69626,458.0403,2013,11,333,15
2013-11-29 16:30:00,34.72104,249.9589,2013,11,333,16
2013-11-29 17:00:00,27.10273,241.8749,2013,11,333,17
2013-11-29 17:29:59,27.45064,123.1641,2013,11,333,17
2013-11-29 18:00:00,27.17355,46.96024,2013,11,333,18
2013-11-29 18:30:00,29.76707,74.36639,2013,11,333,18
2013-11-29 18:59:59,29.0044,4.421337,2013,11,333,18
2013-11-29 19:30:00,27.88197,-2.560324,2013,11,333,19
2013-11-29 20:00:00,27.29211,-3.477754,2013,11,333,20
2013-11-29 20:29:59,26.50242,-3.818628,2013,11,333,20
2013-11-29 21:00:00,25.83814,-4.050445,2013,11,333,21
2013-11-29 21:30:00,25.22601,-4.164688,2013,11,333,21
2013-11-29 21:59:59,24.67527,-3.805181,2013,11,333,21
2013-11-29 22:30:00,23.9057,-4.220714,2013,11,333,22
2013-11-29 23:00:00,22.92555,-3.793231,2013,11,333,23
2013-11-29 23:29:59,22.17021,-3.635322,2013,11,333,23
2013-11-30 00:00:00,21.47326,-3.567154,2013,11,334,0
2013-11-30 00:30:00,20.79136,-3.714523,2013,11,334,0
2013-11-30 00:59:59,20.09592,-3.832752,2013,11,334,0
2013-11-30 01:30:00,19.42807,-3.616751,2013,11,334,1
2013-11-30 02:00:00,18.90343,-3.523249,2013,11,334,2
2013-11-30 02:29:59,18.44027,-3.553492,2013,11,334,2
2013-11-30 03:00:00,18.09662,-3.495667,2013,11,334,3
2013-11-30 03:30:00,17.72504,-3.714576,2013,11,334,3
2013-11-30 03:59:59,17.32864,-3.794029,2013,11,334,3
2013-11-30 04:30:00,16.83463,-3.817496,2013,11,334,4
2013-11-30 05:00:00,16.55885,0.1077257,2013,11,334,5
2013-11-30 05:29:59,16.27612,38.69219,2013,11,334,5
2013-11-30 06:00:00,16.61462,137.0087,2013,11,334,6
2013-11-30 06:30:00,17.11724,113.5568,2013,11,334,6
2013-11-30 06:59:59,17.26702,377.2083,2013,11,334,6
2013-11-30 07:30:00,17.54045,250.9272,2013,11,334,7
2013-11-30 08:00:00,18.26896,625.6489,2013,11,334,8
2013-11-30 08:29:59,18.71382,740.9737,2013,11,334,8
2013-11-30 09:00:00,19.09313,792.0198,2013,11,334,9
2013-11-30 09:30:00,19.66639,909.3605,2013,11,334,9
2013-11-30 09:59:59,20.25877,996.3548,2013,11,334,9
2013-11-30 10:30:00,20.72905,1070.414,2013,11,334,10
2013-11-30 11:00:00,21.36675,1110.164,2013,11,334,11
2013-11-30 11:29:59,21.92254,1105.723,2013,11,334,11
2013-11-30 12:00:00,22.33741,1175.298,2013,11,334,12
2013-11-30 12:30:00,22.95436,1125.175,2013,11,334,12
2013-11-30 12:59:59,23.50749,1091.717,2013,11,334,12
2013-11-30 13:30:00,24.07946,1054.944,2013,11,334,13
2013-11-30 14:00:00,24.82062,998.9252,2013,11,334,14
2013-11-30 14:29:59,25.31268,931.9878,2013,11,334,14
2013-11-30 15:00:00,25.97016,853.5298,2013,11,334,15
2013-11-30 15:30:00,26.33652,757.2922,2013,11,334,15
2013-11-30 15:59:59,26.58966,652.6049,2013,11,334,15
2013-11-30 16:30:00,26.58166,536.4706,2013,11,334,16
2013-11-30 17:00:00,26.32344,418.4063,2013,11,334,17
2013-11-30 17:29:59,25.96526,296.8657,2013,11,334,17
2013-11-30 18:00:00,25.66144,179.2569,2013,11,334,18
2013-11-30 18:30:00,25.09699,67.32697,2013,11,334,18
2013-11-30 18:59:59,24.68235,3.474862,2013,11,334,18
2013-11-30 19:30:00,24.32622,-5.275635,2013,11,334,19
2013-11-30 20:00:00,23.81433,-5.227933,2013,11,334,20
2013-11-30 20:29:59,23.33253,-5.383811,2013,11,334,20
2013-11-30 21:00:00,22.75124,-5.302316,2013,11,334,21
2013-11-30 21:30:00,22.09574,-5.37552,2013,11,334,21
2013-11-30 21:59:59,21.45864,-5.209966,2013,11,334,21
2013-11-30 22:30:00,20.96561,-4.941748,2013,11,334,22
2013-11-30 23:00:00,20.54319,-4.971773,2013,11,334,23
2013-11-30 23:29:59,19.88182,-5.015601,2013,11,334,23
2013-12-01 00:00:00,19.15933,-4.816971,2013,12,335,0
2013-12-01 00:30:00,18.67317,-4.533457,2013,12,335,0
2013-12-01 00:59:59,18.3548,-4.433441,2013,12,335,0
2013-12-01 01:30:00,18.24397,-4.199246,2013,12,335,1
2013-12-01 02:00:00,17.81096,-4.395498,2013,12,335,2
2013-12-01 02:29:59,17.24237,-4.443627,2013,12,335,2
2013-12-01 03:00:00,16.86161,-4.145459,2013,12,335,3
2013-12-01 03:30:00,16.43919,-4.131083,2013,12,335,3
2013-12-01 03:59:59,16.0457,-4.156014,2013,12,335,3
2013-12-01 04:30:00,15.52759,-4.181843,2013,12,335,4
2013-12-01 05:00:00,15.1275,-0.007325809,2013,12,335,5
2013-12-01 05:29:59,15.13569,39.55661,2013,12,335,5
2013-12-01 06:00:00,15.68165,141.6641,2013,12,335,6
2013-12-01 06:30:00,16.48217,104.3845,2013,12,335,6
2013-12-01 06:59:59,17.24106,382.8638,2013,12,335,6
2013-12-01 07:30:00,18.35328,237.2319,2013,12,335,7
2013-12-01 08:00:00,19.00063,620.4185,2013,12,335,8
2013-12-01 08:29:59,19.55614,728.7111,2013,12,335,8
2013-12-01 09:00:00,20.14317,773.2155,2013,12,335,9
2013-12-01 09:30:00,20.5944,894.0612,2013,12,335,9
2013-12-01 09:59:59,21.40123,976.6809,2013,12,335,9
2013-12-01 10:30:00,22.13454,1032.676,2013,12,335,10
2013-12-01 11:00:00,23.053,1073.139,2013,12,335,11
2013-12-01 11:29:59,24.01502,1101.457,2013,12,335,11
2013-12-01 12:00:00,24.90121,1105.063,2013,12,335,12
2013-12-01 12:30:00,25.85495,1106.106,2013,12,335,12
2013-12-01 12:59:59,26.67018,1087.058,2013,12,335,12
2013-12-01 13:30:00,27.18706,1053.085,2013,12,335,13
2013-12-01 14:00:00,27.4724,995.7129,2013,12,335,14
2013-12-01 14:29:59,27.97615,926.5207,2013,12,335,14
2013-12-01 15:00:00,28.76928,847.6478,2013,12,335,15
2013-12-01 15:30:00,29.11667,751.3521,2013,12,335,15
2013-12-01 15:59:59,29.56953,647.7817,2013,12,335,15
2013-12-01 16:30:00,29.84225,535.5381,2013,12,335,16
2013-12-01 17:00:00,30.07124,416.5789,2013,12,335,17
2013-12-01 17:29:59,30.15195,298.8752,2013,12,335,17
2013-12-01 18:00:00,29.71086,182.3522,2013,12,335,18
2013-12-01 18:30:00,29.63317,75.5416,2013,12,335,18
2013-12-01 18:59:59,29.13395,5.259502,2013,12,335,18
2013-12-01 19:30:00,28.40376,-6.482111,2013,12,335,19
2013-12-01 20:00:00,27.20845,-6.167798,2013,12,335,20
2013-12-01 20:29:59,26.34717,-6.048701,2013,12,335,20
2013-12-01 21:00:00,25.54522,-5.347069,2013,12,335,21
2013-12-01 21:30:00,24.97966,-5.288585,2013,12,335,21
2013-12-01 21:59:59,24.2924,-5.493203,2013,12,335,21
2013-12-01 22:30:00,23.71416,-5.343335,2013,12,335,22
2013-12-01 23:00:00,23.24844,-4.80956,2013,12,335,23
2013-12-01 23:29:59,22.92871,-4.41596,2013,12,335,23
2013-12-02 00:00:00,22.37603,-4.961884,2013,12,336,0
2013-12-02 00:30:00,22.07844,-4.704383,2013,12,336,0
2013-12-02 00:59:59,22.24604,-4.170381,2013,12,336,0
2013-12-02 01:30:00,22.07307,-4.064504,2013,12,336,1
2013-12-02 02:00:00,22.13039,-4.183445,2013,12,336,2
2013-12-02 02:29:59,21.69988,-4.493101,2013,12,336,2
2013-12-02 03:00:00,21.45229,-3.897489,2013,12,336,3
2013-12-02 03:30:00,21.07792,-4.045782,2013,12,336,3
2013-12-02 03:59:59,20.14472,-4.515779,2013,12,336,3
2013-12-02 04:30:00,18.43097,-4.631056,2013,12,336,4
2013-12-02 05:00:00,17.41595,-0.1361698,2013,12,336,5
2013-12-02 05:29:59,17.29545,39.56609,2013,12,336,5
2013-12-02 06:00:00,17.84716,143.4032,2013,12,336,6
2013-12-02 06:30:00,18.96968,102.2362,2013,12,336,6
2013-12-02 06:59:59,19.82129,381.4509,2013,12,336,6
2013-12-02 07:30:00,20.78596,230.1943,2013,12,336,7
2013-12-02 08:00:00,22.0092,611.8112,2013,12,336,8
2013-12-02 08:29:59,23.31674,720.9867,2013,12,336,8
2013-12-02 09:00:00,24.76247,766.9827,2013,12,336,9
2013-12-02 09:30:00,25.82249,886.6987,2013,12,336,9
2013-12-02 09:59:59,26.94878,966.0812,2013,12,336,9
2013-12-02 10:30:00,27.64421,1024.224,2013,12,336,10
2013-12-02 11:00:00,28.89488,1061.719,2013,12,336,11
2013-12-02 11:29:59,30.01864,1084.515,2013,12,336,11
2013-12-02 12:00:00,30.67558,1098.602,2013,12,336,12
2013-12-02 12:30:00,31.85149,1093.665,2013,12,336,12
2013-12-02 12:59:59,32.41382,1075.817,2013,12,336,12
2013-12-02 13:30:00,32.78663,1036.6,2013,12,336,13
2013-12-02 14:00:00,33.4045,987.615,2013,12,336,14
2013-12-02 14:29:59,33.68883,923.9277,2013,12,336,14
2013-12-02 15:00:00,34.11023,844.174,2013,12,336,15
2013-12-02 15:30:00,34.52241,752.8694,2013,12,336,15
2013-12-02 15:59:59,34.52748,650.6757,2013,12,336,15
2013-12-02 16:30:00,34.64264,532.9835,2013,12,336,16
2013-12-02 17:00:00,34.48032,415.9119,2013,12,336,17
2013-12-02 17:29:59,34.2606,296.6247,2013,12,336,17
2013-12-02 18:00:00,34.18944,180.004,2013,12,336,18
2013-12-02 18:30:00,33.55773,76.91042,2013,12,336,18
2013-12-02 18:59:59,32.69326,5.898686,2013,12,336,18
2013-12-02 19:30:00,31.43509,-6.281434,2013,12,336,19
2013-12-02 20:00:00,30.42262,-5.813102,2013,12,336,20
2013-12-02 20:29:59,29.65995,-5.623728,2013,12,336,20
2013-12-02 21:00:00,28.77001,-5.745278,2013,12,336,21
2013-12-02 21:30:00,27.97467,-5.723684,2013,12,336,21
2013-12-02 21:59:59,27.28176,-5.675634,2013,12,336,21
2013-12-02 22:30:00,26.61463,-5.456802,2013,12,336,22
2013-12-02 23:00:00,25.8775,-5.417631,2013,12,336,23
2013-12-02 23:29:59,25.20236,-5.081015,2013,12,336,23
2013-12-03 00:00:00,24.35158,-4.948047,2013,12,337,0
2013-12-03 00:30:00,23.62799,-5.00445,2013,12,337,0
2013-12-03 00:59:59,22.94322,-4.88867,2013,12,337,0
2013-12-03 01:30:00,22.1888,-4.874002,2013,12,337,1
2013-12-03 02:00:00,21.58443,-4.849502,2013,12,337,2
2013-12-03 02:29:59,20.97939,-5.114276,2013,12,337,2
2013-12-03 03:00:00,20.0401,-4.709836,2013,12,337,3
2013-12-03 03:30:00,19.27791,-4.529843,2013,12,337,3
2013-12-03 03:59:59,18.9712,-4.002971,2013,12,337,3
2013-12-03 04:30:00,18.5388,-4.275278,2013,12,337,4
2013-12-03 05:00:00,17.99888,0.02470234,2013,12,337,5
2013-12-03 05:29:59,17.67641,38.72887,2013,12,337,5
2013-12-03 06:00:00,17.35815,138.6176,2013,12,337,6
2013-12-03 06:30:00,17.34169,112.1665,2013,12,337,6
2013-12-03 06:59:59,17.74077,378.8362,2013,12,337,6
2013-12-03 07:30:00,18.31511,238.9777,2013,12,337,7
2013-12-03 08:00:00,19.07952,612.4016,2013,12,337,8
2013-12-03 08:29:59,19.86443,731.1786,2013,12,337,8
2013-12-03 09:00:00,20.61107,781.5208,2013,12,337,9
2013-12-03 09:30:00,21.11362,907.5428,2013,12,337,9
2013-12-03 09:59:59,21.75368,989.7659,2013,12,337,9
2013-12-03 10:30:00,22.57717,1043.164,2013,12,337,10
2013-12-03 11:00:00,23.09041,1087.549,2013,12,337,11
2013-12-03 11:29:59,24.32465,1112.148,2013,12,337,11
2013-12-03 12:00:00,24.72808,1124.115,2013,12,337,12
2013-12-03 12:30:00,25.66903,1117.136,2013,12,337,12
2013-12-03 12:59:59,26.54552,1093.665,2013,12,337,12
2013-12-03 13:30:00,27.33566,1058.462,2013,12,337,13
2013-12-03 14:00:00,27.5306,1007.368,2013,12,337,14
2013-12-03 14:29:59,27.96247,941.7217,2013,12,337,14
2013-12-03 15:00:00,28.03722,862.0674,2013,12,337,15
2013-12-03 15:30:00,28.28985,769.671,2013,12,337,15
2013-12-03 15:59:59,28.33114,664.631,2013,12,337,15
2013-12-03 16:30:00,28.12027,552.6271,2013,12,337,16
2013-12-03 17:00:00,28.00455,433.3529,2013,12,337,17
2013-12-03 17:29:59,27.76047,312.2313,2013,12,337,17
2013-12-03 18:00:00,27.41802,193.0598,2013,12,337,18
2013-12-03 18:30:00,27.0071,84.12036,2013,12,337,18
2013-12-03 18:59:59,26.1797,7.609519,2013,12,337,18
2013-12-03 19:30:00,25.44894,-6.252768,2013,12,337,19
2013-12-03 20:00:00,24.75691,-6.037758,2013,12,337,20
2013-12-03 20:29:59,24.05019,-6.187465,2013,12,337,20
2013-12-03 21:00:00,23.5736,-5.980886,2013,12,337,21
2013-12-03 21:30:00,22.93986,-6.183078,2013,12,337,21
2013-12-03 21:59:59,22.43506,-5.822419,2013,12,337,21
2013-12-03 22:30:00,21.82702,-5.868867,2013,12,337,22
2013-12-03 23:00:00,21.08824,-5.411938,2013,12,337,23
2013-12-03 23:29:59,20.08121,-4.965843,2013,12,337,23
2013-12-04 00:00:00,18.87965,-4.830399,2013,12,338,0
2013-12-04 00:30:00,17.89665,-4.935071,2013,12,338,0
2013-12-04 00:59:59,16.97219,-4.694332,2013,12,338,0
2013-12-04 01:30:00,16.00004,-4.498684,2013,12,338,1
2013-12-04 02:00:00,15.14682,-4.331076,2013,12,338,2
2013-12-04 02:29:59,14.47546,-4.252402,2013,12,338,2
2013-12-04 03:00:00,14.01059,-4.253979,2013,12,338,3
2013-12-04 03:30:00,13.53419,-4.038857,2013,12,338,3
2013-12-04 03:59:59,12.92865,-4.122584,2013,12,338,3
2013-12-04 04:30:00,12.37136,-3.983052,2013,12,338,4
2013-12-04 05:00:00,12.04722,0.4324315,2013,12,338,5
2013-12-04 05:29:59,12.04919,40.79685,2013,12,338,5
2013-12-04 06:00:00,12.3503,145.827,2013,12,338,6
2013-12-04 06:30:00,12.91712,112.2222,2013,12,338,6
2013-12-04 06:59:59,13.56297,386.0484,2013,12,338,6
2013-12-04 07:30:00,14.05317,245.2001,2013,12,338,7
2013-12-04 08:00:00,15.11294,611.4477,2013,12,338,8
2013-12-04 08:29:59,15.56773,742.1445,2013,12,338,8
2013-12-04 09:00:00,16.49876,790.5536,2013,12,338,9
2013-12-04 09:30:00,17.20667,914.26,2013,12,338,9
2013-12-04 09:59:59,17.8715,996.3522,2013,12,338,9
2013-12-04 10:30:00,18.81145,1053.247,2013,12,338,10
2013-12-04 11:00:00,19.10922,1094.679,2013,12,338,11
2013-12-04 11:29:59,19.79473,1119.116,2013,12,338,11
2013-12-04 12:00:00,20.17597,1128.701,2013,12,338,12
2013-12-04 12:30:00,20.59213,1122.673,2013,12,338,12
2013-12-04 12:59:59,21.34855,1101.318,2013,12,338,12
2013-12-04 13:30:00,21.57826,1066.582,2013,12,338,13
2013-12-04 14:00:00,22.3906,1014.867,2013,12,338,14
2013-12-04 14:29:59,22.54699,948.0634,2013,12,338,14
2013-12-04 15:00:00,22.85202,867.7428,2013,12,338,15
2013-12-04 15:30:00,23.49843,776.2758,2013,12,338,15
2013-12-04 15:59:59,24.01392,674.9021,2013,12,338,15
2013-12-04 16:30:00,24.06903,560.6562,2013,12,338,16
2013-12-04 17:00:00,23.92054,437.9313,2013,12,338,17
2013-12-04 17:29:59,24.04982,312.725,2013,12,338,17
2013-12-04 18:00:00,23.91019,202.3524,2013,12,338,18
2013-12-04 18:30:00,23.57728,90.47544,2013,12,338,18
2013-12-04 18:59:59,22.96534,10.66973,2013,12,338,18
2013-12-04 19:30:00,22.42527,-5.654197,2013,12,338,19
2013-12-04 20:00:00,22.00553,-6.001142,2013,12,338,20
2013-12-04 20:29:59,21.42445,-6.227616,2013,12,338,20
2013-12-04 21:00:00,20.89292,-6.131979,2013,12,338,21
2013-12-04 21:30:00,20.69652,-5.571207,2013,12,338,21
2013-12-04 21:59:59,20.6037,-5.266416,2013,12,338,21
2013-12-04 22:30:00,20.49533,-5.199056,2013,12,338,22
2013-12-04 23:00:00,20.13252,-5.316842,2013,12,338,23
2013-12-04 23:29:59,19.71299,-5.348196,2013,12,338,23
2013-12-05 00:00:00,19.23424,-5.185512,2013,12,339,0
2013-12-05 00:30:00,18.99815,-5.354037,2013,12,339,0
2013-12-05 00:59:59,18.03726,-5.729629,2013,12,339,0
2013-12-05 01:30:00,16.96222,-5.264692,2013,12,339,1
2013-12-05 02:00:00,16.55012,-5.097298,2013,12,339,2
2013-12-05 02:29:59,16.4618,-4.775669,2013,12,339,2
2013-12-05 03:00:00,16.28685,-4.510296,2013,12,339,3
2013-12-05 03:30:00,15.56118,-4.569903,2013,12,339,3
2013-12-05 03:59:59,14.86039,-4.665172,2013,12,339,3
2013-12-05 04:30:00,13.86755,-4.749689,2013,12,339,4
2013-12-05 05:00:00,13.38149,-0.06571392,2013,12,339,5
2013-12-05 05:29:59,13.14341,40.1939,2013,12,339,5
2013-12-05 06:00:00,13.20141,143.45,2013,12,339,6
2013-12-05 06:30:00,13.21211,114.4288,2013,12,339,6
2013-12-05 06:59:59,13.55775,382.4956,2013,12,339,6
2013-12-05 07:30:00,13.95874,257.9011,2013,12,339,7
2013-12-05 08:00:00,14.74381,593.1497,2013,12,339,8
2013-12-05 08:29:59,15.46691,738.1432,2013,12,339,8
2013-12-05 09:00:00,16.32632,790.3011,2013,12,339,9
2013-12-05 09:30:00,17.43068,914.7922,2013,12,339,9
2013-12-05 09:59:59,18.39323,1004.46,2013,12,339,9
2013-12-05 10:30:00,19.48361,1051.684,2013,12,339,10
2013-12-05 11:00:00,20.5014,1097.019,2013,12,339,11
2013-12-05 11:29:59,21.44394,1144.99,2013,12,339,11
2013-12-05 12:00:00,22.31679,1161.816,2013,12,339,12
2013-12-05 12:30:00,23.30381,1088.35,2013,12,339,12
2013-12-05 12:59:59,23.93327,1004.029,2013,12,339,12
2013-12-05 13:30:00,24.65244,971.7067,2013,12,339,13
2013-12-05 14:00:00,25.23045,1033.417,2013,12,339,14
2013-12-05 14:29:59,25.7919,924.9394,2013,12,339,14
2013-12-05 15:00:00,26.35496,754.6924,2013,12,339,15
2013-12-05 15:30:00,26.41178,631.7715,2013,12,339,15
2013-12-05 15:59:59,26.5791,433.4572,2013,12,339,15
2013-12-05 16:30:00,26.18063,212.9258,2013,12,339,16
2013-12-05 17:00:00,25.81595,129.0527,2013,12,339,17
2013-12-05 17:29:59,25.44844,76.45936,2013,12,339,17
2013-12-05 18:00:00,25.43281,56.8461,2013,12,339,18
2013-12-05 18:30:00,25.43815,14.21076,2013,12,339,18
2013-12-05 18:59:59,25.33976,1.862466,2013,12,339,18
2013-12-05 19:30:00,25.17528,-3.48136,2013,12,339,19
2013-12-05 20:00:00,24.94416,-3.637536,2013,12,339,20
2013-12-05 20:29:59,24.84767,-2.863832,2013,12,339,20
2013-12-05 21:00:00,24.73895,-2.792493,2013,12,339,21
2013-12-05 21:30:00,24.55774,-3.113916,2013,12,339,21
2013-12-05 21:59:59,24.37793,-2.563038,2013,12,339,21
2013-12-05 22:30:00,23.757,-2.747248,2013,12,339,22
2013-12-05 23:00:00,23.05873,-2.341242,2013,12,339,23
2013-12-05 23:29:59,22.59657,-3.099082,2013,12,339,23
2013-12-06 00:00:00,22.33759,-1.757806,2013,12,340,0
2013-12-06 00:30:00,22.38844,-1.843392,2013,12,340,0
2013-12-06 00:59:59,22.35897,-2.043824,2013,12,340,0
2013-12-06 01:30:00,22.35027,-2.025165,2013,12,340,1
2013-12-06 02:00:00,22.27218,-1.986212,2013,12,340,2
2013-12-06 02:29:59,22.25438,-2.691062,2013,12,340,2
2013-12-06 03:00:00,21.651,NA,2013,12,340,3
2013-12-06 03:30:00,21.21962,-4.648493,2013,12,340,3
2013-12-06 03:59:59,20.99904,-9.452326,2013,12,340,3
2013-12-06 04:30:00,20.5179,NA,2013,12,340,4
2013-12-06 05:00:00,18.76533,NA,2013,12,340,5
2013-12-06 05:29:59,17.53424,-3.697513,2013,12,340,5
2013-12-06 06:00:00,17.20709,6.838676,2013,12,340,6
2013-12-06 06:30:00,16.99065,15.36468,2013,12,340,6
2013-12-06 06:59:59,16.75008,14.10727,2013,12,340,6
2013-12-06 07:30:00,15.42693,70.60377,2013,12,340,7
2013-12-06 08:00:00,16.1322,126.2547,2013,12,340,8
2013-12-06 08:29:59,16.78126,48.40074,2013,12,340,8
2013-12-06 09:00:00,16.51995,71.89216,2013,12,340,9
2013-12-06 09:30:00,16.64713,317.2709,2013,12,340,9
2013-12-06 09:59:59,18.08566,433.5688,2013,12,340,9
2013-12-06 10:30:00,19.69563,612.1742,2013,12,340,10
2013-12-06 11:00:00,20.58444,572.1051,2013,12,340,11
2013-12-06 11:29:59,20.67895,787.0285,2013,12,340,11
2013-12-06 12:00:00,20.99453,848.2367,2013,12,340,12
2013-12-06 12:30:00,21.26916,911.6472,2013,12,340,12
2013-12-06 12:59:59,21.54395,792.6732,2013,12,340,12
2013-12-06 13:30:00,22.13945,785.2604,2013,12,340,13
2013-12-06 14:00:00,22.72577,803.6011,2013,12,340,14
2013-12-06 14:29:59,23.35352,822.8905,2013,12,340,14
2013-12-06 15:00:00,23.82413,635.3849,2013,12,340,15
2013-12-06 15:30:00,23.61185,485.9265,2013,12,340,15
2013-12-06 15:59:59,23.5154,436.6265,2013,12,340,15
2013-12-06 16:30:00,23.2322,456.4985,2013,12,340,16
2013-12-06 17:00:00,23.29632,415.0453,2013,12,340,17
2013-12-06 17:29:59,23.3926,304.9715,2013,12,340,17
2013-12-06 18:00:00,23.39046,203.8979,2013,12,340,18
2013-12-06 18:30:00,22.89942,88.1918,2013,12,340,18
2013-12-06 18:59:59,22.18748,6.855559,2013,12,340,18
2013-12-06 19:30:00,21.42053,-3.385888,2013,12,340,19
2013-12-06 20:00:00,20.80068,-3.593154,2013,12,340,20
2013-12-06 20:29:59,20.29057,-3.585421,2013,12,340,20
2013-12-06 21:00:00,19.66169,-3.676848,2013,12,340,21
2013-12-06 21:30:00,19.09067,-3.451346,2013,12,340,21
2013-12-06 21:59:59,18.73065,-3.310689,2013,12,340,21
2013-12-06 22:30:00,18.34529,-3.117136,2013,12,340,22
2013-12-06 23:00:00,18.05221,-3.040624,2013,12,340,23
2013-12-06 23:29:59,17.88783,-2.651279,2013,12,340,23
2013-12-07 00:00:00,17.92492,-2.429111,2013,12,341,0
2013-12-07 00:30:00,18.7547,-1.3762,2013,12,341,0
2013-12-07 00:59:59,19.04978,-1.313742,2013,12,341,0
2013-12-07 01:30:00,19.41767,-1.315141,2013,12,341,1
2013-12-07 02:00:00,19.93905,-3.427,2013,12,341,2
2013-12-07 02:29:59,20.69747,-3.02104,2013,12,341,2
2013-12-07 03:00:00,20.65932,-2.847276,2013,12,341,3
2013-12-07 03:30:00,20.28274,-2.802111,2013,12,341,3
2013-12-07 03:59:59,20.20307,-2.707006,2013,12,341,3
2013-12-07 04:30:00,20.169,-2.537906,2013,12,341,4
2013-12-07 05:00:00,20.30049,0.07628597,2013,12,341,5
2013-12-07 05:29:59,20.2663,29.32391,2013,12,341,5
2013-12-07 06:00:00,20.50659,102.9538,2013,12,341,6
2013-12-07 06:30:00,21.26965,116.9153,2013,12,341,6
2013-12-07 06:59:59,22.64256,362.5964,2013,12,341,6
2013-12-07 07:30:00,24.23109,275.881,2013,12,341,7
2013-12-07 08:00:00,24.67426,521.1683,2013,12,341,8
2013-12-07 08:29:59,25.2508,699.3568,2013,12,341,8
2013-12-07 09:00:00,26.28725,748.9096,2013,12,341,9
2013-12-07 09:30:00,27.2697,873.0691,2013,12,341,9
2013-12-07 09:59:59,28.01717,955.6533,2013,12,341,9
2013-12-07 10:30:00,28.73303,1012.906,2013,12,341,10
2013-12-07 11:00:00,29.30699,1068.214,2013,12,341,11
2013-12-07 11:29:59,30.21415,1133.812,2013,12,341,11
2013-12-07 12:00:00,31.36799,1091.573,2013,12,341,12
2013-12-07 12:30:00,31.79726,1016.956,2013,12,341,12
2013-12-07 12:59:59,32.27849,1025.949,2013,12,341,12
2013-12-07 13:30:00,33.11508,1063.672,2013,12,341,13
2013-12-07 14:00:00,33.4672,1021.293,2013,12,341,14
2013-12-07 14:29:59,33.84286,787.3339,2013,12,341,14
2013-12-07 15:00:00,33.80619,569.0098,2013,12,341,15
2013-12-07 15:30:00,34.30545,506.067,2013,12,341,15
2013-12-07 15:59:59,34.46225,523.1878,2013,12,341,15
2013-12-07 16:30:00,34.66475,452.706,2013,12,341,16
2013-12-07 17:00:00,34.46819,329.5715,2013,12,341,17
2013-12-07 17:29:59,34.2404,167.5778,2013,12,341,17
2013-12-07 18:00:00,34.0645,142.5745,2013,12,341,18
2013-12-07 18:30:00,33.88724,65.33633,2013,12,341,18
2013-12-07 18:59:59,32.28585,14.25857,2013,12,341,18
2013-12-07 19:30:00,31.38779,-4.974434,2013,12,341,19
2013-12-07 20:00:00,30.61864,-5.687354,2013,12,341,20
2013-12-07 20:29:59,29.93757,-5.537231,2013,12,341,20
2013-12-07 21:00:00,29.2302,-5.565592,2013,12,341,21
2013-12-07 21:30:00,26.58167,-5.107402,2013,12,341,21
2013-12-07 21:59:59,24.59261,-4.107591,2013,12,341,21
2013-12-07 22:30:00,23.87894,-3.758347,2013,12,341,22
2013-12-07 23:00:00,23.07979,-3.671039,2013,12,341,23
2013-12-07 23:29:59,22.3081,-3.637012,2013,12,341,23
2013-12-08 00:00:00,21.39519,-3.610857,2013,12,342,0
2013-12-08 00:30:00,20.44518,-3.586055,2013,12,342,0
2013-12-08 00:59:59,19.73936,-3.315615,2013,12,342,0
2013-12-08 01:30:00,19.39748,-2.979901,2013,12,342,1
2013-12-08 02:00:00,18.9833,-3.054288,2013,12,342,2
2013-12-08 02:29:59,18.44985,-1.224424,2013,12,342,2
2013-12-08 03:00:00,18.32214,-0.6420532,2013,12,342,3
2013-12-08 03:30:00,18.53999,-0.4906573,2013,12,342,3
2013-12-08 03:59:59,18.52451,-0.5683125,2013,12,342,3
2013-12-08 04:30:00,18.39682,-0.7171748,2013,12,342,4
2013-12-08 05:00:00,18.20901,0.6251756,2013,12,342,5
2013-12-08 05:29:59,18.07065,11.16899,2013,12,342,5
2013-12-08 06:00:00,17.96437,44.26449,2013,12,342,6
2013-12-08 06:30:00,17.87025,86.2028,2013,12,342,6
2013-12-08 06:59:59,17.78998,143.9783,2013,12,342,6
2013-12-08 07:30:00,18.01083,239.254,2013,12,342,7
2013-12-08 08:00:00,18.29757,344.1926,2013,12,342,8
2013-12-08 08:29:59,18.71172,351.2313,2013,12,342,8
2013-12-08 09:00:00,19.18893,570.2521,2013,12,342,9
2013-12-08 09:30:00,20.13864,723.4871,2013,12,342,9
2013-12-08 09:59:59,20.77762,918.8123,2013,12,342,9
2013-12-08 10:30:00,22.00356,1013.591,2013,12,342,10
2013-12-08 11:00:00,23.0064,998.4366,2013,12,342,11
2013-12-08 11:29:59,24.37563,1071.029,2013,12,342,11
2013-12-08 12:00:00,25.24787,978.7163,2013,12,342,12
2013-12-08 12:30:00,26.66711,1059.516,2013,12,342,12
2013-12-08 12:59:59,27.33813,1061.022,2013,12,342,12
2013-12-08 13:30:00,28.25593,1015.416,2013,12,342,13
2013-12-08 14:00:00,28.7493,700.9866,2013,12,342,14
2013-12-08 14:29:59,29.4523,670.0651,2013,12,342,14
2013-12-08 15:00:00,29.37097,289.1687,2013,12,342,15
2013-12-08 15:30:00,28.49094,157.5829,2013,12,342,15
2013-12-08 15:59:59,27.41461,123.7763,2013,12,342,15
2013-12-08 16:30:00,24.65793,301.4488,2013,12,342,16
2013-12-08 17:00:00,24.59426,455.275,2013,12,342,17
2013-12-08 17:29:59,25.13018,83.2877,2013,12,342,17
2013-12-08 18:00:00,25.35156,80.79736,2013,12,342,18
2013-12-08 18:30:00,25.37184,59.64154,2013,12,342,18
2013-12-08 18:59:59,25.15757,13.49581,2013,12,342,18
2013-12-08 19:30:00,25.36457,-3.29976,2013,12,342,19
2013-12-08 20:00:00,24.89572,-4.340339,2013,12,342,20
2013-12-08 20:29:59,24.07339,-4.219463,2013,12,342,20
2013-12-08 21:00:00,23.55632,-4.232101,2013,12,342,21
2013-12-08 21:30:00,23.44327,-3.426265,2013,12,342,21
2013-12-08 21:59:59,23.64866,-3.58432,2013,12,342,21
2013-12-08 22:30:00,23.23167,-3.757664,2013,12,342,22
2013-12-08 23:00:00,23.03491,-3.637451,2013,12,342,23
2013-12-08 23:29:59,22.50235,-3.630614,2013,12,342,23
2013-12-09 00:00:00,21.72829,-3.550188,2013,12,343,0
2013-12-09 00:30:00,20.84918,-3.56635,2013,12,343,0
2013-12-09 00:59:59,20.12243,-3.421872,2013,12,343,0
2013-12-09 01:30:00,19.60587,-3.535847,2013,12,343,1
2013-12-09 02:00:00,19.16516,-1.341817,2013,12,343,2
2013-12-09 02:29:59,18.60733,-2.600533,2013,12,343,2
2013-12-09 03:00:00,18.09014,-2.936416,2013,12,343,3
2013-12-09 03:30:00,17.69422,-2.717964,2013,12,343,3
2013-12-09 03:59:59,17.46666,-1.564113,2013,12,343,3
2013-12-09 04:30:00,17.2801,-0.8950859,2013,12,343,4
2013-12-09 05:00:00,16.98802,1.384361,2013,12,343,5
2013-12-09 05:29:59,16.92579,16.61653,2013,12,343,5
2013-12-09 06:00:00,16.84869,40.1811,2013,12,343,6
2013-12-09 06:30:00,16.52647,90.58595,2013,12,343,6
2013-12-09 06:59:59,16.47172,160.7442,2013,12,343,6
2013-12-09 07:30:00,16.82171,240.6888,2013,12,343,7
2013-12-09 08:00:00,17.37289,459.2144,2013,12,343,8
2013-12-09 08:29:59,18.22127,696.7714,2013,12,343,8
2013-12-09 09:00:00,18.87391,751.0742,2013,12,343,9
2013-12-09 09:30:00,19.7959,872.7703,2013,12,343,9
2013-12-09 09:59:59,20.53411,967.8572,2013,12,343,9
2013-12-09 10:30:00,21.4244,1019.637,2013,12,343,10
2013-12-09 11:00:00,22.22779,1069.391,2013,12,343,11
2013-12-09 11:29:59,23.1967,1097.112,2013,12,343,11
2013-12-09 12:00:00,23.89139,1112.173,2013,12,343,12
2013-12-09 12:30:00,24.73609,1145.938,2013,12,343,12
2013-12-09 12:59:59,25.4607,973.8033,2013,12,343,12
2013-12-09 13:30:00,25.91721,1059.386,2013,12,343,13
2013-12-09 14:00:00,26.51864,945.7925,2013,12,343,14
2013-12-09 14:29:59,27.14268,955.044,2013,12,343,14
2013-12-09 15:00:00,27.20543,866.4832,2013,12,343,15
2013-12-09 15:30:00,27.98495,776.0898,2013,12,343,15
2013-12-09 15:59:59,27.92823,660.9179,2013,12,343,15
2013-12-09 16:30:00,27.84923,549.1754,2013,12,343,16
2013-12-09 17:00:00,28.1423,440.0368,2013,12,343,17
2013-12-09 17:29:59,27.65443,321.5024,2013,12,343,17
2013-12-09 18:00:00,27.4644,201.189,2013,12,343,18
2013-12-09 18:30:00,27.06584,93.40485,2013,12,343,18
2013-12-09 18:59:59,26.40347,15.31586,2013,12,343,18
2013-12-09 19:30:00,25.53464,-5.022896,2013,12,343,19
2013-12-09 20:00:00,24.78817,-5.517848,2013,12,343,20
2013-12-09 20:29:59,24.24276,-5.211346,2013,12,343,20
2013-12-09 21:00:00,23.81028,-5.101717,2013,12,343,21
2013-12-09 21:30:00,23.29498,-5.162887,2013,12,343,21
2013-12-09 21:59:59,22.82415,-4.78837,2013,12,343,21
2013-12-09 22:30:00,22.18292,-4.740609,2013,12,343,22
2013-12-09 23:00:00,21.69685,-4.655996,2013,12,343,23
2013-12-09 23:29:59,21.24938,-4.781342,2013,12,343,23
2013-12-10 00:00:00,20.73535,-4.783158,2013,12,344,0
2013-12-10 00:30:00,20.35198,-4.538953,2013,12,344,0
2013-12-10 00:59:59,20.06463,-4.64192,2013,12,344,0
2013-12-10 01:30:00,19.75983,-4.536522,2013,12,344,1
2013-12-10 02:00:00,19.38447,-4.497263,2013,12,344,2
2013-12-10 02:29:59,18.93204,-4.700214,2013,12,344,2
2013-12-10 03:00:00,18.49756,-4.645839,2013,12,344,3
2013-12-10 03:30:00,17.96152,-4.493121,2013,12,344,3
2013-12-10 03:59:59,17.42479,-4.402226,2013,12,344,3
2013-12-10 04:30:00,16.9114,-4.209731,2013,12,344,4
2013-12-10 05:00:00,16.31464,0.0657654,2013,12,344,5
2013-12-10 05:29:59,16.12559,51.88776,2013,12,344,5
2013-12-10 06:00:00,16.20629,116.9936,2013,12,344,6
2013-12-10 06:30:00,16.12881,125.2332,2013,12,344,6
2013-12-10 06:59:59,16.06479,186.8017,2013,12,344,6
2013-12-10 07:30:00,16.30397,217.19,2013,12,344,7
2013-12-10 08:00:00,16.47267,285.0956,2013,12,344,8
2013-12-10 08:29:59,16.95564,312.6245,2013,12,344,8
2013-12-10 09:00:00,17.37095,280.8677,2013,12,344,9
2013-12-10 09:30:00,17.85198,544.7738,2013,12,344,9
2013-12-10 09:59:59,18.60451,544.9009,2013,12,344,9
2013-12-10 10:30:00,19.01681,348.9129,2013,12,344,10
2013-12-10 11:00:00,19.5568,485.7266,2013,12,344,11
2013-12-10 11:29:59,20.16832,520.0609,2013,12,344,11
2013-12-10 12:00:00,21.06786,999.5894,2013,12,344,12
2013-12-10 12:30:00,22.12697,1103.689,2013,12,344,12
2013-12-10 12:59:59,23.07015,1081.557,2013,12,344,12
2013-12-10 13:30:00,24.0224,1051.696,2013,12,344,13
2013-12-10 14:00:00,24.72668,995.7786,2013,12,344,14
2013-12-10 14:29:59,25.13954,951.0807,2013,12,344,14
2013-12-10 15:00:00,25.68003,853.1384,2013,12,344,15
2013-12-10 15:30:00,25.93478,653.7006,2013,12,344,15
2013-12-10 15:59:59,26.05128,427.2117,2013,12,344,15
2013-12-10 16:30:00,26.6259,480.6817,2013,12,344,16
2013-12-10 17:00:00,26.60483,475.733,2013,12,344,17
2013-12-10 17:29:59,26.80134,336.9131,2013,12,344,17
2013-12-10 18:00:00,26.65411,154.7171,2013,12,344,18
2013-12-10 18:30:00,26.23638,37.47703,2013,12,344,18
2013-12-10 18:59:59,25.90721,7.583726,2013,12,344,18
2013-12-10 19:30:00,25.28615,-4.884729,2013,12,344,19
2013-12-10 20:00:00,24.25721,-5.239618,2013,12,344,20
2013-12-10 20:29:59,23.56547,-4.812723,2013,12,344,20
2013-12-10 21:00:00,23.03087,-5.13399,2013,12,344,21
2013-12-10 21:30:00,22.50786,-5.268175,2013,12,344,21
2013-12-10 21:59:59,21.75878,-5.24977,2013,12,344,21
2013-12-10 22:30:00,21.02532,-5.530739,2013,12,344,22
2013-12-10 23:00:00,20.45142,-5.063628,2013,12,344,23
2013-12-10 23:29:59,20.039,-4.778809,2013,12,344,23
2013-12-11 00:00:00,19.55394,-4.28482,2013,12,345,0
2013-12-11 00:30:00,19.42873,-3.712329,2013,12,345,0
2013-12-11 00:59:59,18.94147,-4.666252,2013,12,345,0
2013-12-11 01:30:00,18.06749,-4.705575,2013,12,345,1
2013-12-11 02:00:00,17.5733,-4.499784,2013,12,345,2
2013-12-11 02:29:59,17.24343,-4.279389,2013,12,345,2
2013-12-11 03:00:00,16.64244,-4.269369,2013,12,345,3
2013-12-11 03:30:00,15.89619,-4.567405,2013,12,345,3
2013-12-11 03:59:59,16.08425,-4.364564,2013,12,345,3
2013-12-11 04:30:00,15.49623,-4.490431,2013,12,345,4
2013-12-11 05:00:00,15.04648,0.02094219,2013,12,345,5
2013-12-11 05:29:59,14.75232,37.99778,2013,12,345,5
2013-12-11 06:00:00,15.14984,143.389,2013,12,345,6
2013-12-11 06:30:00,16.64207,123.2619,2013,12,345,6
2013-12-11 06:59:59,18.03064,377.7271,2013,12,345,6
2013-12-11 07:30:00,19.35436,362.4979,2013,12,345,7
2013-12-11 08:00:00,20.40504,440.656,2013,12,345,8
2013-12-11 08:29:59,21.10629,729.4226,2013,12,345,8
2013-12-11 09:00:00,22.19161,791.6352,2013,12,345,9
2013-12-11 09:30:00,22.80418,889.042,2013,12,345,9
2013-12-11 09:59:59,23.49892,987.1226,2013,12,345,9
2013-12-11 10:30:00,24.36975,1048.139,2013,12,345,10
2013-12-11 11:00:00,25.0371,1090.573,2013,12,345,11
2013-12-11 11:29:59,25.60186,1121.026,2013,12,345,11
2013-12-11 12:00:00,26.06271,1132.881,2013,12,345,12
2013-12-11 12:30:00,26.65694,1124.164,2013,12,345,12
2013-12-11 12:59:59,27.36027,1105.182,2013,12,345,12
2013-12-11 13:30:00,27.84371,1068.841,2013,12,345,13
2013-12-11 14:00:00,28.1885,1014.188,2013,12,345,14
2013-12-11 14:29:59,28.5728,953.0148,2013,12,345,14
2013-12-11 15:00:00,28.7257,872.39,2013,12,345,15
2013-12-11 15:30:00,29.23444,780.3706,2013,12,345,15
2013-12-11 15:59:59,29.61674,677.0704,2013,12,345,15
2013-12-11 16:30:00,29.72818,568.2817,2013,12,345,16
2013-12-11 17:00:00,29.62504,450.5123,2013,12,345,17
2013-12-11 17:29:59,29.61901,329.9576,2013,12,345,17
2013-12-11 18:00:00,29.52265,210.3475,2013,12,345,18
2013-12-11 18:30:00,29.22759,98.76543,2013,12,345,18
2013-12-11 18:59:59,28.71804,15.23233,2013,12,345,18
2013-12-11 19:30:00,28.05203,-6.531142,2013,12,345,19
2013-12-11 20:00:00,27.30442,-7.019534,2013,12,345,20
2013-12-11 20:29:59,26.42436,-6.994573,2013,12,345,20
2013-12-11 21:00:00,25.64921,-6.603254,2013,12,345,21
2013-12-11 21:30:00,24.91006,-6.180636,2013,12,345,21
2013-12-11 21:59:59,24.31032,-5.985696,2013,12,345,21
2013-12-11 22:30:00,23.43487,-6.244691,2013,12,345,22
2013-12-11 23:00:00,22.77558,-4.961394,2013,12,345,23
2013-12-11 23:29:59,22.5531,-4.871506,2013,12,345,23
2013-12-12 00:00:00,21.82391,-5.387314,2013,12,346,0
2013-12-12 00:30:00,21.63522,-5.16928,2013,12,346,0
2013-12-12 00:59:59,21.17565,-4.770128,2013,12,346,0
2013-12-12 01:30:00,20.79667,-5.013878,2013,12,346,1
2013-12-12 02:00:00,20.58879,-4.602217,2013,12,346,2
2013-12-12 02:29:59,20.08202,-5.058466,2013,12,346,2
2013-12-12 03:00:00,19.37476,-4.728768,2013,12,346,3
2013-12-12 03:30:00,18.95152,-4.803815,2013,12,346,3
2013-12-12 03:59:59,18.7615,-4.537967,2013,12,346,3
2013-12-12 04:30:00,18.73391,-4.376539,2013,12,346,4
2013-12-12 05:00:00,18.06888,-0.6287396,2013,12,346,5
2013-12-12 05:29:59,17.68755,36.2043,2013,12,346,5
2013-12-12 06:00:00,17.60809,138.1195,2013,12,346,6
2013-12-12 06:30:00,18.33207,125.9045,2013,12,346,6
2013-12-12 06:59:59,19.54432,370.5263,2013,12,346,6
2013-12-12 07:30:00,21.10157,376.9489,2013,12,346,7
2013-12-12 08:00:00,22.39273,416.1112,2013,12,346,8
2013-12-12 08:29:59,23.68138,719.3091,2013,12,346,8
2013-12-12 09:00:00,25.15261,787.8122,2013,12,346,9
2013-12-12 09:30:00,26.35745,872.855,2013,12,346,9
2013-12-12 09:59:59,27.47817,974.8819,2013,12,346,9
2013-12-12 10:30:00,28.07714,1028.776,2013,12,346,10
2013-12-12 11:00:00,28.49102,1071.85,2013,12,346,11
2013-12-12 11:29:59,29.04424,1101.421,2013,12,346,11
2013-12-12 12:00:00,29.38635,1112.311,2013,12,346,12
2013-12-12 12:30:00,30.04138,1112.534,2013,12,346,12
2013-12-12 12:59:59,30.08916,1091.732,2013,12,346,12
2013-12-12 13:30:00,30.68172,1056.874,2013,12,346,13
2013-12-12 14:00:00,30.84395,1008.242,2013,12,346,14
2013-12-12 14:29:59,31.37398,941.9308,2013,12,346,14
2013-12-12 15:00:00,31.13158,860.6371,2013,12,346,15
2013-12-12 15:30:00,31.68711,770.4905,2013,12,346,15
2013-12-12 15:59:59,32.02455,668.537,2013,12,346,15
2013-12-12 16:30:00,32.06348,561.7355,2013,12,346,16
2013-12-12 17:00:00,32.226,441.6182,2013,12,346,17
2013-12-12 17:29:59,32.1319,323.4234,2013,12,346,17
2013-12-12 18:00:00,32.14306,205.1119,2013,12,346,18
2013-12-12 18:30:00,31.8832,97.52402,2013,12,346,18
2013-12-12 18:59:59,31.31042,15.88293,2013,12,346,18
2013-12-12 19:30:00,30.53277,-6.089008,2013,12,346,19
2013-12-12 20:00:00,29.56655,-6.371149,2013,12,346,20
2013-12-12 20:29:59,28.71302,-5.919488,2013,12,346,20
2013-12-12 21:00:00,28.52391,-5.565753,2013,12,346,21
2013-12-12 21:30:00,27.70481,-5.980858,2013,12,346,21
2013-12-12 21:59:59,26.80676,-5.387123,2013,12,346,21
2013-12-12 22:30:00,26.25196,-5.244477,2013,12,346,22
2013-12-12 23:00:00,25.17736,-5.704042,2013,12,346,23
2013-12-12 23:29:59,24.66419,-5.513582,2013,12,346,23
2013-12-13 00:00:00,24.43675,-5.07839,2013,12,347,0
2013-12-13 00:30:00,23.87742,-5.283216,2013,12,347,0
2013-12-13 00:59:59,23.36728,-4.136994,2013,12,347,0
2013-12-13 01:30:00,23.62441,-3.883837,2013,12,347,1
2013-12-13 02:00:00,23.10518,-4.019963,2013,12,347,2
2013-12-13 02:29:59,22.824,-3.73899,2013,12,347,2
2013-12-13 03:00:00,22.29538,-4.492883,2013,12,347,3
2013-12-13 03:30:00,20.68314,-4.089005,2013,12,347,3
2013-12-13 03:59:59,20.69375,-4.206759,2013,12,347,3
2013-12-13 04:30:00,20.24588,-4.153951,2013,12,347,4
2013-12-13 05:00:00,20.28382,1.61123,2013,12,347,5
2013-12-13 05:29:59,20.1927,44.3222,2013,12,347,5
2013-12-13 06:00:00,20.53496,139.2715,2013,12,347,6
2013-12-13 06:30:00,21.23929,150.6922,2013,12,347,6
2013-12-13 06:59:59,22.19626,360.9753,2013,12,347,6
2013-12-13 07:30:00,23.77372,432.1477,2013,12,347,7
2013-12-13 08:00:00,24.35544,232.5508,2013,12,347,8
2013-12-13 08:29:59,25.09956,344.5072,2013,12,347,8
2013-12-13 09:00:00,26.93717,914.7794,2013,12,347,9
2013-12-13 09:30:00,26.82845,593.2295,2013,12,347,9
2013-12-13 09:59:59,27.19022,718.3871,2013,12,347,9
2013-12-13 10:30:00,28.94337,1053.57,2013,12,347,10
2013-12-13 11:00:00,30.19289,1092.4,2013,12,347,11
2013-12-13 11:29:59,30.84973,1097.57,2013,12,347,11
2013-12-13 12:00:00,31.79928,1106.013,2013,12,347,12
2013-12-13 12:30:00,31.96693,1104.291,2013,12,347,12
2013-12-13 12:59:59,32.75722,1078.928,2013,12,347,12
2013-12-13 13:30:00,33.06852,1049.038,2013,12,347,13
2013-12-13 14:00:00,33.22631,1004.038,2013,12,347,14
2013-12-13 14:29:59,33.46575,930.01,2013,12,347,14
2013-12-13 15:00:00,33.53893,854.5021,2013,12,347,15
2013-12-13 15:30:00,33.70292,779.5601,2013,12,347,15
2013-12-13 15:59:59,33.9868,675.5986,2013,12,347,15
2013-12-13 16:30:00,33.99451,481.492,2013,12,347,16
2013-12-13 17:00:00,34.1922,389.7415,2013,12,347,17
2013-12-13 17:29:59,34.35612,327.5558,2013,12,347,17
2013-12-13 18:00:00,34.20247,195.7673,2013,12,347,18
2013-12-13 18:30:00,33.77477,70.94023,2013,12,347,18
2013-12-13 18:59:59,33.37908,12.25576,2013,12,347,18
2013-12-13 19:30:00,32.46267,-6.114784,2013,12,347,19
2013-12-13 20:00:00,31.34563,-6.353656,2013,12,347,20
2013-12-13 20:29:59,30.8577,-5.764603,2013,12,347,20
2013-12-13 21:00:00,30.20047,-5.741071,2013,12,347,21
2013-12-13 21:30:00,29.58921,-5.70016,2013,12,347,21
2013-12-13 21:59:59,29.02232,-5.548563,2013,12,347,21
2013-12-13 22:30:00,28.31318,-5.541448,2013,12,347,22
2013-12-13 23:00:00,27.62898,-5.485701,2013,12,347,23
2013-12-13 23:29:59,27.21565,-5.398634,2013,12,347,23
2013-12-14 00:00:00,26.17304,-5.523138,2013,12,348,0
2013-12-14 00:30:00,25.26827,-5.09095,2013,12,348,0
2013-12-14 00:59:59,24.83582,-4.381483,2013,12,348,0
2013-12-14 01:30:00,24.23895,-4.66353,2013,12,348,1
2013-12-14 02:00:00,23.99702,-4.353804,2013,12,348,2
2013-12-14 02:29:59,23.65041,-4.380577,2013,12,348,2
2013-12-14 03:00:00,23.43147,-4.214897,2013,12,348,3
2013-12-14 03:30:00,23.34703,-4.133725,2013,12,348,3
2013-12-14 03:59:59,22.7288,-4.869585,2013,12,348,3
2013-12-14 04:30:00,22.18337,-4.741838,2013,12,348,4
2013-12-14 05:00:00,21.82591,-0.4009809,2013,12,348,5
2013-12-14 05:29:59,21.91753,33.25261,2013,12,348,5
2013-12-14 06:00:00,21.96729,130.9441,2013,12,348,6
2013-12-14 06:30:00,22.31144,126.2968,2013,12,348,6
2013-12-14 06:59:59,24.07346,360.9378,2013,12,348,6
2013-12-14 07:30:00,25.0799,400.9587,2013,12,348,7
2013-12-14 08:00:00,26.32106,369.9002,2013,12,348,8
2013-12-14 08:29:59,27.29396,706.2203,2013,12,348,8
2013-12-14 09:00:00,28.64518,784.7985,2013,12,348,9
2013-12-14 09:30:00,29.65173,849.6265,2013,12,348,9
2013-12-14 09:59:59,30.61254,962.8378,2013,12,348,9
2013-12-14 10:30:00,31.75787,1019.704,2013,12,348,10
2013-12-14 11:00:00,32.44637,1061.835,2013,12,348,11
2013-12-14 11:29:59,33.02813,1084.842,2013,12,348,11
2013-12-14 12:00:00,32.99805,1100.434,2013,12,348,12
2013-12-14 12:30:00,33.96263,1094.072,2013,12,348,12
2013-12-14 12:59:59,34.38415,1088.066,2013,12,348,12
2013-12-14 13:30:00,34.6636,1050.75,2013,12,348,13
2013-12-14 14:00:00,34.77973,1014.241,2013,12,348,14
2013-12-14 14:29:59,35.24512,895.2009,2013,12,348,14
2013-12-14 15:00:00,35.19514,627.3524,2013,12,348,15
2013-12-14 15:30:00,35.84015,680.9415,2013,12,348,15
2013-12-14 15:59:59,35.8965,488.3546,2013,12,348,15
2013-12-14 16:30:00,35.68499,339.1293,2013,12,348,16
2013-12-14 17:00:00,35.55027,253.1467,2013,12,348,17
2013-12-14 17:29:59,35.50618,178.6863,2013,12,348,17
2013-12-14 18:00:00,35.66238,237.1826,2013,12,348,18
2013-12-14 18:30:00,35.33429,94.16153,2013,12,348,18
2013-12-14 18:59:59,34.81054,18.466,2013,12,348,18
2013-12-14 19:30:00,34.21858,-5.726625,2013,12,348,19
2013-12-14 20:00:00,33.27342,-6.223147,2013,12,348,20
2013-12-14 20:29:59,31.98479,-6.275015,2013,12,348,20
2013-12-14 21:00:00,31.2727,-5.413302,2013,12,348,21
2013-12-14 21:30:00,31.01452,-5.760121,2013,12,348,21
2013-12-14 21:59:59,29.91524,-5.934907,2013,12,348,21
2013-12-14 22:30:00,29.39743,-5.358647,2013,12,348,22
2013-12-14 23:00:00,29.22172,-5.057621,2013,12,348,23
2013-12-14 23:29:59,28.85537,-5.565604,2013,12,348,23
2013-12-15 00:00:00,28.00923,-5.550415,2013,12,349,0
2013-12-15 00:30:00,27.37028,-5.544828,2013,12,349,0
2013-12-15 00:59:59,26.8187,-5.181368,2013,12,349,0
2013-12-15 01:30:00,26.27074,-5.050572,2013,12,349,1
2013-12-15 02:00:00,25.6021,-5.017719,2013,12,349,2
2013-12-15 02:29:59,25.02089,-4.740921,2013,12,349,2
2013-12-15 03:00:00,24.25228,-4.915843,2013,12,349,3
2013-12-15 03:30:00,24.28551,-4.279001,2013,12,349,3
2013-12-15 03:59:59,24.16535,-4.036621,2013,12,349,3
2013-12-15 04:30:00,24.03379,-4.3922,2013,12,349,4
2013-12-15 05:00:00,23.72299,-1.085653,2013,12,349,5
2013-12-15 05:29:59,23.40232,31.8566,2013,12,349,5
2013-12-15 06:00:00,23.19758,130.4408,2013,12,349,6
2013-12-15 06:30:00,23.74233,126.532,2013,12,349,6
2013-12-15 06:59:59,25.9531,358.6831,2013,12,349,6
2013-12-15 07:30:00,27.58731,412.0208,2013,12,349,7
2013-12-15 08:00:00,28.43724,353.2473,2013,12,349,8
2013-12-15 08:29:59,29.34697,702.8978,2013,12,349,8
2013-12-15 09:00:00,30.54829,785.6797,2013,12,349,9
2013-12-15 09:30:00,31.66317,838.9014,2013,12,349,9
2013-12-15 09:59:59,32.76722,954.6272,2013,12,349,9
2013-12-15 10:30:00,33.78019,1010.242,2013,12,349,10
2013-12-15 11:00:00,34.49716,1056.074,2013,12,349,11
2013-12-15 11:29:59,34.83747,1084.713,2013,12,349,11
2013-12-15 12:00:00,35.48648,1092.351,2013,12,349,12
2013-12-15 12:30:00,35.78703,1093.601,2013,12,349,12
2013-12-15 12:59:59,36.1308,1076.801,2013,12,349,12
2013-12-15 13:30:00,36.42507,1046.084,2013,12,349,13
2013-12-15 14:00:00,36.77451,1002.13,2013,12,349,14
2013-12-15 14:29:59,36.73711,938.5897,2013,12,349,14
2013-12-15 15:00:00,36.98943,683.9352,2013,12,349,15
2013-12-15 15:30:00,37.44092,777.0847,2013,12,349,15
2013-12-15 15:59:59,37.31129,672.0304,2013,12,349,15
2013-12-15 16:30:00,37.54567,558.1302,2013,12,349,16
2013-12-15 17:00:00,37.61404,445.8143,2013,12,349,17
2013-12-15 17:29:59,37.41162,325.9149,2013,12,349,17
2013-12-15 18:00:00,37.1631,209.9744,2013,12,349,18
2013-12-15 18:30:00,36.86639,100.7943,2013,12,349,18
2013-12-15 18:59:59,36.3259,17.36218,2013,12,349,18
2013-12-15 19:30:00,35.46865,-6.997757,2013,12,349,19
2013-12-15 20:00:00,34.37836,-7.032525,2013,12,349,20
2013-12-15 20:29:59,33.33388,-6.548096,2013,12,349,20
2013-12-15 21:00:00,32.50237,-6.079699,2013,12,349,21
2013-12-15 21:30:00,31.84101,-6.035828,2013,12,349,21
2013-12-15 21:59:59,31.18246,-5.607849,2013,12,349,21
2013-12-15 22:30:00,31.09986,-6.149037,2013,12,349,22
2013-12-15 23:00:00,30.00834,-6.286345,2013,12,349,23
2013-12-15 23:29:59,29.1516,-5.792076,2013,12,349,23
2013-12-16 00:00:00,28.64923,-5.793375,2013,12,350,0
2013-12-16 00:30:00,28.34645,-5.866465,2013,12,350,0
2013-12-16 00:59:59,27.81051,-5.584791,2013,12,350,0
2013-12-16 01:30:00,27.03761,-5.717206,2013,12,350,1
2013-12-16 02:00:00,26.60051,-4.589754,2013,12,350,2
2013-12-16 02:29:59,26.54055,-4.801615,2013,12,350,2
2013-12-16 03:00:00,26.16459,-4.940228,2013,12,350,3
2013-12-16 03:30:00,25.62385,-4.640563,2013,12,350,3
2013-12-16 03:59:59,24.79459,-4.54184,2013,12,350,3
2013-12-16 04:30:00,23.95065,-4.743951,2013,12,350,4
2013-12-16 05:00:00,24.15541,0.1223509,2013,12,350,5
2013-12-16 05:29:59,24.08721,31.31865,2013,12,350,5
2013-12-16 06:00:00,24.26537,131.9165,2013,12,350,6
2013-12-16 06:30:00,25.05404,124.8021,2013,12,350,6
2013-12-16 06:59:59,26.79896,360.2099,2013,12,350,6
2013-12-16 07:30:00,28.98042,426.8675,2013,12,350,7
2013-12-16 08:00:00,30.88865,330.9784,2013,12,350,8
2013-12-16 08:29:59,32.06265,702.3233,2013,12,350,8
2013-12-16 09:00:00,33.08058,792.0582,2013,12,350,9
2013-12-16 09:30:00,34.05654,838.4835,2013,12,350,9
2013-12-16 09:59:59,34.86863,964.5261,2013,12,350,9
2013-12-16 10:30:00,35.35521,1023.081,2013,12,350,10
2013-12-16 11:00:00,35.84135,1062.813,2013,12,350,11
2013-12-16 11:29:59,36.26159,1094.258,2013,12,350,11
2013-12-16 12:00:00,36.95179,1109.762,2013,12,350,12
2013-12-16 12:30:00,37.50239,1113.626,2013,12,350,12
2013-12-16 12:59:59,37.59148,1095.82,2013,12,350,12
2013-12-16 13:30:00,37.51836,1063.315,2013,12,350,13
2013-12-16 14:00:00,38.03109,1010.018,2013,12,350,14
2013-12-16 14:29:59,38.16939,955.9503,2013,12,350,14
2013-12-16 15:00:00,38.67579,872.2515,2013,12,350,15
2013-12-16 15:30:00,38.84166,781.4512,2013,12,350,15
2013-12-16 15:59:59,38.81041,676.4722,2013,12,350,15
2013-12-16 16:30:00,39.13061,572.4434,2013,12,350,16
2013-12-16 17:00:00,38.74467,452.7152,2013,12,350,17
2013-12-16 17:29:59,39.04231,338.2862,2013,12,350,17
2013-12-16 18:00:00,39.28796,220.5561,2013,12,350,18
2013-12-16 18:30:00,38.96077,94.19922,2013,12,350,18
2013-12-16 18:59:59,38.08141,10.03078,2013,12,350,18
2013-12-16 19:30:00,37.32834,-7.258248,2013,12,350,19
2013-12-16 20:00:00,36.79037,-7.246644,2013,12,350,20
2013-12-16 20:29:59,35.55625,-6.7176,2013,12,350,20
2013-12-16 21:00:00,34.68865,-6.105451,2013,12,350,21
2013-12-16 21:30:00,33.90628,-5.928621,2013,12,350,21
2013-12-16 21:59:59,33.84706,-6.582315,2013,12,350,21
2013-12-16 22:30:00,32.83787,-6.31178,2013,12,350,22
2013-12-16 23:00:00,31.90788,-5.938149,2013,12,350,23
2013-12-16 23:29:59,31.79081,-4.74577,2013,12,350,23
2013-12-17 00:00:00,31.77295,-5.293288,2013,12,351,0
2013-12-17 00:30:00,30.53876,-5.460897,2013,12,351,0
2013-12-17 00:59:59,30.4686,-4.553587,2013,12,351,0
2013-12-17 01:30:00,30.2748,-4.758467,2013,12,351,1
2013-12-17 02:00:00,29.95935,-4.509975,2013,12,351,2
2013-12-17 02:29:59,29.50422,-4.508307,2013,12,351,2
2013-12-17 03:00:00,29.20379,-4.624968,2013,12,351,3
2013-12-17 03:30:00,28.4611,-4.96037,2013,12,351,3
2013-12-17 03:59:59,27.83742,-4.940147,2013,12,351,3
2013-12-17 04:30:00,26.77242,-4.45081,2013,12,351,4
2013-12-17 05:00:00,26.50358,-0.203143,2013,12,351,5
2013-12-17 05:29:59,27.87544,33.45781,2013,12,351,5
2013-12-17 06:00:00,28.72446,134.8944,2013,12,351,6
2013-12-17 06:30:00,29.37832,116.3148,2013,12,351,6
2013-12-17 06:59:59,30.61485,360.0406,2013,12,351,6
2013-12-17 07:30:00,31.83222,438.0593,2013,12,351,7
2013-12-17 08:00:00,32.90082,318.1218,2013,12,351,8
2013-12-17 08:29:59,34.07056,696.5831,2013,12,351,8
2013-12-17 09:00:00,35.05873,791.723,2013,12,351,9
2013-12-17 09:30:00,35.85857,829.4393,2013,12,351,9
2013-12-17 09:59:59,NA,NA,2013,12,351,9
2013-12-17 10:30:00,36.88677,1036.524,2013,12,351,10
2013-12-17 11:00:00,37.25474,1031.232,2013,12,351,11
2013-12-17 11:29:59,37.47182,1093.087,2013,12,351,11
2013-12-17 12:00:00,37.61012,1079.065,2013,12,351,12
2013-12-17 12:30:00,37.94828,861.6719,2013,12,351,12
2013-12-17 12:59:59,37.81363,766.7071,2013,12,351,12
2013-12-17 13:30:00,38.22536,398.6685,2013,12,351,13
2013-12-17 14:00:00,38.00286,344.2816,2013,12,351,14
2013-12-17 14:29:59,38.37123,685.2092,2013,12,351,14
2013-12-17 15:00:00,38.57961,547.4092,2013,12,351,15
2013-12-17 15:30:00,38.55529,448.2513,2013,12,351,15
2013-12-17 15:59:59,38.69192,526.0789,2013,12,351,15
2013-12-17 16:30:00,38.95642,591.9949,2013,12,351,16
2013-12-17 17:00:00,38.71231,228.9427,2013,12,351,17
2013-12-17 17:29:59,38.91745,337.3649,2013,12,351,17
2013-12-17 18:00:00,38.91764,208.9493,2013,12,351,18
2013-12-17 18:30:00,38.60204,38.13407,2013,12,351,18
2013-12-17 18:59:59,37.90975,4.004759,2013,12,351,18
2013-12-17 19:30:00,36.99716,-6.555753,2013,12,351,19
2013-12-17 20:00:00,36.31269,-6.347974,2013,12,351,20
2013-12-17 20:29:59,35.503,-6.252678,2013,12,351,20
2013-12-17 21:00:00,34.70087,-5.940914,2013,12,351,21
2013-12-17 21:30:00,33.78114,-5.625584,2013,12,351,21
2013-12-17 21:59:59,33.35024,-4.937085,2013,12,351,21
2013-12-17 22:30:00,33.25378,-4.891932,2013,12,351,22
2013-12-17 23:00:00,32.28859,-4.799266,2013,12,351,23
2013-12-17 23:29:59,32.04205,-4.191928,2013,12,351,23
2013-12-18 00:00:00,31.76364,-4.69263,2013,12,352,0
2013-12-18 00:30:00,31.30056,-5.102334,2013,12,352,0
2013-12-18 00:59:59,30.53392,-4.806443,2013,12,352,0
2013-12-18 01:30:00,29.98824,-4.503846,2013,12,352,1
2013-12-18 02:00:00,30.90117,-3.774456,2013,12,352,2
2013-12-18 02:29:59,31.31166,-4.508129,2013,12,352,2
2013-12-18 03:00:00,30.4241,-4.958318,2013,12,352,3
2013-12-18 03:30:00,29.54179,-4.783178,2013,12,352,3
2013-12-18 03:59:59,28.56101,-4.593521,2013,12,352,3
2013-12-18 04:30:00,27.93395,-4.410591,2013,12,352,4
2013-12-18 05:00:00,27.39979,-0.6876931,2013,12,352,5
2013-12-18 05:29:59,26.90719,34.40446,2013,12,352,5
2013-12-18 06:00:00,26.36895,141.3989,2013,12,352,6
2013-12-18 06:30:00,26.98249,143.4619,2013,12,352,6
2013-12-18 06:59:59,27.9841,332.2947,2013,12,352,6
2013-12-18 07:30:00,29.07516,422.1778,2013,12,352,7
2013-12-18 08:00:00,30.69853,287.7469,2013,12,352,8
2013-12-18 08:29:59,32.47468,682.6928,2013,12,352,8
2013-12-18 09:00:00,33.50438,774.0756,2013,12,352,9
2013-12-18 09:30:00,34.42182,805.9087,2013,12,352,9
2013-12-18 09:59:59,35.81872,934.9538,2013,12,352,9
2013-12-18 10:30:00,36.98714,990.1709,2013,12,352,10
2013-12-18 11:00:00,37.86274,1045.3,2013,12,352,11
2013-12-18 11:29:59,38.22288,1082.081,2013,12,352,11
2013-12-18 12:00:00,38.57545,1108.425,2013,12,352,12
2013-12-18 12:30:00,38.87006,1007.526,2013,12,352,12
2013-12-18 12:59:59,39.05355,872.4802,2013,12,352,12
2013-12-18 13:30:00,39.14029,614.8217,2013,12,352,13
2013-12-18 14:00:00,39.10539,319.8871,2013,12,352,14
2013-12-18 14:29:59,37.81416,250.7375,2013,12,352,14
2013-12-18 15:00:00,36.95466,142.9208,2013,12,352,15
2013-12-18 15:30:00,34.62534,363.375,2013,12,352,15
2013-12-18 15:59:59,35.20666,126.201,2013,12,352,15
2013-12-18 16:30:00,35.60753,58.3042,2013,12,352,16
2013-12-18 17:00:00,36.06446,39.47181,2013,12,352,17
2013-12-18 17:29:59,34.94764,82.48471,2013,12,352,17
2013-12-18 18:00:00,34.61649,115.7322,2013,12,352,18
2013-12-18 18:30:00,34.35845,72.96208,2013,12,352,18
2013-12-18 18:59:59,32.35796,13.38749,2013,12,352,18
2013-12-18 19:30:00,31.08964,-3.176128,2013,12,352,19
2013-12-18 20:00:00,29.97355,-3.284172,2013,12,352,20
2013-12-18 20:29:59,29.68903,-2.883225,2013,12,352,20
2013-12-18 21:00:00,29.74842,-3.09534,2013,12,352,21
2013-12-18 21:30:00,29.15342,-3.294754,2013,12,352,21
2013-12-18 21:59:59,28.49255,-2.849319,2013,12,352,21
2013-12-18 22:30:00,27.79214,-2.921338,2013,12,352,22
2013-12-18 23:00:00,27.03382,-2.508436,2013,12,352,23
2013-12-18 23:29:59,26.56019,-2.694342,2013,12,352,23
2013-12-19 00:00:00,25.42513,-3.156808,2013,12,353,0
2013-12-19 00:30:00,24.12253,-3.282555,2013,12,353,0
2013-12-19 00:59:59,22.08209,-2.374897,2013,12,353,0
2013-12-19 01:30:00,21.07374,-2.277084,2013,12,353,1
2013-12-19 02:00:00,20.70055,-2.41862,2013,12,353,2
2013-12-19 02:29:59,20.34597,-2.051176,2013,12,353,2
2013-12-19 03:00:00,19.93624,-1.45861,2013,12,353,3
2013-12-19 03:30:00,19.32314,-1.414087,2013,12,353,3
2013-12-19 03:59:59,18.62854,-2.030455,2013,12,353,3
2013-12-19 04:30:00,18.13781,-1.45998,2013,12,353,4
2013-12-19 05:00:00,17.5563,-0.5139572,2013,12,353,5
2013-12-19 05:29:59,17.45352,14.3656,2013,12,353,5
2013-12-19 06:00:00,17.44104,14.73169,2013,12,353,6
2013-12-19 06:30:00,17.41631,19.37944,2013,12,353,6
2013-12-19 06:59:59,17.25682,54.72569,2013,12,353,6
2013-12-19 07:30:00,17.36351,90.40222,2013,12,353,7
2013-12-19 08:00:00,17.46584,116.3894,2013,12,353,8
2013-12-19 08:29:59,18.03016,167.8943,2013,12,353,8
2013-12-19 09:00:00,18.84327,271.4521,2013,12,353,9
2013-12-19 09:30:00,19.64459,208.471,2013,12,353,9
2013-12-19 09:59:59,20.59736,317.4832,2013,12,353,9
2013-12-19 10:30:00,20.98446,162.197,2013,12,353,10
2013-12-19 11:00:00,21.27301,180.8163,2013,12,353,11
2013-12-19 11:29:59,21.47264,188.3364,2013,12,353,11
2013-12-19 12:00:00,21.74926,318.6285,2013,12,353,12
2013-12-19 12:30:00,21.82241,182.0539,2013,12,353,12
2013-12-19 12:59:59,22.10642,263.7175,2013,12,353,12
2013-12-19 13:30:00,22.77353,198.8723,2013,12,353,13
2013-12-19 14:00:00,22.34917,123.3144,2013,12,353,14
2013-12-19 14:29:59,22.67432,350.0551,2013,12,353,14
2013-12-19 15:00:00,22.9971,259.8488,2013,12,353,15
2013-12-19 15:30:00,23.40559,234.5098,2013,12,353,15
2013-12-19 15:59:59,23.91042,153.6034,2013,12,353,15
2013-12-19 16:30:00,24.16503,146.1797,2013,12,353,16
2013-12-19 17:00:00,24.1716,103.1622,2013,12,353,17
2013-12-19 17:29:59,24.01852,78.0248,2013,12,353,17
2013-12-19 18:00:00,23.52886,42.58576,2013,12,353,18
2013-12-19 18:30:00,22.82391,34.39325,2013,12,353,18
2013-12-19 18:59:59,22.55099,25.69798,2013,12,353,18
2013-12-19 19:30:00,22.15611,-0.3857467,2013,12,353,19
2013-12-19 20:00:00,21.59862,-1.909037,2013,12,353,20
2013-12-19 20:29:59,21.25636,-2.251495,2013,12,353,20
2013-12-19 21:00:00,20.89632,-2.453925,2013,12,353,21
2013-12-19 21:30:00,20.59832,-2.080965,2013,12,353,21
2013-12-19 21:59:59,20.12387,-2.245179,2013,12,353,21
2013-12-19 22:30:00,19.76602,-2.162953,2013,12,353,22
2013-12-19 23:00:00,19.4494,-1.731018,2013,12,353,23
2013-12-19 23:29:59,19.13693,-1.524431,2013,12,353,23
2013-12-20 00:00:00,18.87503,-1.75179,2013,12,354,0
2013-12-20 00:30:00,18.57783,-1.980389,2013,12,354,0
2013-12-20 00:59:59,18.20947,-1.736956,2013,12,354,0
2013-12-20 01:30:00,17.93157,-0.655062,2013,12,354,1
2013-12-20 02:00:00,17.6981,-1.270237,2013,12,354,2
2013-12-20 02:29:59,17.30357,-1.550482,2013,12,354,2
2013-12-20 03:00:00,17.2504,-0.6673707,2013,12,354,3
2013-12-20 03:30:00,17.1758,-0.5059304,2013,12,354,3
2013-12-20 03:59:59,17.0092,-0.6751244,2013,12,354,3
2013-12-20 04:30:00,16.86551,-0.5379996,2013,12,354,4
2013-12-20 05:00:00,16.78946,0.2950399,2013,12,354,5
2013-12-20 05:29:59,16.42374,12.56287,2013,12,354,5
2013-12-20 06:00:00,16.34351,29.41327,2013,12,354,6
2013-12-20 06:30:00,16.07319,45.71669,2013,12,354,6
2013-12-20 06:59:59,15.91619,68.31138,2013,12,354,6
2013-12-20 07:30:00,16.03502,104.094,2013,12,354,7
2013-12-20 08:00:00,16.03952,136.4218,2013,12,354,8
2013-12-20 08:29:59,15.87803,234.5264,2013,12,354,8
2013-12-20 09:00:00,16.26332,144.1097,2013,12,354,9
2013-12-20 09:30:00,16.18021,172.662,2013,12,354,9
2013-12-20 09:59:59,15.31203,176.7675,2013,12,354,9
2013-12-20 10:30:00,15.87377,291.2827,2013,12,354,10
2013-12-20 11:00:00,16.62041,318.7555,2013,12,354,11
2013-12-20 11:29:59,16.85225,185.0185,2013,12,354,11
2013-12-20 12:00:00,16.71753,230.3949,2013,12,354,12
2013-12-20 12:30:00,16.80748,215.0799,2013,12,354,12
2013-12-20 12:59:59,16.33804,221.2815,2013,12,354,12
2013-12-20 13:30:00,16.96977,314.1842,2013,12,354,13
2013-12-20 14:00:00,17.22216,252.4187,2013,12,354,14
2013-12-20 14:29:59,16.95871,175.9885,2013,12,354,14
2013-12-20 15:00:00,16.69003,146.292,2013,12,354,15
2013-12-20 15:30:00,17.08655,287.3572,2013,12,354,15
2013-12-20 15:59:59,17.40264,214.78,2013,12,354,15
2013-12-20 16:30:00,17.67368,158.8086,2013,12,354,16
2013-12-20 17:00:00,17.55535,112.0868,2013,12,354,17
2013-12-20 17:29:59,17.54674,105.3776,2013,12,354,17
2013-12-20 18:00:00,17.69766,57.51356,2013,12,354,18
2013-12-20 18:30:00,17.16532,35.76987,2013,12,354,18
2013-12-20 18:59:59,16.76559,13.95383,2013,12,354,18
2013-12-20 19:30:00,16.73746,-0.6123896,2013,12,354,19
2013-12-20 20:00:00,16.80618,-1.749703,2013,12,354,20
2013-12-20 20:29:59,16.69089,-3.760461,2013,12,354,20
2013-12-20 21:00:00,16.42889,-3.979579,2013,12,354,21
2013-12-20 21:30:00,15.93786,-4.434765,2013,12,354,21
2013-12-20 21:59:59,15.38221,-3.695513,2013,12,354,21
2013-12-20 22:30:00,15.1541,-1.104099,2013,12,354,22
2013-12-20 23:00:00,15.26278,-1.350073,2013,12,354,23
2013-12-20 23:29:59,15.2904,-1.464965,2013,12,354,23
2013-12-21 00:00:00,15.24042,-1.029708,2013,12,355,0
2013-12-21 00:30:00,14.73585,-0.9931056,2013,12,355,0
2013-12-21 00:59:59,14.64625,-0.9872838,2013,12,355,0
2013-12-21 01:30:00,14.60343,-1.007766,2013,12,355,1
2013-12-21 02:00:00,14.42601,-1.890201,2013,12,355,2
2013-12-21 02:29:59,13.37681,-2.992121,2013,12,355,2
2013-12-21 03:00:00,12.84573,-1.46251,2013,12,355,3
2013-12-21 03:30:00,12.9694,-0.98391,2013,12,355,3
2013-12-21 03:59:59,12.89108,-1.831393,2013,12,355,3
2013-12-21 04:30:00,12.72314,-0.9004816,2013,12,355,4
2013-12-21 05:00:00,12.72612,1.038358,2013,12,355,5
2013-12-21 05:29:59,12.59554,12.87159,2013,12,355,5
2013-12-21 06:00:00,12.70757,70.35161,2013,12,355,6
2013-12-21 06:30:00,13.10775,94.83195,2013,12,355,6
2013-12-21 06:59:59,13.09297,154.4662,2013,12,355,6
2013-12-21 07:30:00,13.39422,213.6096,2013,12,355,7
2013-12-21 08:00:00,13.78592,264.6821,2013,12,355,8
2013-12-21 08:29:59,14.41203,364.0369,2013,12,355,8
2013-12-21 09:00:00,14.82398,445.567,2013,12,355,9
2013-12-21 09:30:00,15.60815,640.358,2013,12,355,9
2013-12-21 09:59:59,16.3612,926.0645,2013,12,355,9
2013-12-21 10:30:00,17.30631,1067.95,2013,12,355,10
2013-12-21 11:00:00,18.14536,1094.977,2013,12,355,11
2013-12-21 11:29:59,18.85899,1130.062,2013,12,355,11
2013-12-21 12:00:00,19.34958,925.7454,2013,12,355,12
2013-12-21 12:30:00,20.08602,1068.916,2013,12,355,12
2013-12-21 12:59:59,20.08079,867.8852,2013,12,355,12
2013-12-21 13:30:00,20.49775,1020.246,2013,12,355,13
2013-12-21 14:00:00,21.25163,1078.129,2013,12,355,14
2013-12-21 14:29:59,21.68385,1001.716,2013,12,355,14
2013-12-21 15:00:00,22.22751,910.7569,2013,12,355,15
2013-12-21 15:30:00,21.96986,499.9922,2013,12,355,15
2013-12-21 15:59:59,22.1228,471.4257,2013,12,355,15
2013-12-21 16:30:00,22.06316,429.9836,2013,12,355,16
2013-12-21 17:00:00,22.03874,297.4407,2013,12,355,17
2013-12-21 17:29:59,21.82125,149.2156,2013,12,355,17
2013-12-21 18:00:00,21.36634,110.2253,2013,12,355,18
2013-12-21 18:30:00,20.98184,68.33008,2013,12,355,18
2013-12-21 18:59:59,20.75011,45.68752,2013,12,355,18
2013-12-21 19:30:00,20.33217,-0.4976599,2013,12,355,19
2013-12-21 20:00:00,19.9662,-5.256568,2013,12,355,20
2013-12-21 20:29:59,19.51829,-5.184237,2013,12,355,20
2013-12-21 21:00:00,19.05013,-4.870784,2013,12,355,21
2013-12-21 21:30:00,18.65237,-4.675072,2013,12,355,21
2013-12-21 21:59:59,18.18091,-4.609358,2013,12,355,21
2013-12-21 22:30:00,17.71726,-4.506189,2013,12,355,22
2013-12-21 23:00:00,17.27536,-4.508396,2013,12,355,23
2013-12-21 23:29:59,16.78216,-4.454319,2013,12,355,23
2013-12-22 00:00:00,16.33846,-4.478212,2013,12,356,0
2013-12-22 00:30:00,15.93088,-4.395134,2013,12,356,0
2013-12-22 00:59:59,15.52399,-4.314425,2013,12,356,0
2013-12-22 01:30:00,15.06535,-4.277011,2013,12,356,1
2013-12-22 02:00:00,14.65807,-4.483045,2013,12,356,2
2013-12-22 02:29:59,14.27113,-4.430936,2013,12,356,2
2013-12-22 03:00:00,13.85822,-4.482743,2013,12,356,3
2013-12-22 03:30:00,13.57446,-4.536277,2013,12,356,3
2013-12-22 03:59:59,13.28493,-4.171039,2013,12,356,3
2013-12-22 04:30:00,13.20905,-4.217329,2013,12,356,4
2013-12-22 05:00:00,12.97595,-1.465209,2013,12,356,5
2013-12-22 05:29:59,12.89903,25.98635,2013,12,356,5
2013-12-22 06:00:00,13.07898,118.3072,2013,12,356,6
2013-12-22 06:30:00,13.3606,136.7569,2013,12,356,6
2013-12-22 06:59:59,13.79495,346.957,2013,12,356,6
2013-12-22 07:30:00,14.21806,475.8903,2013,12,356,7
2013-12-22 08:00:00,15.08889,277.4915,2013,12,356,8
2013-12-22 08:29:59,15.69417,711.2377,2013,12,356,8
2013-12-22 09:00:00,16.55832,811.626,2013,12,356,9
2013-12-22 09:30:00,17.04174,836.9941,2013,12,356,9
2013-12-22 09:59:59,17.86789,975.6729,2013,12,356,9
2013-12-22 10:30:00,18.53919,1037.302,2013,12,356,10
2013-12-22 11:00:00,19.4728,1084.728,2013,12,356,11
2013-12-22 11:29:59,20.15239,1112.594,2013,12,356,11
2013-12-22 12:00:00,20.83632,1121.203,2013,12,356,12
2013-12-22 12:30:00,21.52456,1115.964,2013,12,356,12
2013-12-22 12:59:59,22.18501,1116.35,2013,12,356,12
2013-12-22 13:30:00,23.06895,908.8851,2013,12,356,13
2013-12-22 14:00:00,23.80493,760.0325,2013,12,356,14
2013-12-22 14:29:59,24.19079,660.0795,2013,12,356,14
2013-12-22 15:00:00,24.29767,479.5891,2013,12,356,15
2013-12-22 15:30:00,24.71279,607.8342,2013,12,356,15
2013-12-22 15:59:59,24.74494,525.633,2013,12,356,15
2013-12-22 16:30:00,25.24998,636.9796,2013,12,356,16
2013-12-22 17:00:00,25.30401,327.3311,2013,12,356,17
2013-12-22 17:29:59,25.08942,255.1529,2013,12,356,17
2013-12-22 18:00:00,24.84938,120.7161,2013,12,356,18
2013-12-22 18:30:00,24.68399,57.99513,2013,12,356,18
2013-12-22 18:59:59,24.25593,15.42965,2013,12,356,18
2013-12-22 19:30:00,23.86597,-2.736127,2013,12,356,19
2013-12-22 20:00:00,23.46257,-4.33467,2013,12,356,20
2013-12-22 20:29:59,22.90326,-4.656027,2013,12,356,20
2013-12-22 21:00:00,22.38134,-5.434873,2013,12,356,21
2013-12-22 21:30:00,21.91977,-5.329124,2013,12,356,21
2013-12-22 21:59:59,21.36761,-5.08589,2013,12,356,21
2013-12-22 22:30:00,20.78772,-4.420799,2013,12,356,22
2013-12-22 23:00:00,20.23725,-4.178409,2013,12,356,23
2013-12-22 23:29:59,19.83558,-4.36911,2013,12,356,23
2013-12-23 00:00:00,19.56189,-4.24625,2013,12,357,0
2013-12-23 00:30:00,19.29343,-3.826024,2013,12,357,0
2013-12-23 00:59:59,18.95578,-4.142371,2013,12,357,0
2013-12-23 01:30:00,18.84657,-3.772201,2013,12,357,1
2013-12-23 02:00:00,18.51823,-2.668164,2013,12,357,2
2013-12-23 02:29:59,18.20231,-2.852348,2013,12,357,2
2013-12-23 03:00:00,18.16191,-3.337355,2013,12,357,3
2013-12-23 03:30:00,18.12233,-3.341325,2013,12,357,3
2013-12-23 03:59:59,17.85529,-3.490074,2013,12,357,3
2013-12-23 04:30:00,17.40438,-4.717176,2013,12,357,4
2013-12-23 05:00:00,17.04161,-3.017241,2013,12,357,5
2013-12-23 05:29:59,16.45688,22.56446,2013,12,357,5
2013-12-23 06:00:00,16.60975,129.3041,2013,12,357,6
2013-12-23 06:30:00,17.40569,134.7814,2013,12,357,6
2013-12-23 06:59:59,19.13795,354.1583,2013,12,357,6
2013-12-23 07:30:00,19.98123,477.9313,2013,12,357,7
2013-12-23 08:00:00,20.90171,271.7318,2013,12,357,8
2013-12-23 08:29:59,21.70264,711.4161,2013,12,357,8
2013-12-23 09:00:00,22.49387,812.1091,2013,12,357,9
2013-12-23 09:30:00,23.28249,832.9152,2013,12,357,9
2013-12-23 09:59:59,24.09324,972.9706,2013,12,357,9
2013-12-23 10:30:00,24.9212,1037.391,2013,12,357,10
2013-12-23 11:00:00,25.34919,1083.392,2013,12,357,11
2013-12-23 11:29:59,26.18377,1112.67,2013,12,357,11
2013-12-23 12:00:00,26.70019,1128.062,2013,12,357,12
2013-12-23 12:30:00,27.23556,1132.717,2013,12,357,12
2013-12-23 12:59:59,27.78872,1109.785,2013,12,357,12
2013-12-23 13:30:00,28.53637,1075.441,2013,12,357,13
2013-12-23 14:00:00,29.22657,1030.772,2013,12,357,14
2013-12-23 14:29:59,29.51925,964.3356,2013,12,357,14
2013-12-23 15:00:00,29.86868,888.8561,2013,12,357,15
2013-12-23 15:30:00,30.43883,801.5365,2013,12,357,15
2013-12-23 15:59:59,30.74896,704.0065,2013,12,357,15
2013-12-23 16:30:00,30.91793,598.004,2013,12,357,16
2013-12-23 17:00:00,30.89751,483.1828,2013,12,357,17
2013-12-23 17:29:59,30.89584,360.9276,2013,12,357,17
2013-12-23 18:00:00,31.04906,240.9236,2013,12,357,18
2013-12-23 18:30:00,30.7518,127.94,2013,12,357,18
2013-12-23 18:59:59,30.33688,31.33556,2013,12,357,18
2013-12-23 19:30:00,29.69281,-6.385098,2013,12,357,19
2013-12-23 20:00:00,28.98918,-7.217391,2013,12,357,20
2013-12-23 20:29:59,28.43074,-6.571327,2013,12,357,20
2013-12-23 21:00:00,27.50152,-6.732152,2013,12,357,21
2013-12-23 21:30:00,26.49572,-6.898128,2013,12,357,21
2013-12-23 21:59:59,25.82944,-6.469093,2013,12,357,21
2013-12-23 22:30:00,24.98795,-6.179569,2013,12,357,22
2013-12-23 23:00:00,24.03545,-5.513433,2013,12,357,23
2013-12-23 23:29:59,23.34108,-5.10296,2013,12,357,23
2013-12-24 00:00:00,23.02102,-5.453587,2013,12,358,0
2013-12-24 00:30:00,22.1207,-5.532687,2013,12,358,0
2013-12-24 00:59:59,21.6698,-4.85271,2013,12,358,0
2013-12-24 01:30:00,21.41002,-4.948863,2013,12,358,1
2013-12-24 02:00:00,20.93895,-4.782625,2013,12,358,2
2013-12-24 02:29:59,20.76788,-4.978276,2013,12,358,2
2013-12-24 03:00:00,20.32475,-4.818099,2013,12,358,3
2013-12-24 03:30:00,19.93144,-4.492151,2013,12,358,3
2013-12-24 03:59:59,19.60048,-4.548247,2013,12,358,3
2013-12-24 04:30:00,19.33474,-4.486632,2013,12,358,4
2013-12-24 05:00:00,18.98854,-2.102508,2013,12,358,5
2013-12-24 05:29:59,18.69482,22.62508,2013,12,358,5
2013-12-24 06:00:00,19.07176,128.0141,2013,12,358,6
2013-12-24 06:30:00,20.74838,136.8125,2013,12,358,6
2013-12-24 06:59:59,22.74164,346.2651,2013,12,358,6
2013-12-24 07:30:00,23.79448,471.4875,2013,12,358,7
2013-12-24 08:00:00,25.10947,267.9509,2013,12,358,8
2013-12-24 08:29:59,25.89984,704.2936,2013,12,358,8
2013-12-24 09:00:00,26.91214,798.3556,2013,12,358,9
2013-12-24 09:30:00,28.16034,817.3584,2013,12,358,9
2013-12-24 09:59:59,29.18093,965.3976,2013,12,358,9
2013-12-24 10:30:00,30.09782,1002.742,2013,12,358,10
2013-12-24 11:00:00,30.82173,1047.654,2013,12,358,11
2013-12-24 11:29:59,31.31837,1097.289,2013,12,358,11
2013-12-24 12:00:00,31.8605,1114.005,2013,12,358,12
2013-12-24 12:30:00,32.08033,1111.562,2013,12,358,12
2013-12-24 12:59:59,32.91757,1090.255,2013,12,358,12
2013-12-24 13:30:00,33.68569,1073.902,2013,12,358,13
2013-12-24 14:00:00,33.96764,964.0396,2013,12,358,14
2013-12-24 14:29:59,34.57831,934.0391,2013,12,358,14
2013-12-24 15:00:00,34.37669,735.1826,2013,12,358,15
2013-12-24 15:30:00,35.03214,801.8475,2013,12,358,15
2013-12-24 15:59:59,35.5008,711.0555,2013,12,358,15
2013-12-24 16:30:00,35.65407,504.7797,2013,12,358,16
2013-12-24 17:00:00,35.99997,484.4888,2013,12,358,17
2013-12-24 17:29:59,35.84443,302.1625,2013,12,358,17
2013-12-24 18:00:00,36.06097,165.2102,2013,12,358,18
2013-12-24 18:30:00,35.83956,84.06085,2013,12,358,18
2013-12-24 18:59:59,35.60132,20.97622,2013,12,358,18
2013-12-24 19:30:00,35.31084,-5.633419,2013,12,358,19
2013-12-24 20:00:00,34.34809,-6.868584,2013,12,358,20
2013-12-24 20:29:59,33.27751,-5.992771,2013,12,358,20
2013-12-24 21:00:00,32.90333,-4.655991,2013,12,358,21
2013-12-24 21:30:00,32.7428,-5.530194,2013,12,358,21
2013-12-24 21:59:59,31.30042,-5.646224,2013,12,358,21
2013-12-24 22:30:00,30.89895,-6.154873,2013,12,358,22
2013-12-24 23:00:00,29.8791,-5.969216,2013,12,358,23
2013-12-24 23:29:59,29.1167,-5.904241,2013,12,358,23
2013-12-25 00:00:00,28.04986,-5.857115,2013,12,359,0
2013-12-25 00:30:00,27.29068,-5.352477,2013,12,359,0
2013-12-25 00:59:59,26.34426,-5.635055,2013,12,359,0
2013-12-25 01:30:00,24.88799,-5.268003,2013,12,359,1
2013-12-25 02:00:00,23.49379,-5.176599,2013,12,359,2
2013-12-25 02:29:59,21.82996,-4.572283,2013,12,359,2
2013-12-25 03:00:00,20.76188,-4.355405,2013,12,359,3
2013-12-25 03:30:00,19.92031,-4.039162,2013,12,359,3
2013-12-25 03:59:59,19.1932,-4.019278,2013,12,359,3
2013-12-25 04:30:00,18.42647,-3.669244,2013,12,359,4
2013-12-25 05:00:00,18.12263,0.7005309,2013,12,359,5
2013-12-25 05:29:59,17.98569,29.83057,2013,12,359,5
2013-12-25 06:00:00,18.06747,100.4908,2013,12,359,6
2013-12-25 06:30:00,18.40998,131.2344,2013,12,359,6
2013-12-25 06:59:59,19.08721,309.0573,2013,12,359,6
2013-12-25 07:30:00,19.59627,454.1789,2013,12,359,7
2013-12-25 08:00:00,20.19235,286.6465,2013,12,359,8
2013-12-25 08:29:59,21.11213,693.417,2013,12,359,8
2013-12-25 09:00:00,21.84592,731.9084,2013,12,359,9
2013-12-25 09:30:00,22.49449,760.933,2013,12,359,9
2013-12-25 09:59:59,23.49643,928.2534,2013,12,359,9
2013-12-25 10:30:00,24.43279,994.5842,2013,12,359,10
2013-12-25 11:00:00,25.3894,1012.502,2013,12,359,11
2013-12-25 11:29:59,26.33007,1056.901,2013,12,359,11
2013-12-25 12:00:00,27.69629,1110.66,2013,12,359,12
2013-12-25 12:30:00,28.47319,1094.532,2013,12,359,12
2013-12-25 12:59:59,29.4918,1070.5,2013,12,359,12
2013-12-25 13:30:00,30.47947,1040.404,2013,12,359,13
2013-12-25 14:00:00,31.40162,983.8965,2013,12,359,14
2013-12-25 14:29:59,32.14163,861.0597,2013,12,359,14
2013-12-25 15:00:00,32.97921,830.0263,2013,12,359,15
2013-12-25 15:30:00,33.4127,786.4116,2013,12,359,15
2013-12-25 15:59:59,34.27455,683.0282,2013,12,359,15
2013-12-25 16:30:00,34.52611,565.2479,2013,12,359,16
2013-12-25 17:00:00,35.1781,458.9086,2013,12,359,17
2013-12-25 17:29:59,35.09732,304.7905,2013,12,359,17
2013-12-25 18:00:00,34.85128,161.6904,2013,12,359,18
2013-12-25 18:30:00,34.47714,79.47952,2013,12,359,18
2013-12-25 18:59:59,33.72455,8.580363,2013,12,359,18
2013-12-25 19:30:00,32.95493,-5.351459,2013,12,359,19
2013-12-25 20:00:00,32.07524,-6.112663,2013,12,359,20
2013-12-25 20:29:59,31.23928,-5.792201,2013,12,359,20
2013-12-25 21:00:00,30.58964,-5.507325,2013,12,359,21
2013-12-25 21:30:00,29.99423,-4.845716,2013,12,359,21
2013-12-25 21:59:59,29.4987,-5.33023,2013,12,359,21
2013-12-25 22:30:00,28.98554,-5.578272,2013,12,359,22
2013-12-25 23:00:00,28.5542,-5.70784,2013,12,359,23
2013-12-25 23:29:59,28.12152,-5.697879,2013,12,359,23
2013-12-26 00:00:00,27.63524,-5.476714,2013,12,360,0
2013-12-26 00:30:00,27.08829,-5.009211,2013,12,360,0
2013-12-26 00:59:59,26.36374,-5.222611,2013,12,360,0
2013-12-26 01:30:00,26.05006,-4.698651,2013,12,360,1
2013-12-26 02:00:00,25.53837,-4.807342,2013,12,360,2
2013-12-26 02:29:59,24.92916,-4.588558,2013,12,360,2
2013-12-26 03:00:00,24.3475,-3.94944,2013,12,360,3
2013-12-26 03:30:00,23.62944,-3.92868,2013,12,360,3
2013-12-26 03:59:59,23.13748,-3.776564,2013,12,360,3
2013-12-26 04:30:00,22.63598,-4.107676,2013,12,360,4
2013-12-26 05:00:00,22.46355,-1.909596,2013,12,360,5
2013-12-26 05:29:59,22.15783,20.56748,2013,12,360,5
2013-12-26 06:00:00,22.18838,111.283,2013,12,360,6
2013-12-26 06:30:00,22.43309,135.196,2013,12,360,6
2013-12-26 06:59:59,23.02162,312.6715,2013,12,360,6
2013-12-26 07:30:00,23.69256,447.5373,2013,12,360,7
2013-12-26 08:00:00,24.72359,262.4023,2013,12,360,8
2013-12-26 08:29:59,26.13978,673.6727,2013,12,360,8
2013-12-26 09:00:00,27.24038,773.2977,2013,12,360,9
2013-12-26 09:30:00,28.91009,800.1915,2013,12,360,9
2013-12-26 09:59:59,30.22942,934.0701,2013,12,360,9
2013-12-26 10:30:00,31.89773,994.7183,2013,12,360,10
2013-12-26 11:00:00,33.10413,1038.457,2013,12,360,11
2013-12-26 11:29:59,34.45289,1064.898,2013,12,360,11
2013-12-26 12:00:00,35.86721,1077.317,2013,12,360,12
2013-12-26 12:30:00,36.93254,1077.646,2013,12,360,12
2013-12-26 12:59:59,38.03745,1062.123,2013,12,360,12
2013-12-26 13:30:00,38.74543,1029.141,2013,12,360,13
2013-12-26 14:00:00,39.94717,987.069,2013,12,360,14
2013-12-26 14:29:59,40.041,926.5158,2013,12,360,14
2013-12-26 15:00:00,40.1909,834.7526,2013,12,360,15
2013-12-26 15:30:00,40.69153,773.4831,2013,12,360,15
2013-12-26 15:59:59,41.01304,680.2285,2013,12,360,15
2013-12-26 16:30:00,41.21581,575.9014,2013,12,360,16
2013-12-26 17:00:00,41.32387,454.7412,2013,12,360,17
2013-12-26 17:29:59,41.26892,302.7682,2013,12,360,17
2013-12-26 18:00:00,41.31331,165.141,2013,12,360,18
2013-12-26 18:30:00,41.03373,58.54258,2013,12,360,18
2013-12-26 18:59:59,40.82277,29.87963,2013,12,360,18
2013-12-26 19:30:00,39.97437,-4.585613,2013,12,360,19
2013-12-26 20:00:00,38.4461,-6.663884,2013,12,360,20
2013-12-26 20:29:59,37.60374,-6.556611,2013,12,360,20
2013-12-26 21:00:00,36.69465,-6.54548,2013,12,360,21
2013-12-26 21:30:00,35.65932,-6.543183,2013,12,360,21
2013-12-26 21:59:59,34.83345,-6.356881,2013,12,360,21
2013-12-26 22:30:00,34.03336,-6.089586,2013,12,360,22
2013-12-26 23:00:00,33.36225,-5.810003,2013,12,360,23
2013-12-26 23:29:59,32.52718,-6.103446,2013,12,360,23
2013-12-27 00:00:00,31.15705,-6.029091,2013,12,361,0
2013-12-27 00:30:00,29.83801,-5.794567,2013,12,361,0
2013-12-27 00:59:59,28.36643,-5.440911,2013,12,361,0
2013-12-27 01:30:00,27.51391,-5.035776,2013,12,361,1
2013-12-27 02:00:00,26.63658,-5.226014,2013,12,361,2
2013-12-27 02:29:59,25.45612,-5.314792,2013,12,361,2
2013-12-27 03:00:00,24.82339,-4.797215,2013,12,361,3
2013-12-27 03:30:00,24.31087,-4.610552,2013,12,361,3
2013-12-27 03:59:59,23.62354,-4.651317,2013,12,361,3
2013-12-27 04:30:00,23.06832,-4.564061,2013,12,361,4
2013-12-27 05:00:00,22.74036,-2.632544,2013,12,361,5
2013-12-27 05:29:59,22.5846,18.9355,2013,12,361,5
2013-12-27 06:00:00,22.90074,112.5024,2013,12,361,6
2013-12-27 06:30:00,24.03808,137.9567,2013,12,361,6
2013-12-27 06:59:59,25.15623,312.5383,2013,12,361,6
2013-12-27 07:30:00,26.37191,455.6657,2013,12,361,7
2013-12-27 08:00:00,28.03391,262.2704,2013,12,361,8
2013-12-27 08:29:59,29.50328,680.5892,2013,12,361,8
2013-12-27 09:00:00,30.65128,781.9711,2013,12,361,9
2013-12-27 09:30:00,31.03325,808.41,2013,12,361,9
2013-12-27 09:59:59,31.36431,946.768,2013,12,361,9
2013-12-27 10:30:00,32.16087,1011.514,2013,12,361,10
2013-12-27 11:00:00,32.7426,1062.15,2013,12,361,11
2013-12-27 11:29:59,33.53475,1096.246,2013,12,361,11
2013-12-27 12:00:00,33.75446,1114.559,2013,12,361,12
2013-12-27 12:30:00,34.43257,1114.804,2013,12,361,12
2013-12-27 12:59:59,34.79206,1100.407,2013,12,361,12
2013-12-27 13:30:00,35.18961,1065.513,2013,12,361,13
2013-12-27 14:00:00,35.52713,1019.657,2013,12,361,14
2013-12-27 14:29:59,36.03091,961.9512,2013,12,361,14
2013-12-27 15:00:00,36.15311,886.4545,2013,12,361,15
2013-12-27 15:30:00,36.58014,800.0495,2013,12,361,15
2013-12-27 15:59:59,36.5495,700.4977,2013,12,361,15
2013-12-27 16:30:00,36.6461,594.3402,2013,12,361,16
2013-12-27 17:00:00,36.70689,480.7719,2013,12,361,17
2013-12-27 17:29:59,36.74692,362.5713,2013,12,361,17
2013-12-27 18:00:00,36.19986,242.8856,2013,12,361,18
2013-12-27 18:30:00,35.89231,128.2641,2013,12,361,18
2013-12-27 18:59:59,35.26358,35.35252,2013,12,361,18
2013-12-27 19:30:00,34.42511,-4.887388,2013,12,361,19
2013-12-27 20:00:00,33.49868,-6.931781,2013,12,361,20
2013-12-27 20:29:59,32.44598,-6.39747,2013,12,361,20
2013-12-27 21:00:00,31.61458,-6.078838,2013,12,361,21
2013-12-27 21:30:00,30.93963,-5.849521,2013,12,361,21
2013-12-27 21:59:59,30.26283,-5.83201,2013,12,361,21
2013-12-27 22:30:00,29.15612,-5.331549,2013,12,361,22
2013-12-27 23:00:00,26.8354,-4.586272,2013,12,361,23
2013-12-27 23:29:59,25.33744,-4.220491,2013,12,361,23
2013-12-28 00:00:00,23.9437,-4.244515,2013,12,362,0
2013-12-28 00:30:00,22.98303,-4.136505,2013,12,362,0
2013-12-28 00:59:59,22.04565,-3.957945,2013,12,362,0
2013-12-28 01:30:00,21.40571,-4.320694,2013,12,362,1
2013-12-28 02:00:00,20.59861,-4.140368,2013,12,362,2
2013-12-28 02:29:59,19.68981,-3.783852,2013,12,362,2
2013-12-28 03:00:00,19.10353,-3.72895,2013,12,362,3
2013-12-28 03:30:00,18.72499,-3.66847,2013,12,362,3
2013-12-28 03:59:59,18.23083,-3.699474,2013,12,362,3
2013-12-28 04:30:00,17.79454,-3.651465,2013,12,362,4
2013-12-28 05:00:00,17.46037,-1.756964,2013,12,362,5
2013-12-28 05:29:59,17.17676,19.74593,2013,12,362,5
2013-12-28 06:00:00,17.1379,112.3111,2013,12,362,6
2013-12-28 06:30:00,17.43053,143.0555,2013,12,362,6
2013-12-28 06:59:59,17.95692,307.558,2013,12,362,6
2013-12-28 07:30:00,18.63293,453.7136,2013,12,362,7
2013-12-28 08:00:00,19.45883,266.3344,2013,12,362,8
2013-12-28 08:29:59,20.08204,681.3483,2013,12,362,8
2013-12-28 09:00:00,20.85382,780.8848,2013,12,362,9
2013-12-28 09:30:00,21.82331,809.8187,2013,12,362,9
2013-12-28 09:59:59,22.71554,945.3734,2013,12,362,9
2013-12-28 10:30:00,23.63935,1009.224,2013,12,362,10
2013-12-28 11:00:00,24.34051,1057.267,2013,12,362,11
2013-12-28 11:29:59,25.29229,1085.946,2013,12,362,11
2013-12-28 12:00:00,26.32872,1098.763,2013,12,362,12
2013-12-28 12:30:00,27.13894,1098.018,2013,12,362,12
2013-12-28 12:59:59,27.85013,1084.065,2013,12,362,12
2013-12-28 13:30:00,28.51689,1053.069,2013,12,362,13
2013-12-28 14:00:00,29.42675,1008.626,2013,12,362,14
2013-12-28 14:29:59,30.22168,947.6192,2013,12,362,14
2013-12-28 15:00:00,30.97968,872.8718,2013,12,362,15
2013-12-28 15:30:00,31.36026,786.2885,2013,12,362,15
2013-12-28 15:59:59,31.94809,688.868,2013,12,362,15
2013-12-28 16:30:00,32.16395,584.2967,2013,12,362,16
2013-12-28 17:00:00,32.46421,472.7704,2013,12,362,17
2013-12-28 17:29:59,32.43993,354.8366,2013,12,362,17
2013-12-28 18:00:00,32.35541,237.9167,2013,12,362,18
2013-12-28 18:30:00,32.24623,126.5183,2013,12,362,18
2013-12-28 18:59:59,31.98854,35.38923,2013,12,362,18
2013-12-28 19:30:00,31.39419,-3.864533,2013,12,362,19
2013-12-28 20:00:00,30.76171,-5.669598,2013,12,362,20
2013-12-28 20:29:59,30.17177,-5.374214,2013,12,362,20
2013-12-28 21:00:00,29.54641,-5.352635,2013,12,362,21
2013-12-28 21:30:00,28.89222,-5.303869,2013,12,362,21
2013-12-28 21:59:59,28.31033,-5.005544,2013,12,362,21
2013-12-28 22:30:00,27.66844,-4.786837,2013,12,362,22
2013-12-28 23:00:00,27.29415,-4.793546,2013,12,362,23
2013-12-28 23:29:59,26.70301,-4.852783,2013,12,362,23
2013-12-29 00:00:00,26.23581,-4.707045,2013,12,363,0
2013-12-29 00:30:00,25.78628,-4.805375,2013,12,363,0
2013-12-29 00:59:59,25.19326,-4.511107,2013,12,363,0
2013-12-29 01:30:00,24.71949,-4.454861,2013,12,363,1
2013-12-29 02:00:00,24.2251,-4.336799,2013,12,363,2
2013-12-29 02:29:59,23.87863,-4.081884,2013,12,363,2
2013-12-29 03:00:00,23.74837,-4.159351,2013,12,363,3
2013-12-29 03:30:00,23.52626,-4.230768,2013,12,363,3
2013-12-29 03:59:59,23.23271,-3.858723,2013,12,363,3
2013-12-29 04:30:00,22.8291,-3.78246,2013,12,363,4
2013-12-29 05:00:00,22.35212,-1.875097,2013,12,363,5
2013-12-29 05:29:59,22.28887,19.54471,2013,12,363,5
2013-12-29 06:00:00,21.99499,70.46449,2013,12,363,6
2013-12-29 06:30:00,22.4735,141.1145,2013,12,363,6
2013-12-29 06:59:59,23.14158,291.2291,2013,12,363,6
2013-12-29 07:30:00,23.94493,441.9867,2013,12,363,7
2013-12-29 08:00:00,24.89128,316.6248,2013,12,363,8
2013-12-29 08:29:59,25.69691,550.6001,2013,12,363,8
2013-12-29 09:00:00,26.45236,357.0743,2013,12,363,9
2013-12-29 09:30:00,26.76807,285.2484,2013,12,363,9
2013-12-29 09:59:59,27.97788,646.9248,2013,12,363,9
2013-12-29 10:30:00,28.90466,473.3043,2013,12,363,10
2013-12-29 11:00:00,30.18495,497.3326,2013,12,363,11
2013-12-29 11:29:59,31.19702,735.0839,2013,12,363,11
2013-12-29 12:00:00,32.15364,955.7969,2013,12,363,12
2013-12-29 12:30:00,32.53134,1102.838,2013,12,363,12
2013-12-29 12:59:59,33.67318,1082.891,2013,12,363,12
2013-12-29 13:30:00,34.79224,1071.794,2013,12,363,13
2013-12-29 14:00:00,35.97435,992.1193,2013,12,363,14
2013-12-29 14:29:59,36.65445,930.1488,2013,12,363,14
2013-12-29 15:00:00,37.42701,857.0692,2013,12,363,15
2013-12-29 15:30:00,38.19363,771.8226,2013,12,363,15
2013-12-29 15:59:59,38.87058,677.4904,2013,12,363,15
2013-12-29 16:30:00,39.07745,441.5739,2013,12,363,16
2013-12-29 17:00:00,39.00204,175.4379,2013,12,363,17
2013-12-29 17:29:59,39.20815,127.114,2013,12,363,17
2013-12-29 18:00:00,38.49175,10.49192,2013,12,363,18
2013-12-29 18:30:00,28.58944,-6.820832,2013,12,363,18
2013-12-29 18:59:59,28.77272,2.301644,2013,12,363,18
2013-12-29 19:30:00,29.14459,-1.037106,2013,12,363,19
2013-12-29 20:00:00,29.96551,-1.622465,2013,12,363,20
2013-12-29 20:29:59,29.67341,-2.780632,2013,12,363,20
2013-12-29 21:00:00,30.12324,-2.31458,2013,12,363,21
2013-12-29 21:30:00,29.80824,-2.238526,2013,12,363,21
2013-12-29 21:59:59,29.56713,-1.983146,2013,12,363,21
2013-12-29 22:30:00,29.87188,-1.275566,2013,12,363,22
2013-12-29 23:00:00,30.09274,-2.644916,2013,12,363,23
2013-12-29 23:29:59,30.28298,-2.229733,2013,12,363,23
2013-12-30 00:00:00,30.53033,-3.794502,2013,12,364,0
2013-12-30 00:30:00,30.25089,-2.478962,2013,12,364,0
2013-12-30 00:59:59,29.75205,-2.064507,2013,12,364,0
2013-12-30 01:30:00,30.19818,-1.792483,2013,12,364,1
2013-12-30 02:00:00,30.01615,-3.399204,2013,12,364,2
2013-12-30 02:29:59,29.49559,-3.039033,2013,12,364,2
2013-12-30 03:00:00,29.87947,-1.585245,2013,12,364,3
2013-12-30 03:30:00,29.53441,-2.080308,2013,12,364,3
2013-12-30 03:59:59,29.091,-3.351812,2013,12,364,3
2013-12-30 04:30:00,28.49634,-3.312672,2013,12,364,4
2013-12-30 05:00:00,28.59016,-2.317301,2013,12,364,5
2013-12-30 05:29:59,28.35216,10.88654,2013,12,364,5
2013-12-30 06:00:00,28.57797,41.64594,2013,12,364,6
2013-12-30 06:30:00,29.04739,111.7474,2013,12,364,6
2013-12-30 06:59:59,29.73576,91.37753,2013,12,364,6
2013-12-30 07:30:00,29.76188,230.2615,2013,12,364,7
2013-12-30 08:00:00,30.55836,268.4356,2013,12,364,8
2013-12-30 08:29:59,31.53147,369.3907,2013,12,364,8
2013-12-30 09:00:00,32.22684,691.0198,2013,12,364,9
2013-12-30 09:30:00,32.62778,773.659,2013,12,364,9
2013-12-30 09:59:59,33.25155,668.7789,2013,12,364,9
2013-12-30 10:30:00,34.05776,683.0298,2013,12,364,10
2013-12-30 11:00:00,35.1208,796.4305,2013,12,364,11
2013-12-30 11:29:59,34.75969,334.7365,2013,12,364,11
2013-12-30 12:00:00,35.33739,239.5866,2013,12,364,12
2013-12-30 12:30:00,36.34108,498.2525,2013,12,364,12
2013-12-30 12:59:59,38.1106,926.0555,2013,12,364,12
2013-12-30 13:30:00,39.81581,1077.853,2013,12,364,13
2013-12-30 14:00:00,40.56944,728.8798,2013,12,364,14
2013-12-30 14:29:59,40.48014,382.7333,2013,12,364,14
2013-12-30 15:00:00,40.36067,491.3118,2013,12,364,15
2013-12-30 15:30:00,40.61749,401.0435,2013,12,364,15
2013-12-30 15:59:59,39.98903,251.3987,2013,12,364,15
2013-12-30 16:30:00,38.36646,126.0234,2013,12,364,16
2013-12-30 17:00:00,37.45239,146.3787,2013,12,364,17
2013-12-30 17:29:59,37.76725,65.11914,2013,12,364,17
2013-12-30 18:00:00,38.81762,53.84791,2013,12,364,18
2013-12-30 18:30:00,38.1156,43.18782,2013,12,364,18
2013-12-30 18:59:59,37.07183,9.620378,2013,12,364,18
2013-12-30 19:30:00,34.86087,-2.501705,2013,12,364,19
2013-12-30 20:00:00,35.05843,-3.359227,2013,12,364,20
2013-12-30 20:29:59,34.89759,-3.03143,2013,12,364,20
2013-12-30 21:00:00,34.7839,-2.699681,2013,12,364,21
2013-12-30 21:30:00,34.4222,-2.705877,2013,12,364,21
2013-12-30 21:59:59,33.37616,-2.994884,2013,12,364,21
2013-12-30 22:30:00,32.85056,-2.873241,2013,12,364,22
2013-12-30 23:00:00,32.76193,-2.964445,2013,12,364,23
2013-12-30 23:29:59,32.39659,-3.004372,2013,12,364,23
2013-12-31 00:00:00,32.41707,-2.921517,2013,12,365,0
2013-12-31 00:30:00,31.93614,-2.92591,2013,12,365,0
2013-12-31 00:59:59,31.50333,-2.178086,2013,12,365,0
2013-12-31 01:30:00,31.35585,-2.430589,2013,12,365,1
2013-12-31 02:00:00,31.06949,-2.476249,2013,12,365,2
2013-12-31 02:29:59,30.5805,-3.641004,2013,12,365,2
2013-12-31 03:00:00,29.86221,-2.793752,2013,12,365,3
2013-12-31 03:30:00,29.65452,-2.270735,2013,12,365,3
2013-12-31 03:59:59,29.25248,-3.899451,2013,12,365,3
2013-12-31 04:30:00,28.4657,-3.603953,2013,12,365,4
2013-12-31 05:00:00,27.96428,-2.390622,2013,12,365,5
2013-12-31 05:29:59,27.78144,8.859757,2013,12,365,5
2013-12-31 06:00:00,28.12964,68.7016,2013,12,365,6
2013-12-31 06:30:00,28.82599,122.6472,2013,12,365,6
2013-12-31 06:59:59,30.48103,275.3182,2013,12,365,6
2013-12-31 07:30:00,31.87363,426.1231,2013,12,365,7
2013-12-31 08:00:00,32.17728,338.6342,2013,12,365,8
2013-12-31 08:29:59,33.41222,411.6007,2013,12,365,8
2013-12-31 09:00:00,33.94865,464.903,2013,12,365,9
2013-12-31 09:30:00,34.43145,552.7808,2013,12,365,9
2013-12-31 09:59:59,34.56172,398.7163,2013,12,365,9
2013-12-31 10:30:00,34.38183,323.5487,2013,12,365,10
2013-12-31 11:00:00,34.34311,388.2417,2013,12,365,11
2013-12-31 11:29:59,34.63227,337.2609,2013,12,365,11
2013-12-31 12:00:00,34.81735,412.7261,2013,12,365,12
2013-12-31 12:30:00,35.05079,519.1899,2013,12,365,12
2013-12-31 12:59:59,35.28099,313.4961,2013,12,365,12
2013-12-31 13:30:00,35.23845,452.7634,2013,12,365,13
2013-12-31 14:00:00,35.30225,488.7938,2013,12,365,14
2013-12-31 14:29:59,35.64593,750.7949,2013,12,365,14
2013-12-31 15:00:00,36.20957,567.2942,2013,12,365,15
2013-12-31 15:30:00,36.09306,173.1547,2013,12,365,15
2013-12-31 15:59:59,35.79598,131.2295,2013,12,365,15
2013-12-31 16:30:00,35.05868,100.0568,2013,12,365,16
2013-12-31 17:00:00,30.90844,41.65318,2013,12,365,17
2013-12-31 17:29:59,30.20243,57.41203,2013,12,365,17
2013-12-31 18:00:00,29.65756,25.16535,2013,12,365,18
2013-12-31 18:30:00,27.41864,11.85132,2013,12,365,18
2013-12-31 18:59:59,25.63969,1.206805,2013,12,365,18
2013-12-31 19:30:00,24.97597,0.6065964,2013,12,365,19
2013-12-31 20:00:00,24.46537,0.9052492,2013,12,365,20
2013-12-31 20:29:59,24.77339,2.460335,2013,12,365,20
2013-12-31 21:00:00,25.00925,2.047933,2013,12,365,21
2013-12-31 21:30:00,25.19906,1.424277,2013,12,365,21
2013-12-31 21:59:59,24.57224,-2.475502,2013,12,365,21
2013-12-31 22:30:00,23.26761,-1.222439,2013,12,365,22
2013-12-31 23:00:00,23.3268,-0.5793012,2013,12,365,23
2013-12-31 23:29:59,23.00537,-0.647644,2013,12,365,23
2014-01-01 00:00:00,22.99072,-0.7630398,2014,1,1,0
